sigmaX_fidelity_import_paras.py
Current Mountain Time: 2024-12-20 18:18:01.629753-07:00
n_job= 570 , n_cpu= 50
drive_phi= True ; drive_theta =  False ; DRAG = 0
para_tot =
[19.00623, 0.248493, 0.216342, 0.446771, 0.482078] ,
[29.548086, 0.21911, 0.197031, 0.396681, 0.414846] ,
[40.141878, 0.212774, 0.163809, 0.382631, 0.397143] ,
[49.968364, 0.21394, 0.152888, 0.355466, 0.375973] ,
[60.002304, 0.213692, 0.143295, 0.35721, 0.376591] ,
[70.126289, 0.215227, 0.134547, 0.34898, 0.371879] ,
[80.021881, 0.221393, 0.121476, 0.346693, 0.375188] ,
[90.292422, 0.215877, 0.118339, 0.344084, 0.368744] ,
[100.02177, 0.20378, 0.113027, 0.343598, 0.3569] ,
[110.097338, 0.204955, 0.108112, 0.342285, 0.356904] ,
[120.7903, 0.206081, 0.104591, 0.340124, 0.35662] ,
[130.894161, 0.207009, 0.101125, 0.338412, 0.356524] ,
[140.077366, 0.207119, 0.09866, 0.338056, 0.356764] ,
[150.425935, 0.207456, 0.094651, 0.339048, 0.357853] ,
[159.936512, 0.211394, 0.093445, 0.334238, 0.360446] ,
[169.931574, 0.205527, 0.090469, 0.335435, 0.354256] ,
[180.06197, 0.203381, 0.086796, 0.338764, 0.353566] ,
[189.952779, 0.206865, 0.085337, 0.330766, 0.353514] ,
[200.79232, 0.209731, 0.082311, 0.331483, 0.357393] ,

truc1_a= 300 ; truc1_b= 300
log of gate error (truc=300) = 
fidelity=
-0.5480401, -0.6728601, -0.77256596, -1.11328614 ,
-1.34345521, -1.57821601, -1.62516542, -1.65216837 ,
-1.76722751, -1.84499704, -2.02135056, -1.95997496 ,
-2.10162104, -2.1737414, -2.49066392, -2.43980362 ,
-2.56593641, -2.70904585, -2.54755593 ,
leakage_error=
0.26979764, 0.19477552, 0.15808094, 0.05848223 ,
0.04310577, 0.02598701, 0.02331423, 0.02192492 ,
0.01626642, 0.01399647, 0.00944966, 0.0107493 ,
0.00786211, 0.00664846, 0.00322691, 0.00360591 ,
0.00268659, 0.00191312, 0.00279736 ,
Current Mountain Time: 2024-12-20 18:19:21.462556-07:00
1853.00user 206.43system 1:22.30elapsed 2502%CPU (0avgtext+0avgdata 419012maxresident)k
0inputs+16outputs (51718major+21485910minor)pagefaults 0swaps
