[Parallel(n_jobs=16)]: Using backend LokyBackend with 16 concurrent workers.
sigmaX_fidelity_import_paras.py
Current Mountain Time: 2024-11-06 22:40:10.568984-07:00
truc1= 500 , n_job= 16 , n_cpu= 8
drive_phi= False ; drive_theta =  True
num of truncation = 256
0, 1, 2, 4, 5, 7, 8, 11, 12, 16 ,
17, 18, 21, 23, 25, 27, 30, 31, 32, 33 ,
37, 38, 40, 41, 42, 45, 46, 47, 48, 51 ,
52, 56, 59, 62, 63, 64, 65, 67, 72, 73 ,
74, 76, 78, 79, 82, 83, 85, 87, 88, 90 ,
92, 93, 96, 97, 98, 102, 103, 106, 107, 112 ,
114, 118, 119, 120, 121, 122, 123, 124, 127, 128 ,
131, 132, 133, 134, 137, 138, 142, 143, 150, 151 ,
154, 155, 156, 157, 158, 161, 162, 163, 166, 170 ,
171, 174, 175, 176, 177, 179, 180, 186, 187, 188 ,
191, 192, 195, 196, 199, 202, 203, 206, 207, 208 ,
210, 213, 214, 218, 219, 220, 221, 222, 225, 226 ,
230, 231, 232, 236, 237, 238, 242, 243, 246, 247 ,
248, 251, 252, 258, 259, 260, 262, 263, 264, 270 ,
271, 274, 275, 276, 278, 281, 283, 284, 285, 288 ,
289, 290, 292, 296, 297, 298, 299, 300, 302, 303 ,
307, 308, 312, 313, 314, 315, 324, 325, 326, 327 ,
328, 331, 332, 337, 338, 339, 340, 345, 346, 347 ,
348, 350, 351, 354, 355, 358, 359, 364, 365, 366 ,
367, 372, 373, 374, 375, 376, 377, 378, 381, 384 ,
385, 388, 389, 390, 398, 399, 400, 401, 407, 408 ,
410, 411, 413, 414, 418, 419, 420, 425, 426, 427 ,
428, 431, 432, 433, 436, 437, 438, 439, 442, 446 ,
447, 450, 451, 452, 453, 454, 455, 459, 460, 461 ,
462, 467, 468, 470, 473, 474, 477, 478, 484, 490 ,
491, 492, 493, 494, 497, 498 ,
[Parallel(n_jobs=16)]: Done   2 out of  16 | elapsed: 210.8min remaining: 1475.4min
[Parallel(n_jobs=16)]: Done  16 out of  16 | elapsed: 271.5min finished

log of gate error = 
-1.24063012, -0.79042744, -1.6513146, -1.05287572 ,
-1.11562688, -1.49802633, -0.73586673, -1.74262958 ,
-1.24706985, -1.65391428, -1.27042834, -1.00781399 ,
-2.52275147, -2.05238106, -2.25611194, -2.63881815 ,

fidelity = 
0.94253944, 0.83797853, 0.97768045, 0.91146311 ,
0.92337453, 0.96823319, 0.8162898, 0.98191284 ,
0.94338518, 0.97781366, 0.94634976, 0.90178315 ,
0.99699912, 0.99113622, 0.99445517, 0.99770289 ,
Current Mountain Time: 2024-11-07 03:12:04.535269-07:00
1126471.86user 14258.82system 4:32:29elapsed 6977%CPU (0avgtext+0avgdata 142737476maxresident)k
0inputs+24outputs (2536major+1307785294minor)pagefaults 0swaps
