Single Qubit Data Summary:
scqubits version: 4.3.1
First 10 Eigenvalues (GHz): [ 6.07415297  8.42590983  9.43019981  9.46780148 10.6010345  11.61974936
 11.75117466 12.60815328 13.38870836 13.78939479]
hspace theta size: 507
hspace phi size: 1000
hspace mixed size: 1000
n_theta matrix elements for bottom 10 states (GHz):
 [[ 0.    -1.263  0.    -0.    -0.    -0.024  0.    -0.054  0.     0.   ]
 [-1.263 -0.     0.063 -0.     1.711 -0.     0.    -0.    -0.156 -0.   ]
 [ 0.     0.063 -0.    -0.    -0.    -1.185  0.     0.303  0.    -0.   ]
 [-0.    -0.    -0.     0.    -0.    -0.    -1.244 -0.     0.    -0.   ]
 [-0.     1.711 -0.    -0.     0.     0.652 -0.     1.84   0.     0.   ]
 [-0.024 -0.    -1.185 -0.     0.652  0.    -0.    -0.     1.101  0.   ]
 [ 0.     0.     0.    -1.244 -0.    -0.    -0.    -0.    -0.     1.644]
 [-0.054 -0.     0.303 -0.     1.84  -0.    -0.     0.    -1.987 -0.   ]
 [ 0.    -0.156  0.     0.     0.     1.101 -0.    -1.987 -0.     0.   ]
 [ 0.    -0.    -0.    -0.     0.     0.     1.644 -0.     0.     0.   ]]
