tg,drive_amp,detune,f_300_1000_True
20.04086,0.020382,0.010145,-0.29236217
21.061542,0.018972,0.010127,-0.29755601
22.045118,0.018391,0.010238,-0.30270809
23.096864,0.04495,0.018141,-0.3847899
24.095409,0.044896,0.02054,-0.42888159
25.086178,0.044988,0.023088,-0.49342043
26.098106,0.044966,0.024699,-0.57343839
27.099366,0.044974,0.025848,-0.66008974
28.083072,0.044797,0.026937,-0.73705105
29.093358,0.044196,0.02751,-0.79149024
30.050055,0.042896,0.028728,-0.82080335
31.092363,0.04181,0.029066,-0.84220872
32.037041,0.040619,0.029897,-0.85287957
33.091038,0.03947,0.03033,-0.86008866
34.083258,0.038499,0.03096,-0.86300003
35.065595,0.037388,0.031446,-0.86284198
36.031132,0.036025,0.030871,-0.86461577
36.929648,0.034935,0.030847,-0.86734799
38.040493,0.033867,0.030922,-0.87096211
39.027167,0.032508,0.030337,-0.87763486
40.028463,0.031573,0.030516,-0.88158051
41.08563,0.030338,0.029939,-0.88696616
42.019843,0.029298,0.029281,-0.89038683
43.067774,0.028525,0.029387,-0.89276641
44.027144,0.027548,0.028865,-0.89470564
45.046907,0.026781,0.028811,-0.89554759
46.035207,0.025857,0.02809,-0.89568086
47.036468,0.025132,0.027686,-0.8951556
48.014316,0.02453,0.027741,-0.89425149
49.084018,0.023794,0.027558,-0.89215914
50.068813,0.023237,0.027131,-0.88942384
50.934509,0.022718,0.026834,-0.88661619
52.095302,0.037344,0.026121,-0.90986674
53.081824,0.036353,0.026541,-0.94765669
54.087263,0.035636,0.026511,-0.98744231
55.033137,0.034889,0.026668,-1.02402768
56.085257,0.034177,0.026727,-1.06463768
57.033335,0.033441,0.026692,-1.10154167
58.039369,0.032705,0.026604,-1.1411848
59.078408,0.032004,0.026694,-1.18240452
60.099753,0.031284,0.026689,-1.22419773
61.047357,0.030595,0.026495,-1.26307835
62.044966,0.030106,0.026755,-1.30450381
63.008615,0.029532,0.026946,-1.3440404
64.021621,0.028667,0.026551,-1.38939501
65.04302,0.028058,0.026858,-1.43221544
66.022109,0.027563,0.026705,-1.47829521
67.027695,0.026986,0.026572,-1.52494323
68.030227,0.0264,0.026588,-1.57399971
69.029107,0.025841,0.026608,-1.62395477
70.049033,0.025335,0.026644,-1.67736587
71.044385,0.024842,0.026691,-1.73082641
72.046846,0.024364,0.026565,-1.78798327
73.044702,0.023822,0.0265,-1.84729137
74.046742,0.023287,0.026334,-1.90852335
75.004434,0.022872,0.026373,-1.97101806
76.054156,0.022434,0.026211,-2.04477556
77.096412,0.021936,0.026209,-2.12655191
78.09539,0.021561,0.026137,-2.21104567
79.090017,0.021146,0.02611,-2.30256216
80.066409,0.020755,0.026077,-2.39830558
81.087884,0.020315,0.025914,-2.50302533
82.096781,0.019967,0.025793,-2.61094306
83.062961,0.019629,0.02581,-2.72682447
84.083803,0.019258,0.025771,-2.84931792
85.030813,0.018978,0.025727,-2.95118625
86.096915,0.0186,0.025627,-3.03756894
87.015579,0.018312,0.025554,-3.05671044
87.909058,0.018062,0.025458,-3.02379928
88.91043,0.017742,0.025358,-2.93930717
89.908419,0.01747,0.025175,-2.83114599
90.939939,0.017242,0.025148,-2.72049188
91.94988,0.016916,0.025071,-2.61914113
93.002217,0.016678,0.024952,-2.52605857
93.902338,0.016426,0.024712,-2.44085507
94.938499,0.016262,0.024667,-2.37772853
95.91528,0.016025,0.024463,-2.31637687
96.931853,0.015798,0.024168,-2.25489314
97.929516,0.015551,0.023813,-2.21239315
99.046538,0.015368,0.023491,-2.18283307
99.910128,0.015221,0.023232,-2.17318149
100.962476,0.015001,0.022815,-2.16496193
102.056984,0.014838,0.022471,-2.17719414
103.081756,0.014647,0.021971,-2.19765008
104.0629,0.014504,0.021787,-2.2291423
105.049856,0.014364,0.021594,-2.26857211
106.066168,0.014248,0.021321,-2.31628344
107.064199,0.014043,0.021214,-2.37019836
108.089868,0.01393,0.020902,-2.43541747
109.089025,0.013769,0.020875,-2.50833387
110.007451,0.013628,0.020692,-2.57857581
111.025833,0.013512,0.020689,-2.65846829
112.095834,0.013342,0.020549,-2.74981237
113.076351,0.013228,0.020472,-2.83046265
114.090124,0.013063,0.020303,-2.92227414
115.052601,0.012913,0.020109,-2.99736158
116.082672,0.012811,0.020111,-3.07588303
117.030491,0.012688,0.019947,-3.13183264
118.089421,0.012554,0.019843,-3.1616982
118.95485,0.012453,0.01979,-3.16752892
119.921644,0.012343,0.019647,-3.17046557
121.007779,0.012199,0.019545,-3.14553006
121.918164,0.012092,0.019372,-3.10307552
122.961579,0.011983,0.019272,-3.07378213
123.935493,0.011861,0.019084,-3.04882838
124.958919,0.011768,0.018976,-3.0287763
125.90857,0.011659,0.018825,-3.01356203
127.009247,0.011535,0.01868,-3.00118798
127.983086,0.011416,0.018489,-2.99815915
129.07161,0.011328,0.01838,-3.01125628
130.085814,0.011217,0.018243,-3.02830293
130.987409,0.011129,0.01812,-3.05100783
132.073895,0.011021,0.017919,-3.08598573
133.043996,0.010912,0.017816,-3.11043589
134.045327,0.010845,0.017713,-3.15671052
134.951928,0.010752,0.017603,-3.18749319
136.083149,0.010661,0.017524,-3.22390557
137.086579,0.01057,0.017383,-3.26474267
138.083554,0.010479,0.017253,-3.30213726
138.966669,0.010399,0.017181,-3.32001398
140.01874,0.010322,0.017078,-3.34672959
141.04181,0.010227,0.016935,-3.35553152
142.011209,0.010154,0.016861,-3.35314552
142.966892,0.010081,0.016738,-3.35644286
144.036679,0.010001,0.016617,-3.35453909
145.018103,0.009931,0.016541,-3.34891834
146.026116,0.009837,0.016406,-3.34615332
146.98614,0.009772,0.016303,-3.34893851
148.008545,0.009697,0.01619,-3.35189702
148.989487,0.009604,0.016063,-3.36495856
150.047226,0.009538,0.015974,-3.36034954
150.996676,0.00948,0.015894,-3.39288739
151.989666,0.009403,0.015775,-3.39892641
152.99957,0.009333,0.015682,-3.42738632
154.040126,0.00927,0.015566,-3.47471751
155.021505,0.009189,0.015455,-3.50119947
156.010754,0.009132,0.015368,-3.54827295
157.002288,0.009066,0.015277,-3.58372028
158.041956,0.009003,0.015175,-3.63308152
159.047629,0.008939,0.015104,-3.6664697
160.032761,0.008881,0.015014,-3.71738155
161.018786,0.008814,0.014909,-3.75716155
162.040978,0.00875,0.014828,-3.77849586
162.962765,0.008699,0.014731,-3.82037517
164.008911,0.008636,0.014649,-3.83039036
164.962848,0.008576,0.014555,-3.83543587
165.979751,0.008521,0.014483,-3.84479605
167.007842,0.008466,0.014397,-3.86608654
168.04714,0.008404,0.014303,-3.88059116
169.038815,0.008352,0.014224,-3.90503394
170.026627,0.008296,0.01413,-3.92704632
171.002465,0.008243,0.01405,-3.94318513
171.994903,0.00819,0.01397,-3.9587027
172.993537,0.00814,0.013908,-3.97251022
173.998768,0.008086,0.013824,-4.00630141
175.000433,0.008033,0.013741,-4.05022742
175.997167,0.00798,0.013643,-4.10712057
177.004051,0.007933,0.013582,-4.14825496
177.995843,0.007883,0.013502,-4.18816918
179.000104,0.007836,0.013431,-4.21962502
179.998304,0.007785,0.013358,-4.21610112
181.009723,0.007738,0.013283,-4.24138531
182.000542,0.007692,0.013224,-4.23225983
183.003554,0.007645,0.013143,-4.2578191
184.001514,0.007599,0.013075,-4.25589024
185.002419,0.007555,0.013008,-4.23900152
185.9973,0.007508,0.012934,-4.20197121
187.007428,0.007467,0.012864,-4.19851253
187.994814,0.007422,0.012795,-4.16953107
188.995398,0.00738,0.012733,-4.1519742
189.99448,0.007336,0.012671,-4.1185183
191.00361,0.007296,0.012611,-4.10825205
192.006705,0.007253,0.012553,-4.06853905
192.994733,0.00721,0.012477,-4.06014562
194.002917,0.007169,0.012408,-4.04234358
194.99981,0.007132,0.012352,-4.02567352
196.002503,0.007091,0.012286,-4.00293813
197.00513,0.007048,0.012224,-3.96816047
198.009321,0.007014,0.012163,-3.96904921
199.000188,0.006974,0.012112,-3.93021988
200.001076,0.006936,0.012052,-3.90319706
