tg,0-2,1-2,0-5,other
0.0,1.0,0.0,0.0,0.0
0.1842631162324649,0.9999999900089055,4.584810645038472e-10,9.386129417625208e-09,1.4648409134386731e-10
0.3685262324649298,0.9999998582243096,6.716092465044997e-09,1.3369775472442262e-07,1.3618432646671079e-09
0.5527893486973947,0.9999992779031883,3.426892079304938e-08,6.828218820959041e-07,5.006008852927364e-09
0.7370524649298597,0.9999976532795408,1.114176089561787e-07,2.2248792845091154e-06,1.042356600780887e-08
0.9213155811623246,0.9999940941949748,2.8217998599687594e-07,5.608763849970044e-06,1.4861189360094831e-08
1.1055786973947894,0.9999874593091859,6.091770070121733e-07,1.1915291222777386e-05,1.622258450298372e-08
1.2898418136272545,0.9999765022094294,1.1756412838140168e-06,2.2306887076737803e-05,1.526221003653338e-08
1.4741049298597193,0.9999601121593007,2.085788389244112e-06,3.7785535042537664e-05,1.6517267253510533e-08
1.6583680460921841,0.9999375987138879,3.4630837310956447e-06,5.891356157194146e-05,2.464080908607388e-08
1.8426311623246492,0.9999089319353596,5.4463904281450845e-06,8.558241328800924e-05,3.926092398549916e-08
2.0268942785571142,0.9998748443873624,8.184518043633517e-06,0.00011691569354593542,5.5401047984421565e-08
2.211157394789579,0.9998367411053424,1.1830205513613543e-05,0.0001513600233391584,6.866580482333503e-08
2.395420511022044,0.9997964252145973,1.6534950513493453e-05,0.00018695985361446166,7.998127448342289e-08
2.579683627254509,0.9997557070001099,2.2446241989389815e-05,0.00022175002567956361,9.673222109978027e-08
2.7639467434869736,0.9997160071976584,2.9708594547602632e-05,0.0002541560429835484,1.2816481023372533e-07
2.9482098597194386,0.9996780712630094,3.846930528396899e-05,0.00028328468515628465,1.7474655020061065e-07
3.1324729759519037,0.999641862654915,4.888915351775234e-05,0.00030902220250424286,2.2598906292031153e-07
3.3167360921843683,0.999606652779908,6.115702251985361e-05,0.00033192042357392613,2.697739983343163e-07
3.5009992084168333,0.9995712644124245,7.550716233614247e-05,0.0003529289468667385,2.9947837284251456e-07
3.6852623246492984,0.9995343644267604,9.223608800810264e-05,0.0003730784242948854,3.2106093683895686e-07
3.869525440881763,0.9994946962586904,0.00011171620936462773,0.00039323764531767446,3.4988662761829097e-07
4.0537885571142285,0.9994511708658443,0.00013440298428675477,0.00041403159111143674,3.945587575123427e-07
4.238051673346693,0.9994027759256336,0.00016083289069685722,0.00043593931100811476,4.5187266128635267e-07
4.422314789579158,0.9993483663363002,0.0001916105445381604,0.0004595129999134364,5.101192480354085e-07
4.606577905811623,0.999286451169158,0.00022738476727908314,0.0004856039575024946,5.601060603480434e-07
4.790841022044088,0.9992151019701856,0.00026881522954827686,0.0005154711679913449,6.116322749907562e-07
4.975104138276553,0.999132086552914,0.00031653310276211026,0.0005506908002570445,6.895440667476099e-07
5.159367254509018,0.9990352156054996,0.0003711007901377111,0.0005928665634616476,8.170409009821121e-07
5.343630370741482,0.9989227893613962,0.000432976863386278,0.0006432306201297935,1.0031550875819993e-06
5.527893486973947,0.9987939832864523,0.0005024926009748842,0.0007022864045005662,1.2377080724442267e-06
5.712156603206412,0.9986490002908688,0.0005798459661965173,0.0007696507253779114,1.5030175566351428e-06
5.896419719438877,0.9984888931288163,0.0006651172271501959,0.0008441943362095847,1.7953078241326062e-06
6.080682835671342,0.998315085618682,0.0007583079365828493,0.0009244740131941754,2.1324315409589634e-06
6.264945951903807,0.9981287271658603,0.0008594027339040752,0.0010093327394040707,2.537360831389156e-06
6.449209068136272,0.9979300809572988,0.0009684444656559627,0.0010984537053704215,3.020871674680577e-06
6.6334721843687365,0.9977181493862917,0.0010856230687773991,0.0011926523137740612,3.5752311570093046e-06
6.817735300601202,0.9974907260382476,0.0012113588328045806,0.001293737144636226,4.177984311510961e-06
7.001998416833667,0.9972448855520541,0.0013463719485831108,0.001403918915086825,4.823584276014964e-06
7.186261533066132,0.9969778306230542,0.001491725395239294,0.0015248988230131704,5.545158693411047e-06
7.370524649298597,0.9966878706012989,0.0016488311326427103,0.0016568978707350924,6.400395323397666e-06
7.554787765531062,0.996375193742674,0.0018194130140868807,0.0017979398988492087,7.453344389828176e-06
7.739050881763526,0.9960421742852303,0.002005424934218341,0.0019436522193273336,8.748561224077245e-06
7.923313997995991,0.9956930618759725,0.002208928774639143,0.0020877078268559165,1.0301522532330956e-05
8.107577114228457,0.995333086883561,0.0024319426770791014,0.0022228448367292565,1.2125602630933153e-05
8.29184023046092,0.9949672494432364,0.0026762755223395177,0.002342224307489056,1.4250726934976328e-05
8.476103346693385,0.9945991231688363,0.002943367147284254,0.0024407852368158478,1.672444706357211e-05
8.66036646292585,0.9942299918320715,0.0032341555623985542,0.0025162607527929857,1.95918527370965e-05
8.844629579158315,0.9938585190610993,0.003548991180479813,0.002569630467075263,2.2859291345463884e-05
9.02889269539078,0.9934809360638166,0.003887615078390059,0.0026049635318428676,2.6485325950568187e-05
9.213155811623245,0.9930915914201559,0.004249211835011174,0.002628788858696538,3.0407886136472528e-05
9.39741892785571,0.9926836252679155,0.004632539970096114,0.0026492486804382334,3.4586081549964424e-05
9.581682044088176,0.9922495293866493,0.0050361337475833545,0.002675307919643379,3.9028946123924675e-05
9.76594516032064,0.9917814384656558,0.005458560870803935,0.0027162006066694657,4.380005687063761e-05
9.950208276553106,0.9912711639059005,0.005898710991164336,0.0027811323058983964,4.899279703687149e-05
10.13447139278557,0.9907101266221968,0.006356083106390651,0.002879092530359246,5.469774105314558e-05
10.318734509018036,0.990089412787984,0.00683103572404323,0.0030185310957536937,6.102039221905123e-05
10.5029976252505,0.989400253450514,0.007324962929032613,0.003206666345675026,6.811727477856484e-05
10.687260741482964,0.9886350943049383,0.007840365013573112,0.00344832926140583,7.621142008263278e-05
10.87152385771543,0.9877891459797727,0.008380792587345691,0.003744465155544174,8.559627733744499e-05
11.055786973947894,0.9868621268517102,0.008950656357689872,0.004090638157442999,9.657863315705018e-05
11.24005009018036,0.98585955631719,0.00955498445052136,0.004476057065841713,0.00010940216644667638
11.424313206412824,0.9847936757914877,0.010198721803840223,0.004883393535100876,0.00012420886957127949
11.60857632264529,0.983682062468933,0.010886687855103456,0.005290205328223392,0.00014104434774006897
11.792839438877754,0.9825460300602139,0.011622818747520138,0.005671280988656478,0.00015987020360939456
11.97710255511022,0.9814075312417958,0.012409813567587235,0.006002068969475203,0.00018058622114147066
12.161365671342685,0.9802858024554129,0.013248813271723123,0.006262371150646049,0.00020301312221824447
12.34562878757515,0.9791943052735206,0.01413922688917165,0.006439595343251018,0.00022687249405667915
12.529891903807615,0.9781385606761519,0.015078734451125368,0.006530905195377162,0.0002517996773454855
12.71415502004008,0.9771152329627657,0.016063481523518948,0.006543861485239118,0.00027742402847615434
12.898418136272545,0.9761125316455974,0.017088461803633093,0.006495507240930232,0.0003034993098394378
13.082681252505008,0.9751117135385113,0.01814806397041666,0.0064101967076079245,0.000330025783464065
13.266944368737473,0.974089254842743,0.019236741430889975,0.006316697788054269,0.00035730593831272806
13.451207484969938,0.9730191967640626,0.020349743328517772,0.006245149021989529,0.00038591088543011583
13.635470601202403,0.9718752135781966,0.021483833324890712,0.006224331506289315,0.0004166215906233311
13.819733717434868,0.9706322544214386,0.022637908266125783,0.006279478204571535,0.00045035910786419333
14.003996833667333,0.9692678557720038,0.023813430600666714,0.006430589756261764,0.00048812387106743913
14.188259949899798,0.9677633683023786,0.02501460103044711,0.006691060965858805,0.0005309697013153512
14.372523066132263,0.9661054550277964,0.026248221098056274,0.007066412231208093,0.0005799116429394521
14.556786182364728,0.9642879315197853,0.0275232295906366,0.007553064134192465,0.0006357747553856273
14.741049298597193,0.9623136637251241,0.028849942706926465,0.008137338579251679,0.0006990549886979106
14.925312414829659,0.9601960439823589,0.030239066977076928,0.00879510164053433,0.0007697874000299697
15.109575531062124,0.9579593422957827,0.03170059040671938,0.009492559735412838,0.0008475075620848895
15.293838647294589,0.9556373935892302,0.033242675538272884,0.010188613521288857,0.0009313173512079802
15.478101763527052,0.9532704776446765,0.03487068199852647,0.010838863834709039,0.001019976522088157
15.662364879759517,0.9509006309086504,0.03658643284493375,0.01140092806802286,0.0011120081783928715
15.846627995991982,0.9485660727574488,0.03838780861663724,0.011840295452796345,0.0012058231731175764
16.03089111222445,0.94629570650871,0.04026872424732166,0.012135664023645142,0.0012999052203228948
16.215154228456914,0.9441047390937983,0.04221950891084984,0.012282671838864345,0.0013930801564875847
16.39941734468938,0.9419922805303282,0.04422767638412427,0.012295193311187419,0.0014848497743599177
16.58368046092184,0.9399414035906042,0.04627903886464452,0.012203854363816389,0.0015757031809350468
16.767943577154306,0.9379216343631918,0.04835908998302818,0.012052012997341552,0.0016672626564387684
16.95220669338677,0.935893237947846,0.05045455307055869,0.01188998696696439,0.0017622220146308004
17.136469809619236,0.9338123715614587,0.05255494021415,0.01176862224246725,0.0018640659819239326
17.3207329258517,0.9316360618289568,0.05465396146931105,0.011733323607280978,0.001976653094451336
17.504996042084166,0.9293261870523326,0.056750597946076495,0.01181941789051473,0.002103797111075999
17.68925915831663,0.9268522251158942,0.05884966445164358,0.012049284493265406,0.0022488259391967697
17.873522274549096,0.9241928840404718,0.060961739555646655,0.012431212487207004,0.002414163916674604
18.05778539078156,0.9213370076789035,0.06310240437606926,0.012959606453577794,0.0026009814914496323
18.242048507014026,0.9182842433819997,0.06529082054067543,0.01361605627180955,0.002808879805515206
18.42631162324649,0.9150455532371709,0.06754778007874293,0.014370905327906525,0.003035761356179829
18.610574739478956,0.9116433891816296,0.06989342776684297,0.015185219079531607,0.00327796397199584
18.79483785571142,0.9081111500787408,0.07234492301833098,0.01601332708390253,0.003530599819025732
18.979100971943886,0.9044913698299066,0.0749143080289491,0.016806238681182174,0.0037880834599620917
19.16336408817635,0.9008323043282775,0.07760681398091676,0.01751612380755812,0.0040447578832473775
19.347627204408816,0.8971829658630276,0.0804197927525043,0.01810170797768811,0.004295533406780128
19.53189032064128,0.8935870599692329,0.08334240499460016,0.018533995912827513,0.004536539123339083
19.716153436873746,0.8900767533717435,0.08635610565501979,0.01880134070991235,0.004765800263324213
19.90041655310621,0.8866675159786852,0.08943592186038772,0.01891268257816539,0.004983879582761653
20.084679669338676,0.8833552927081625,0.09255245736401811,0.018897935626139964,0.005194314301679088
20.26894278557114,0.8801168209500803,0.09567448817617892,0.018804985891841437,0.00540370498189945
20.453205901803607,0.8769132992485431,0.0987719482830286,0.01869346334657305,0.005621289121855186
20.63746901803607,0.8736967170085554,0.10181906992426237,0.018626222482232432,0.005857990584949478
20.821732134268537,0.8704174490961541,0.10479734841685932,0.018660072390817132,0.0061251300961696195
21.005995250501,0.8670315599276727,0.10769797210902884,0.018837522120536476,0.006432945842761973
21.190258366733467,0.8635063636726995,0.11052339145075861,0.01918106917331539,0.00678917570322662
21.37452148296593,0.8598234339235904,0.11328773055807954,0.019690947887658978,0.0071978876306709105
21.558784599198393,0.8559791018195548,0.11601587063841723,0.02034643382212913,0.007658593719898898
21.74304771543086,0.8519829115265537,0.11874121190744852,0.02111002327292399,0.008165853293073906
21.927310831663323,0.8478549398938146,0.12150227137249767,0.02193331700332553,0.008709471730362442
22.11157394789579,0.8436229035822105,0.12433846453208444,0.022763337905840026,0.009275293979864783
22.295837064128254,0.8393195103216684,0.12728554296409317,0.023548292413130875,0.009846654301107543
22.48010018036072,0.834980236485112,0.13037119460646462,0.024242271010039528,0.010406297898383767
22.664363296593184,0.8306413445142706,0.13361132024645486,0.02480888109052274,0.010938454148751496
22.84862641282565,0.8263376442812979,0.13700739467855375,0.02522414551045061,0.011430815529697816
23.032889529058114,0.8220996035514652,0.14054520793993028,0.02547896972466556,0.011876218783938821
23.21715264529058,0.8179497920564605,0.14419517954702568,0.0255811553783086,0.012273873018205268
23.401415761523044,0.8138991059504812,0.14791428835887083,0.025556568605860606,0.012630037084787597
23.58567887775551,0.8099437040310169,0.1516494975710372,0.02544873753665102,0.012958060861295015
23.769941993987974,0.8060639084317553,0.15534243059525266,0.025316067711280806,0.013277593261711487
23.95420511022044,0.802226000374496,0.15893492883593863,0.025226206471780806,0.013612864317784476
24.138468226452904,0.7983871442274336,0.16237495452084366,0.025247738987647268,0.013990162264075505
24.32273134268537,0.7945028436411448,0.16562225464976355,0.025440191327597412,0.014434710381494433
24.506994458917834,0.7905354263529951,0.1686531576594538,0.02584403989642702,0.01496737609112393
24.6912575751503,0.7864615865891348,0.1714638892048811,0.02647280336962442,0.015601720836359807
24.875520691382764,0.7822773586270433,0.17407190891184918,0.027309063816115666,0.016341668644991803
25.05978380761523,0.7779993542161804,0.17651498020595469,0.028305492917587455,0.01718017266027759
25.244046923847694,0.7736621799521739,0.17884787689711865,0.029390875703127817,0.018099067447579456
25.42831004008016,0.7693128310900385,0.18113696494174375,0.03048002185224665,0.019070182115971338
25.612573156312624,0.7650033449648759,0.18345314504605953,0.03148564956669496,0.020057860422369605
25.79683627254509,0.7607833791713801,0.1858638798260405,0.03233003030869839,0.021022710693881248
25.98109938877755,0.7566941676464147,0.18842520189741946,0.03295448318088415,0.02192614727528178
26.165362505010016,0.7527645876501815,0.19117461006342032,0.033325577427280845,0.022735224859117262
26.34962562124248,0.7490095768788612,0.1941256682957403,0.03343774027094279,0.023427014554455734
26.533888737474946,0.7454304322876046,0.19726501004051328,0.03331270837937513,0.02399184929250676
26.71815185370741,0.7420160957520843,0.20055215653009886,0.032996716264753326,0.02443503145306379
26.902414969939876,0.7387446506938604,0.20392229123667688,0.03255621269228993,0.024776845377172705
27.08667808617234,0.735584735093574,0.20729185639231945,0.03207254738460061,0.025050861129505688
27.270941202404806,0.7324970981653747,0.21056647079149415,0.031635747524600154,0.025300683518530927
27.45520431863727,0.729437008891634,0.21365032525338035,0.03133720743077583,0.02557545842420952
27.639467434869736,0.7263580432796808,0.2164562659948881,0.03126115058309533,0.02592454014233587
27.8237305511022,0.723218026165513,0.2189151649780849,0.03147510886661454,0.02639169998978739
28.007993667334667,0.719986009831757,0.22098378796234291,0.032020391148538,0.027009811057362068
28.19225678356713,0.7166493743196057,0.22265015293676643,0.03290403081166658,0.027796441931961277
28.376519899799597,0.7132192085201778,0.22393575041388053,0.03409403742248527,0.028751003643456608
28.56078301603206,0.709732509794673,0.22489421838195878,0.03551956371013376,0.029853708113234824
28.745046132264527,0.7062501200113206,0.22560656284334898,0.03707682443773094,0.03106649270759944
28.929309248496992,0.7028503066118139,0.22617320323001258,0.03864043919156264,0.0323360509666109
29.113572364729457,0.6996189850207356,0.22670353710278734,0.040078671808804076,0.03359880606767298
29.297835480961922,0.6966381685599181,0.22730409834794754,0.04127017318990978,0.03478755990222465
29.482098597194387,0.6939747189026977,0.22806649460671136,0.04211950531078355,0.03583928117980742
29.666361713426852,0.6916709910658547,0.2290568032333202,0.04256903683269986,0.0367031688681252
29.850624829659317,0.6897418585836639,0.23030594924034645,0.04260534976158423,0.03734684241440528
30.034887945891782,0.6881710148974516,0.23180653182010863,0.04226044384692098,0.03776200943551866
30.219151062124247,0.6869163582159473,0.23351093308472076,0.041607177041727214,0.037965531657604565
30.403414178356712,0.6859156652023363,0.2353354590083598,0.04075086407495329,0.03799801171435085
30.587677294589177,0.6850940334506329,0.2371684378127487,0.03981826539616468,0.03791926334045364
30.77194041082164,0.6843714204276071,0.2388817363092258,0.038945354380908466,0.037801488882258656
30.956203527054104,0.6836696334591561,0.24034447663836067,0.03826488589950187,0.03772100400298108
31.14046664328657,0.6829186489495694,0.24143730803396327,0.03789449010238903,0.03774955291407823
31.324729759519034,0.6820625229062895,0.2420655254073803,0.037925732195864384,0.03794621949046591
31.5089928757515,0.681065111283548,0.24216960986021058,0.03841458423757951,0.03835069461866232
31.693255991983964,0.6799152328922936,0.24173196620148207,0.039374046206680974,0.038978754699543414
31.87751910821643,0.6786306012019752,0.24077917229291404,0.04076994829494352,0.03982027821016719
32.0617822244489,0.6772594419451472,0.23937963183547428,0.042521080446665666,0.04083984577271285
32.24604534068136,0.6758787188338443,0.23763681678271495,0.044504558790984076,0.04197990559245641
32.43030845691383,0.6745883607196304,0.23567882119824973,0.04656671607163074,0.043166102010488996
32.61457157314629,0.6735014599956726,0.23364521101430508,0.048538875408742285,0.044314453581279674
32.79883468937876,0.6727312317306329,0.2316723772378243,0.05025629233467737,0.04534009869686508
32.98309780561122,0.6723765774400887,0.22987892012899985,0.051577727274596884,0.04616677515631439
33.16736092184368,0.6725084532049264,0.22835259171654645,0.05240286419773315,0.0467360908807944
33.351624038076146,0.6731594635540983,0.22714023061719046,0.05268502557604598,0.04701528025266551
33.53588715430861,0.6743186540317232,0.22624197594000023,0.052437334703632654,0.04700203532464396
33.720150270541076,0.6759324187902546,0.2256105635689145,0.05173160452773554,0.04672541311309556
33.90441338677354,0.6779111861248831,0.22515596620127634,0.050690302890690965,0.046242544783149805
34.088676503006006,0.6801405130152999,0.22475509066652596,0.049472800554089064,0.04563159576408493
34.27293961923847,0.6824945165152564,0.22426556189104957,0.04825787120867588,0.044982050385018436
34.457202735470936,0.6848494410330708,0.22354189977915961,0.04722474972393076,0.04438390946383874
34.6414658517034,0.6870958395816388,0.22245212345720564,0.046534859112937484,0.04391717784821803
34.825728967935866,0.6891484285222503,0.2208927577555672,0.046315929670521686,0.04364288405166088
35.00999208416833,0.6909531978678187,0.21880031356832078,0.04664972174575973,0.04359676681810072
35.1942552004008,0.6924918288292787,0.2161580265256349,0.04756404526282996,0.043786099382256374
35.37851831663326,0.6937835047957152,0.21299725430157115,0.04902944986880747,0.04418979103390616
35.56278143286573,0.69488411111106,0.2093935501333432,0.050960796759842775,0.04476154199575399
35.74704454909819,0.6958826533834125,0.20545821478895332,0.05322382686743751,0.04543530496019661
35.93130766533066,0.6968945976590033,0.20132637517611646,0.055646663465687404,0.04613236369919246
36.11557078156312,0.6980519005624942,0.197142911743956,0.05803577446775636,0.046769413225793255
36.29983389779559,0.6994899205405105,0.1930477269243279,0.06019536531307044,0.047266987222091064
36.48409701402805,0.7013320498046234,0.1891616637227058,0.06194850432574388,0.047557782146926894
36.66836013026052,0.7036737501307909,0.1855744249025709,0.06315759166468116,0.047594233301957195
36.85262324649298,0.7065684118154376,0.18233571007432325,0.0637415071280892,0.0473543709821498
37.03688636272545,0.7100175674141889,0.1794504354128944,0.06368698899542677,0.04684500817748992
37.22114947895791,0.7139676891434787,0.17687862668353982,0.06305230869791456,0.04610137547506694
37.40541259519038,0.718314606394227,0.17454023244907252,0.06196223331368491,0.04518292784301564
37.58967571142284,0.722915154704768,0.1723244908199279,0.06059456838929223,0.044165786086011925
37.77393882765531,0.727604150036862,0.17010293609233382,0.05915983340813375,0.043133080462670274
37.95820194388777,0.7322135841330554,0.16774484323506808,0.057876782959035346,0.04216478967284126
38.14246506012024,0.7365932977755412,0.1651321786411345,0.056946857642950585,0.041327665940373605
38.3267281763527,0.7406248691439965,0.16217446109964373,0.05653185000306979,0.04066881975329014
38.51099129258517,0.744234458530509,0.15881847345973416,0.056736394645427596,0.040210673364329236
38.69525440881763,0.7473982251994067,0.1550539426776433,0.05759785940211039,0.03994997272083924
38.8795175250501,0.7501426014159389,0.15091365387488614,0.05908379322576142,0.039859951483413605
39.06378064128256,0.7525399360691762,0.1464685125775409,0.061096499352712,0.03989505200057057
39.24804375751503,0.7547005514639774,0.14181848349064938,0.06348360399728559,0.039997361048087474
39.43230687374749,0.7567620919318772,0.13708094452595015,0.0660532197902094,0.04010374375196294
39.61656998997996,0.7588767908535763,0.13237806639568572,0.06859240928124012,0.040152733469497624
39.80083310621242,0.7611967279959828,0.1278246965517453,0.07088781039025803,0.040090765062014075
39.98509622244489,0.7638595446916109,0.12351714904061353,0.07274670756934155,0.03987659869843433
40.16935933867735,0.766970636299493,0.11952558791336979,0.07401794484829513,0.03948583093884237
40.35362245490982,0.7705899896076337,0.1158878652568429,0.07460945286118821,0.038912692274335345
40.53788557114228,0.7747209629278572,0.11260710452970453,0.07450109828224619,0.03817083426019222
40.72214868737475,0.7793053812486365,0.10965243263330637,0.07375025760002475,0.03729192851803226
40.90641180360721,0.7842264309199214,0.10696298268677154,0.07248852460720068,0.03632206178610627
41.09067491983968,0.7893196477014746,0.10445514303967854,0.07090889248800748,0.03531631677083943
41.27493803607214,0.7943927029108321,0.10203195625163677,0.06924376376313424,0.034331577074396886
41.45920115230461,0.7992468959010227,0.09959536913985824,0.06773735747352652,0.03342037748559205
41.64346426853707,0.8037027273481655,0.09705782040688174,0.06661505182401482,0.03262440042093799
41.82772738476954,0.8076213004591514,0.09435325435458294,0.06605534977929696,0.03197009540696869
42.011990501002,0.8109201098799653,0.09144523384351597,0.06616833058853226,0.031466325687986255
42.19625361723447,0.8135807797667565,0.0883310493433476,0.06698366631461557,0.031104504575280197
42.38051673346693,0.8156484490104028,0.08504123129216305,0.06844938470533199,0.03086093499210213
42.56477984969939,0.8172237713058204,0.08163466944620656,0.07044058850525893,0.030700970742714148
42.74904296593186,0.818449484724805,0.07819042645608472,0.07277585004579869,0.03058423877331114
42.93330608216432,0.8194939133234345,0.07479773915527643,0.07523837800188755,0.03046996951940153
43.11756919839679,0.8205332521254404,0.07154582288268427,0.07759912805884181,0.03032179693303338
43.30183231462925,0.8217341226268682,0.0685148471860056,0.07963962856095926,0.030111401626167145
43.48609543086172,0.8232373796140798,0.06576882917038976,0.08117309134772802,0.02982069986780273
43.67035854709418,0.8251437712761485,0.06335072949537456,0.08206279900346067,0.029442700225016164
43.85462166332665,0.8275022955266726,0.06127974142097881,0.08223664582812562,0.028981317224222643
44.03888477955911,0.8303023630471515,0.059550585232501646,0.0816965535655608,0.028450498154786282
44.22314789579158,0.8334712394248724,0.05813467785399204,0.08052136641169937,0.027872716309436135
44.40741101202404,0.8368782889929477,0.05698319784776408,0.07886173670000897,0.0272767764592793
44.59167412825651,0.8403468299643576,0.05603206473817044,0.07692611910927914,0.026694986188193222
44.77593724448897,0.8436730562245005,0.05520870410577819,0.07495829664216844,0.02615994302755269
44.96020036072144,0.8466499998391961,0.05444024466299374,0.07320846290860214,0.02570129258920793
45.1444634769539,0.8490934010937502,0.05366235681397498,0.071901618439268,0.025342623653006744
45.32872659318637,0.8508653225734423,0.0528275576571147,0.07120817404947355,0.02509894571996903
45.51298970941883,0.8518915969628902,0.05191170568236871,0.07122166811774497,0.02497502923699606
45.6972528256513,0.8521704067856003,0.05091749268164637,0.07194732822888164,0.024964772303871445
45.88151594188376,0.8517707523568042,0.04987420073618007,0.07330307803209149,0.02505196887492424
46.06577905811623,0.8508218126774798,0.04883372196686702,0.07513226641315439,0.025212198942498425
46.25004217434869,0.8494955907230397,0.04786354888889416,0.07722532718661068,0.02541553320145567
46.43430529058116,0.8479856579794098,0.04703804955684617,0.07934626603838213,0.025630026425361788
46.61856840681362,0.8464851650994509,0.04642950986464558,0.0812598393865614,0.02582548564934181
46.80283152304609,0.8451666216882482,0.04610015067692654,0.08275626223080493,0.025976965404020228
46.98709463927855,0.8441651523145154,0.04609590942260849,0.08367149165662359,0.026067446606252244
47.17135775551102,0.8435662733591015,0.04644229094020379,0.08390213927481066,0.026089296425883982
47.35562087174348,0.8433983889329589,0.04714224678684988,0.08341478788381397,0.02604457639637745
47.53988398797595,0.8436300909141166,0.048175969173217606,0.08224952858186516,0.025944411330800693
47.72414710420841,0.8441725305544396,0.04950253042288346,0.08051719284724497,0.025807746175432106
47.90841022044088,0.8448871153894157,0.05106332616972819,0.0783899050642219,0.025659653376634083
48.09267333667334,0.8455985895938088,0.05278727021014424,0.07608484312719639,0.025529297068850848
48.27693645290581,0.8461131506267112,0.0545975744545759,0.07384162736294925,0.025447647555763966
48.46119956913827,0.846240294775813,0.05641966769655492,0.07189511476539706,0.025444922762235235
48.64546268537074,0.8458158334378071,0.05818952230164398,0.07044677035029345,0.025547873910255474
48.8297258016032,0.8447229852836012,0.05986144394879976,0.06963872490109711,0.02577684586650166
49.01398891783567,0.8429080103104556,0.06141423561277669,0.06953480296469851,0.026142951112069098
49.19825203406813,0.8403874041240487,0.06285472014190303,0.0701119337475712,0.02664594198647695
49.3825151503006,0.8372456734479061,0.06421788493679133,0.07126362829687559,0.027272813318427055
49.56677826653306,0.8336241760814456,0.0655633731586263,0.07281487100842357,0.027997579751504638
49.75104138276553,0.8297030219116437,0.06696866790842763,0.07454564282585552,0.028782667354072956
49.93530449899799,0.8256790820540211,0.06851988630712318,0.07621902217400517,0.02958200946485051
50.11956761523046,0.8217431130614636,0.07030145679341981,0.07760942768510665,0.030346002460009625
50.303830731462924,0.8180590411506146,0.07238603089931984,0.07852719762190802,0.031027730328157622
50.48809384769539,0.8147478280292376,0.0748257660101618,0.07883715310174635,0.03158925285885393
50.672356963927854,0.8118770986571466,0.07764581164698865,0.07847028520425281,0.03200680449161201
50.85662008016032,0.8094569555854604,0.08084057611336776,0.07742851297157864,0.03227395532959317
51.040883196392784,0.8074416105388621,0.08437312356934674,0.07578289135854083,0.03240237453325043
51.22514631262525,0.8057359232803706,0.0881778234517274,0.07366593786027245,0.03242031540762962
51.409409428857714,0.8042060450105556,0.09216611491848876,0.07125852498668396,0.032369315084271606
51.59367254509018,0.8026934032367639,0.09623492800165813,0.06877187745850359,0.03229979130307419
51.777935661322644,0.8010311110233568,0.1002769422196767,0.06642586472290608,0.0322660820340603
51.9621987775551,0.7990617506586735,0.10419159367683364,0.06442531586542627,0.03232133979906613
52.14646189378757,0.7966552465409922,0.10789564243254945,0.0629367360539996,0.03251237497245858
52.33072501002003,0.7937245943123888,0.1113321852215025,0.06206839200034129,0.032874828465767156
52.5149881262525,0.7902370248741252,0.11447718014156835,0.061856758293071856,0.03342903669123458
52.69925124248496,0.7862188034340625,0.11734278119529945,0.06226167453946552,0.034176740831172385
52.88351435871743,0.7817525038798033,0.11997698960619634,0.06317127902596396,0.035099227488036365
53.06777747494989,0.776967283451018,0.1224593729043004,0.06441621983342836,0.03615712381125327
53.25204059118236,0.7720236941969745,0.12489302426715777,0.0657910600420185,0.03729222149384932
53.43630370741482,0.7670949618883213,0.12739342136705387,0.06707951145316549,0.038432105291459295
53.62056682364729,0.7623473299553872,0.13007530704290476,0.06807975538315837,0.03949760761854963
53.80482993987975,0.757921953334042,0.1330390674998233,0.06862658964714688,0.04041238951898756
53.98909305611222,0.7539205306822064,0.1363582114909198,0.06860801807416547,0.041113239752708336
54.17335617234468,0.7503965119806879,0.14006951176717108,0.06797498485159023,0.041558991400550895
54.35761928857715,0.7473516276258715,0.14416713209550275,0.06674412560437791,0.04173711467424774
54.54188240480961,0.7447395639745122,0.14860155028929126,0.06499406284891157,0.041664822887284805
54.72614552104208,0.7424731782114495,0.1532837126382582,0.06285595153742946,0.04138715761286283
54.91040863727454,0.7404360521908724,0.15809393692325344,0.06049929546720002,0.04097071541867418
55.09467175350701,0.7384956003860528,0.16289457573237248,0.05811427394969165,0.040495549931883194
55.27893486973947,0.7365177376796399,0.16754476570733187,0.05589196280778123,0.040045533805247086
55.46319798597194,0.734380698808469,0.17191543328911293,0.05400426968450567,0.039699598217912475
55.6474611022044,0.7319876378095298,0.1759026814433279,0.05258569233499867,0.039523988412143704
55.83172421843687,0.7292770240960794,0.17943812491492725,0.05171892301324644,0.0395659279757468
56.01598733466933,0.7262299551336394,0.18249537722228096,0.05142602962541909,0.039848638018660246
56.2002504509018,0.7228709211830486,0.18509258714649346,0.05166648587791805,0.04037000579253981
56.38451356713426,0.7192666839970833,0.18728990993968644,0.05234219876485298,0.04110120729837751
56.56877668336673,0.7155167673096663,0.18918443820356834,0.05330962477921671,0.04198916970754853
56.75303979959919,0.7117432821322834,0.19090011808453192,0.05439655593063642,0.04296004385254833
56.93730291583166,0.7080785677791858,0.19257459969745278,0.055421788110572315,0.0439250444127892
57.12156603206412,0.7046491485755635,0.19434538339487062,0.05621552415476815,0.04478994387479771
57.30582914829659,0.7015635107230022,0.19633384663262976,0.05663725040012809,0.045465392244239775
57.49009226452905,0.6989006639079482,0.19863105490738367,0.05658984570753515,0.04587843547713302
57.67435538076152,0.6967025559298887,0.20128629999553269,0.05602851585353476,0.045982628221043965
57.858618496993984,0.6949708769175004,0.20430016064522438,0.05496399867865506,0.045764963758620415
58.04288161322645,0.693668891328849,0.2076232774626825,0.05346000541470247,0.04524782579376617
58.227144729458914,0.6927274615779344,0.21116126639325744,0.0516254257671272,0.0444858462616809
58.41140784569138,0.6920540428660114,0.2147852571400748,0.04960211175214523,0.043558588241768656
58.595670961923844,0.6915444843144503,0.21834666513157386,0.04754936966329772,0.04255948089067811
58.77993407815631,0.691094861566923,0.22169420204911236,0.045626746367017315,0.041584190016947145
58.964197194388774,0.6906126708074642,0.22469067587574917,0.043976962486667465,0.040719690830119525
59.14846031062124,0.6900263924240571,0.22722738542471715,0.042710904470271364,0.04003531768095412
59.332723426853704,0.6892925070170988,0.22923458016862663,0.0418963988663521,0.03957651394792237
59.51698654308617,0.688399143244362,0.23068715880925741,0.0415520079494853,0.03936168999689503
59.701249659318634,0.6873660768912933,0.2316055755661874,0.041646434102269286,0.039381913440249994
59.8855127755511,0.6862411840732163,0.23205240206233152,0.04210339033057702,0.0396030235338752
60.069775891783564,0.6850940921917392,0.23212513409993035,0.04281115508938393,0.03996961861894671
60.25403900801603,0.684008094527951,0.23194607255625266,0.04363555081854422,0.04041028209725212
60.438302124248494,0.6830711527678319,0.2316500947620217,0.04443473673868782,0.04084401573145844
60.62256524048096,0.6823668335335482,0.23137114264866926,0.045074131045773305,0.041187892772009245
60.806828356713424,0.6819659254303552,0.23122849860894998,0.04543998107477974,0.04136559488591516
60.99109147294589,0.6819193674640961,0.23131407305366508,0.0454503722524076,0.04131618722983125
61.175354589178355,0.6822531839524288,0.2316821431567048,0.04506276380385131,0.041001909087015086
61.35961770541081,0.6829659544154801,0.23234299073471304,0.04427752417533386,0.04041353067447305
61.54388082164328,0.6840292354781266,0.2332615172000285,0.043137236976120825,0.0395720103457244
61.72814393787574,0.6853911234753322,0.23436132374472385,0.041721756768054244,0.03852579601188973
61.91240705410821,0.6869826341883156,0.23553395855279172,0.04013935168622602,0.03734405557266645
62.09667017034067,0.6887260696754667,0.23665217778376504,0.03851468391093817,0.03610706862983
62.28093328657314,0.6905442837993381,0.23758531088958026,0.036974807322095404,0.034895597988986046
62.4651964028056,0.6923695342960492,0.23821450311758657,0.035634821515993044,0.03378114107037149
62.64945951903807,0.6941511654125956,0.2384457154205869,0.034585011639139795,0.032818107527677616
62.83372263527053,0.6958608641141412,0.23821885766715398,0.03388116537808102,0.03203911284062377
63.017985751503,0.6974949618006183,0.23751236182946325,0.03353930782981773,0.031453368540100377
63.20224886773546,0.6990733100090974,0.23634319800738476,0.03353539883850544,0.031048093145012282
63.38651198396793,0.7006350560607071,0.23476289877549927,0.03380978954363975,0.030792255620154058
63.57077510020039,0.7022322869799651,0.23285063698096867,0.03427555628116007,0.030641519757906084
63.75503821643286,0.7039226771844764,0.2307043732360049,0.03482935216656943,0.03054359741294912
63.93930133266532,0.7057622785490375,0.22843102055280678,0.03536327079256386,0.030443430105591855
64.1235644488978,0.7077992760395027,0.22613641137976032,0.03577632817346202,0.03028798440727518
64.30782756513025,0.7100691694067639,0.2239155791153402,0.03598443845270358,0.030030813025192497
64.49209068136273,0.7125916056116686,0.22184395414908012,0.03592812059365688,0.02963631964559417
64.67635379759518,0.7153688081368001,0.21997021074859296,0.03557750696759338,0.029083474147013753
64.86061691382766,0.7183854969275681,0.21831156778425387,0.034934452138048536,0.028368483150129666
65.04488003006011,0.7216102822862934,0.21685231969978552,0.034031708635097795,0.027505689378823174
65.22914314629259,0.724998572420346,0.21554608110385684,0.0329292614225233,0.026526085053273873
65.41340626252504,0.7284969799059516,0.21432174335525772,0.0317079911561127,0.02547328558267781
65.59766937875752,0.7320489255341751,0.21309253242042112,0.03046101363535128,0.024397528410052563
65.78193249498997,0.735600865319271,0.21176699158952175,0.029283376305115016,0.023348766786091848
65.96619561122245,0.7391084350399895,0.2102602403367651,0.028261159036559333,0.022370165586685933
66.1504587274549,0.7425417999969953,0.2085038045093608,0.027461333564866443,0.02149306192877748
66.33472184368736,0.7458894492942013,0.2064527290382777,0.02692382414043567,0.0207339975270854
66.51898495991983,0.7491596269595089,0.2040891701837952,0.026656974887051228,0.020094227969644475
66.70324807615229,0.7523788984274624,0.2014223761086552,0.02663714837789853,0.019561577085983762
66.88751119238476,0.7555876383980538,0.1984857903755725,0.02681253909877733,0.019114032127596475
67.07177430861722,0.758834806606423,0.19533094762919928,0.027110389640436574,0.018723856123941243
67.2560374248497,0.7621688743680756,0.19202215333119083,0.027446815703126303,0.018362156597607104
67.44030054108215,0.7656319096768769,0.18862904372053818,0.02773718011460222,0.018001866487982906
67.62456365731462,0.7692535821967851,0.1852204762432341,0.027905950630386773,0.01761999092959429
67.80882677354708,0.773047582932464,0.18185891094555712,0.02789469790686591,0.017198808215112882
67.99308988977955,0.7770104725600295,0.17859557253408534,0.027667507894293102,0.01672644701159199
68.17735300601201,0.7811227355075111,0.17546649495046374,0.027213526894938198,0.016197242647086604
68.36161612224448,0.7853514834492556,0.1724897171235088,0.026546757286064242,0.015612042141171314
68.54587923847694,0.7896542108983742,0.16966398841612687,0.02570346568513003,0.014978335000369145
68.73014235470941,0.7939831251013165,0.1669693471451998,0.02473769802094853,0.014309829732535116
68.91440547094187,0.7982896759032095,0.16436978952513503,0.023715418600008354,0.01362511597164696
69.09866858717434,0.8025289837819276,0.16181794574728064,0.02270772762307831,0.012945342847713624
69.2829317034068,0.8066638787590314,0.15926123543307766,0.02178359771899451,0.012291288088896424
69.46719481963927,0.8106682958400289,0.1566486330000571,0.02100265837163208,0.011680412788282059
69.65145793587173,0.8145298813377365,0.1539370171013032,0.02040867466418666,0.011124426896773443
69.8357210521042,0.8182515840282614,0.1510960904488657,0.02002445686430414,0.010627868658568724
70.01998416833666,0.821851632548951,0.14811139917935906,0.01984896786466966,0.010188000407020238
70.20424728456913,0.8253629175967117,0.14498419681991834,0.01985706812932683,0.009795817454043258
70.3885104008016,0.8288280599732095,0.14173083889118449,0.020002501200919617,0.009438599934686239
70.57277351703407,0.8322951259197009,0.1383789314360898,0.02022341616595623,0.009102526478253178
70.75703663326652,0.8358111413942928,0.13496353432430658,0.02045009048849808,0.008775233792902527
70.941299749499,0.8394156900830435,0.13152311566597136,0.020613623511951517,0.008447570739033385
71.12556286573145,0.843135382017717,0.12809597219813917,0.020654361980156168,0.008114283803987482
71.30982598196393,0.8469801422941009,0.12471729185152891,0.02052885295306726,0.007773712901302845
71.49408909819638,0.8509419003656241,0.12141681894557918,0.02021441920902181,0.007426861479774987
71.67835221442886,0.8549958088171261,0.11821702992266069,0.01971087308713633,0.007076288173077107
71.86261533066131,0.8591036396937719,0.11513175268284649,0.019039345917001224,0.006725261706380538
72.04687844689379,0.8632186348441147,0.11216529583179964,0.01823867143549261,0.0063773978885930515
72.23114156312624,0.8672910001574858,0.10931227529393472,0.01736006719703104,0.006036657351548548
72.41540467935872,0.871273327507927,0.10655836040926339,0.016460955628061037,0.005707356454748809
72.59966779559117,0.8751252776695291,0.10388205277402614,0.015598725105847967,0.005393944450596698
72.78393091182365,0.8788170121773626,0.10125742376073757,0.014825061408766079,0.005100502653133728
72.9681940280561,0.8823312071766478,0.09865748769619044,0.014181251128838907,0.004830053998322894
73.15245714428858,0.885663750397039,0.09605767950319058,0.013694683977337328,0.004583886122433197
73.33672026052103,0.8888233751119129,0.0934388985182436,0.013376673051170254,0.00436105331867327
73.5209833767535,0.8918304815147752,0.0907896265375849,0.013221663470456994,0.004158228477183125
73.70524649298596,0.894715173121982,0.08810680359088824,0.01320789652990131,0.003970126757228385
73.88950960921844,0.897514494592762,0.08539544908214222,0.013299578562526008,0.0037904777625699
74.0737727254509,0.9002689502559758,0.08266722729246007,0.013450512988534565,0.003613309463029436
74.25803584168337,0.903018450754056,0.0799383687399227,0.013608977954275289,0.003434202551746262
74.44229895791582,0.9057980292240054,0.07722744337137134,0.013723408182544507,0.0032511192220787324
74.6265620741483,0.9086338017927158,0.07455334201587181,0.013748236630453737,0.003064619560958748
74.81082519038075,0.9115397250824588,0.07193366946201973,0.01364913751125735,0.002877467944263792
74.99508830661323,0.9145157726794891,0.06938357854905627,0.013406915390124724,0.0026937333813299635
75.17935142284568,0.9175479346378457,0.06691494370623176,0.013019439920015917,0.002517681735906458
75.36361453907816,0.9206100580106987,0.06453576805254253,0.012501328792056662,0.0023528451447021124
75.54787765531061,0.9236672555949454,0.06224977079292505,0.011881450870343627,0.0022015227417857813
75.73214077154307,0.926680388395514,0.060056183662843786,0.011198694746910976,0.002064733194731382
75.91640388777554,0.9296109390050229,0.057949853930074825,0.010496745431487771,0.0019424616334144426
76.100667004008,0.9324255143028157,0.05592177336551357,0.009818720699113655,0.0018339916325570671
76.28493012024047,0.9350993119657705,0.053960080300533377,0.009202440405902384,0.0017381673277935485
76.46919323647293,0.9376180735114166,0.05205146171256485,0.008676893928482336,0.0016535708475360776
76.6534563527054,0.9399784499353023,0.05018278872541164,0.008260171821888863,0.0015785895173968875
76.83771946893786,0.9421871008001071,0.048342722544449386,0.007958829407112285,0.001511347248331151
77.02198258517033,0.9442589248643196,0.0465230197058777,0.007768441289002038,0.0014496141408005922
77.20624570140279,0.9462148304027577,0.044719330198162086,0.00767501771394684,0.0013908216851331006
77.39050881763526,0.9480793866792724,0.042931356848506554,0.007656976573955278,0.001332279898265762
77.57477193386772,0.9498785346769761,0.04116240590440256,0.007687454184810918,0.00127160523381021
77.7590350501002,0.9516374770245764,0.039418496236824044,0.007736830928733753,0.0012071958098658299
77.94329816633265,0.9533787573456528,0.037707249441547075,0.007775396510496025,0.0011385967023039823
78.12756128256513,0.9551204864080769,0.036036801987140946,0.007776059919112194,0.0010666516856699265
78.31182439879758,0.9568748134020653,0.034414903860531566,0.007716933468779804,0.000993349268623165
78.49608751503006,0.9586468124218508,0.0328482634050711,0.007583533000817154,0.0009213911722609274
78.68035063126251,0.9604339928140555,0.03134212719266453,0.007370278805628391,0.0008536011876514499
78.86461374749499,0.962226630154005,0.02990003169840815,0.007080993429156335,0.0007923447184304673
79.04887686372744,0.9640089842591404,0.02852365970000148,0.006728209620604723,0.0007391464202532741
79.23313997995992,0.9657613292010963,0.027212770091729635,0.006331307563192201,0.0006945931439820378
79.41740309619237,0.9674626009516865,0.025965217882032515,0.005913732781668844,0.0006584483846120983
79.60166621242485,0.9690932872782188,0.024777105051733386,0.005499746986653423,0.0006298606833945662
79.7859293286573,0.9706380172522174,0.023643100688121404,0.005111271585350139,0.000607610474310767
79.97019244488978,0.9720873469608193,0.02255694236917911,0.004765353525642879,0.0005903571443587725
80.15445556112223,0.9734384798719402,0.021512074228242178,0.004472628130921482,0.0005768177688962547
80.3387186773547,0.9746948872183164,0.0205023413277264,0.0042369189817025275,0.000565852472254472
80.52298179358716,0.9758650612293124,0.019522634152708093,0.004055865760214764,0.00055643885776497
80.70724490981964,0.9769607697241017,0.01856936259102522,0.003922278750123423,0.0005475889347496941
80.8915080260521,0.9779951597513172,0.01764067980219719,0.0038258309236460456,0.0005383295228392127
81.07577114228457,0.9789810734845125,0.01673642791251541,0.003754723394244793,0.0005277752087272082
81.26003425851702,0.9799298299021708,0.015857837386408342,0.0036970722342721117,0.0005152604771485015
81.4442973747495,0.9808505209875781,0.015007075020200707,0.0036419141115686354,0.0005004898806526387
81.62856049098195,0.9817497560732116,0.01418674789651803,0.0035798634441880335,0.0004836325860824635
81.81282360721443,0.9826316774755725,0.01339945642777272,0.0035035346041530613,0.0004653314925017504
81.99708672344688,0.9834980978890956,0.012647458637771851,0.003407847467522147,0.00044659600561027435
82.18134983967936,0.984348688459256,0.011932458777936143,0.0032902750736742447,0.0004285776891337861
82.36561295591181,0.9851811748132513,0.01125549930177105,0.0031510072234259773,0.00041231866155173587
82.54987607214429,0.9859915764377324,0.01061692047135462,0.002992935078035289,0.00039856801287799557
82.73413918837674,0.9867745922286801,0.010016355768446675,0.0028213437567578465,0.00038770824611539473
82.91840230460922,0.9875242293492674,0.009452748434985647,0.002643248198370139,0.0003797740173766799
83.10266542084167,0.9882346790280299,0.008924395060593738,0.0024664046137834205,0.00037452129759299143
83.28692853707415,0.9889013144413485,0.008429032133212055,0.0022981395414144773,0.00037151388402490966
83.4711916533066,0.9895215818313635,0.007963975591795637,0.00214422106909253,0.0003702215077484164
83.65545476953908,0.9900955360634647,0.007526315222532096,0.002008017456765134,0.0003701312572381694
83.83971788577153,0.9906258978550582,0.007113147643259747,0.0018901338840815012,0.00037082061760051425
84.023981002004,0.9911176281409388,0.006721813258080871,0.0017886034444052402,0.0003719551565752779
84.20824411823646,0.9915770841584306,0.006350098188397779,0.0016995695355602116,0.00037324811761159355
84.39250723446894,0.9920109445286084,0.005996361317195527,0.001618276319957655,0.0003744178342381925
84.5767703507014,0.9924251436474676,0.0056595634492756005,0.0015401178385393123,0.0003751750647173912
84.76103346693387,0.9928240386474982,0.005339203453216029,0.001461501540131853,0.0003752563591537277
84.94529658316632,0.9932099873239639,0.005035184942234535,0.0013803537769512193,0.00037447395685015825
85.12955969939878,0.9935833719234464,0.004747652104078806,0.0012962078222525087,0.00037276815022216
85.31382281563126,0.9939429893756271,0.004476834444932918,0.0012099317817575808,0.0003702443976824907
85.49808593186371,0.9942866719156687,0.004222927087618972,0.0011232390313340133,0.00036716196537826985
85.68234904809619,0.994611954580071,0.00398601776054511,0.0010381547658507748,0.00036387289353284174
85.86661216432864,0.9949166291773336,0.0037660547738640423,0.0009565849931697993,0.00036073105563265044
86.05087528056112,0.9951990791541029,0.003562839528757212,0.0008800659453818871,0.000358015371758119
86.23513839679357,0.9954583811893342,0.0033760267176063423,0.0008096921828070081,0.0003558999102523787
86.41940151302605,0.9956942592401531,0.003205122441921151,0.0007461595940457287,0.00035445872387985627
86.6036646292585,0.9959070063151314,0.0030494791880922014,0.0006898346030329166,0.0003536798937435731
86.78792774549098,0.9960974496361303,0.002908293499556118,0.0006407776229050546,0.00035347924140860455
86.97219086172343,0.9962669627536516,0.0027806160044983462,0.0005986950200189344,0.00035372622183110937
87.1564539779559,0.9964174929939019,0.0026653802051729643,0.0005628472451630778,0.0003542795557619733
87.34071709418836,0.9965515539093002,0.0025614509304729785,0.0005319783853687768,0.00035501677485794386
87.52498021042084,0.996672126852218,0.0024676868855216163,0.0005043387568350024,0.0003558475054256924
87.7092433266533,0.9967824493253699,0.002383004400032652,0.00047784506091975493,0.000356701213677915
87.89350644288577,0.9968856924397502,0.002306429240017944,0.0004503730787943579,0.00035750524143760373
88.07776955911822,0.9969845689225857,0.002237127071673306,0.0004201251236122395,0.0003581788821288651
88.2620326753507,0.9970809718754118,0.002174409063988085,0.000385978848501182,0.00035864021209896607
88.44629579158315,0.9971757410643614,0.0021177175212834425,0.00034771927120877296,0.00035882214314640414
88.63055890781563,0.9972686217327619,0.0020666005912190507,0.0003060844162796485,0.000358693259739253
88.81482202404808,0.9973584332223264,0.0020206856546891414,0.00026260721735279466,0.0003582739056317738
88.99908514028056,0.9974434092569353,0.001979658779917232,0.00021929434576513758,0.00035763761738227974
89.18334825651301,0.9975216298026799,0.0019432520141584018,0.0001782268145037589,0.00035689136865816885
89.36761137274549,0.997591436044275,0.0019112354892915405,0.0001411836474867452,0.0003561448189466623
89.55187448897794,0.9976517329357255,0.0018834091023450055,0.00010937495945090119,0.0003554830024786367
89.73613760521042,0.9977021223770962,0.0018595892889897202,8.333156293810636e-05,0.00035495677097589355
89.92040072144287,0.9977428739336978,0.0018395896080358686,6.294954336521507e-05,0.00035458691490090205
90.10466383767535,0.9977747840755407,0.001823197840671751,4.764692698158142e-05,0.00035437115680619826
90.2889269539078,0.9977989878177238,0.0018101550659001685,3.656809409733587e-05,0.00035428902227883804
90.47319007014028,0.9978167756227891,0.0018001425405170621,2.8774177097572317e-05,0.0003543076595962482
90.65745318637273,0.9978294491872048,0.0017927809024739496,2.337961104608486e-05,0.00035439029927539396
90.8417163026052,0.9978382261095952,0.001787642784684831,1.9625123919136155e-05,0.0003545059818010191
91.02597941883766,0.9978441882076535,0.0017842760454778732,1.6903094166224745e-05,0.00035463265270239676
91.21024253507014,0.9978482508443935,0.0017822324727785898,1.476312603313538e-05,0.000354753556794963
91.3945056513026,0.9978511279359581,0.0017810958450310281,1.2921317823407083e-05,0.0003548549011876275
91.57876876753507,0.9978532893587269,0.0017805045054290732,1.1280560289919163e-05,0.0003549255755542749
91.76303188376752,0.9978549231207947,0.0017801660207487956,9.950517055554435e-06,0.0003549603414010276
91.947295,0.9978559277414066,0.0017798635603684348,9.244446683300069e-06,0.0003549642515414418
