Single Qubit Data Summary:
scqubits version: 4.3.1
First 10 Eigenvalues (GHz): [ 6.07415635  8.42591312  9.42903269  9.46897526 10.60103754 11.61944781
 11.75147964 12.60815822 13.38864234 13.78945829]
hspace theta size: 1000
hspace phi size: 1000
hspace mixed size: 1000
n_theta matrix elements for bottom 10 states (GHz):
 [[-0.000e+00 -1.263e+00 -0.000e+00  0.000e+00 -0.000e+00  2.400e-02
   1.000e-03  5.400e-02  0.000e+00  0.000e+00]
 [-1.263e+00 -0.000e+00  6.200e-02 -1.100e-02  1.711e+00 -0.000e+00
   0.000e+00  0.000e+00  1.560e-01 -2.000e-03]
 [-0.000e+00  6.200e-02 -0.000e+00 -0.000e+00  0.000e+00  1.176e+00
  -1.570e-01 -2.980e-01  0.000e+00  0.000e+00]
 [ 0.000e+00 -1.100e-02 -0.000e+00 -0.000e+00 -0.000e+00 -1.440e-01
  -1.234e+00  5.400e-02  0.000e+00 -0.000e+00]
 [-0.000e+00  1.711e+00  0.000e+00 -0.000e+00  0.000e+00 -6.510e-01
  -3.500e-02 -1.840e+00  0.000e+00  0.000e+00]
 [ 2.400e-02 -0.000e+00  1.176e+00 -1.440e-01 -6.510e-01  0.000e+00
   0.000e+00  0.000e+00  1.101e+00  6.700e-02]
 [ 1.000e-03  0.000e+00 -1.570e-01 -1.234e+00 -3.500e-02  0.000e+00
   0.000e+00 -0.000e+00  2.800e-02 -1.642e+00]
 [ 5.400e-02  0.000e+00 -2.980e-01  5.400e-02 -1.840e+00  0.000e+00
  -0.000e+00 -0.000e+00 -1.987e+00  3.100e-02]
 [ 0.000e+00  1.560e-01  0.000e+00  0.000e+00  0.000e+00  1.101e+00
   2.800e-02 -1.987e+00  0.000e+00  0.000e+00]
 [ 0.000e+00 -2.000e-03  0.000e+00 -0.000e+00  0.000e+00  6.700e-02
  -1.642e+00  3.100e-02  0.000e+00  0.000e+00]]
