Xgate_noise.py

Current Mountain Time: 2025-07-06 16:21:19.285983-06:00
drive_phi= False ; drive_theta = True ; n_full = 150 ; charge_truc = False
T1 = Tphi = 170 μs, num_cpus = 4
calculate_ideal = True, calculate_noise = False
Ideal: max_step = 0.0001, nsteps = 10000.0
Noisy: max_step = 0.0001, nsteps = 10000.0
n_hspace = 150 ;   n_job =  18

hspace (150\150) = np.array([
0, 1, 2, 3, 4, 5, 6, 7, 8, 9 ,
10, 11, 12, 13, 14, 15, 16, 17, 18, 19 ,
20, 21, 22, 23, 24, 25, 26, 27, 28, 29 ,
30, 31, 32, 33, 34, 35, 36, 37, 38, 39 ,
40, 41, 42, 43, 44, 45, 46, 47, 48, 49 ,
50, 51, 52, 53, 54, 55, 56, 57, 58, 59 ,
60, 61, 62, 63, 64, 65, 66, 67, 68, 69 ,
70, 71, 72, 73, 74, 75, 76, 77, 78, 79 ,
80, 81, 82, 83, 84, 85, 86, 87, 88, 89 ,
90, 91, 92, 93, 94, 95, 96, 97, 98, 99 ,
100, 101, 102, 103, 104, 105, 106, 107, 108, 109 ,
110, 111, 112, 113, 114, 115, 116, 117, 118, 119 ,
120, 121, 122, 123, 124, 125, 126, 127, 128, 129 ,
130, 131, 132, 133, 134, 135, 136, 137, 138, 139 ,
140, 141, 142, 143, 144, 145, 146, 147, 148, 149 ,
])

params = np.array([
[10.108462, 0.41212, 0.073451, -0.084451, -0.044706] ,
[15.074864, 0.303821, 0.065666, -0.036206, -0.016563] ,
[20.041257, 0.241329, 0.059044, -0.019402, -0.009802] ,
[25.020473, 0.180208, 0.046132, -0.003789, 0.001544] ,
[30.008342, 0.14538, 0.037985, 0.000555, 0.004004] ,
[34.999249, 0.121737, 0.032287, 0.001883, 0.004348] ,
[39.991616, 0.105045, 0.028058, 0.002171, 0.003988] ,
[45.572873, 0.091013, 0.02446, 0.002106, 0.003479] ,
[50.273181, 0.081831, 0.022089, 0.001944, 0.003051] ,
[55.267933, 0.073988, 0.020007, 0.001756, 0.002668] ,
[59.087483, 0.068953, 0.018674, 0.001617, 0.002406] ,
[64.670376, 0.062708, 0.017016, 0.001421, 0.002077] ,
[69.959457, 0.05777, 0.0157, 0.001257, 0.001811] ,
[79.950621, 0.050323, 0.013699, 0.001008, 0.001432] ,
[89.941952, 0.044576, 0.012149, 0.000826, 0.001154] ,
[99.933664, 0.040022, 0.010918, 0.000683, 0.000949] ,
[109.925465, 0.036325, 0.009915, 0.000575, 0.000792] ,
[119.917464, 0.033248, 0.00908, 0.000489, 0.000672] ,
])

f_ideal_150 = np.array([
-0.49103811194296043, -0.878809640749037, -1.9092527117583074, -2.769442757124277 ,
-3.341935079170237, -3.7531812899675443, -4.10137356908053, -4.457938325423597 ,
-4.714415515689196, -4.968398103580361, -5.148718120845453, -5.384451815145302 ,
-5.5937026121904365, -5.918954965866413, -6.221016949882627, -6.513108151169383 ,
-6.608227470833687, -6.941394116298404 ,
])

Current Mountain Time: 2025-07-06 16:22:05.601845-06:00

Current Mountain Time: 2025-07-06 16:22:05.603773-06:00
794.90user 38.52system 0:49.24elapsed 1692%CPU (0avgtext+0avgdata 842992maxresident)k
0inputs+16outputs (1287major+5089084minor)pagefaults 0swaps
