Xgate_noise.py
Current Mountain Time: 2025-06-27 22:42:48.922479-06:00
drive_phi= False ; drive_theta = True ; n_full = 500
n_charge = 500
num_cpus =  4 ;   n_job =  5

hspace_charge (500\500) = np.array([
0, 1, 2, 3, 4, 5, 6, 7, 8, 9 ,
10, 11, 12, 13, 14, 15, 16, 17, 18, 19 ,
20, 21, 22, 23, 24, 25, 26, 27, 28, 29 ,
30, 31, 32, 33, 34, 35, 36, 37, 38, 39 ,
40, 41, 42, 43, 44, 45, 46, 47, 48, 49 ,
50, 51, 52, 53, 54, 55, 56, 57, 58, 59 ,
60, 61, 62, 63, 64, 65, 66, 67, 68, 69 ,
70, 71, 72, 73, 74, 75, 76, 77, 78, 79 ,
80, 81, 82, 83, 84, 85, 86, 87, 88, 89 ,
90, 91, 92, 93, 94, 95, 96, 97, 98, 99 ,
100, 101, 102, 103, 104, 105, 106, 107, 108, 109 ,
110, 111, 112, 113, 114, 115, 116, 117, 118, 119 ,
120, 121, 122, 123, 124, 125, 126, 127, 128, 129 ,
130, 131, 132, 133, 134, 135, 136, 137, 138, 139 ,
140, 141, 142, 143, 144, 145, 146, 147, 148, 149 ,
150, 151, 152, 153, 154, 155, 156, 157, 158, 159 ,
160, 161, 162, 163, 164, 165, 166, 167, 168, 169 ,
170, 171, 172, 173, 174, 175, 176, 177, 178, 179 ,
180, 181, 182, 183, 184, 185, 186, 187, 188, 189 ,
190, 191, 192, 193, 194, 195, 196, 197, 198, 199 ,
200, 201, 202, 203, 204, 205, 206, 207, 208, 209 ,
210, 211, 212, 213, 214, 215, 216, 217, 218, 219 ,
220, 221, 222, 223, 224, 225, 226, 227, 228, 229 ,
230, 231, 232, 233, 234, 235, 236, 237, 238, 239 ,
240, 241, 242, 243, 244, 245, 246, 247, 248, 249 ,
250, 251, 252, 253, 254, 255, 256, 257, 258, 259 ,
260, 261, 262, 263, 264, 265, 266, 267, 268, 269 ,
270, 271, 272, 273, 274, 275, 276, 277, 278, 279 ,
280, 281, 282, 283, 284, 285, 286, 287, 288, 289 ,
290, 291, 292, 293, 294, 295, 296, 297, 298, 299 ,
300, 301, 302, 303, 304, 305, 306, 307, 308, 309 ,
310, 311, 312, 313, 314, 315, 316, 317, 318, 319 ,
320, 321, 322, 323, 324, 325, 326, 327, 328, 329 ,
330, 331, 332, 333, 334, 335, 336, 337, 338, 339 ,
340, 341, 342, 343, 344, 345, 346, 347, 348, 349 ,
350, 351, 352, 353, 354, 355, 356, 357, 358, 359 ,
360, 361, 362, 363, 364, 365, 366, 367, 368, 369 ,
370, 371, 372, 373, 374, 375, 376, 377, 378, 379 ,
380, 381, 382, 383, 384, 385, 386, 387, 388, 389 ,
390, 391, 392, 393, 394, 395, 396, 397, 398, 399 ,
400, 401, 402, 403, 404, 405, 406, 407, 408, 409 ,
410, 411, 412, 413, 414, 415, 416, 417, 418, 419 ,
420, 421, 422, 423, 424, 425, 426, 427, 428, 429 ,
430, 431, 432, 433, 434, 435, 436, 437, 438, 439 ,
440, 441, 442, 443, 444, 445, 446, 447, 448, 449 ,
450, 451, 452, 453, 454, 455, 456, 457, 458, 459 ,
460, 461, 462, 463, 464, 465, 466, 467, 468, 469 ,
470, 471, 472, 473, 474, 475, 476, 477, 478, 479 ,
480, 481, 482, 483, 484, 485, 486, 487, 488, 489 ,
490, 491, 492, 493, 494, 495, 496, 497, 498, 499 ,
])

params = np.array([
[15.074864, 0.303821, 0.065666, -0.036206, -0.016563] ,
[34.999249, 0.121737, 0.032287, 0.001883, 0.004348] ,
[55.267933, 0.073988, 0.020007, 0.001756, 0.002668] ,
[79.950621, 0.050323, 0.013699, 0.001008, 0.001432] ,
[119.917464, 0.033248, 0.00908, 0.000489, 0.000672] ,
])
T1 = Tphi = 170000.0 ns

 max_step for ideal simulation = 0.0001

 max_step for ideal simulation = 0.0001

 max_step for ideal simulation = 0.0001

 max_step for ideal simulation = 0.0001

 max_step for ideal simulation = 0.0001

f_ideal_500 = np.array([
-0.8896202810196633, -3.773200969174526, -4.988596030259518, -5.943190503304305 ,
-6.96135645552231 ,
])
Current Mountain Time: 2025-06-27 22:47:15.999830-06:00

 len(c_op_list)=0
U_noise.istp=False
U_noise.iscp=True
U_noise=Quantum object: dims = [[2], [2]], shape = (2, 2), type = oper, isherm = False
Qobj data =
[[-0.06809613+0.04542745j -0.84253493+0.31114702j]
 [-0.84957478+0.29146305j  0.01870034+0.16665655j]]
fidelity= 0.8710623593742884

 len(c_op_list)=0
U_noise.istp=False
U_noise.iscp=True
U_noise=Quantum object: dims = [[2], [2]], shape = (2, 2), type = oper, isherm = False
Qobj data =
[[ 0.00069295+1.23850522e-03j -0.65163055+7.58371549e-01j]
 [-0.65410636+7.56237195e-01j  0.00119284+7.29089237e-04j]]
fidelity= 0.9998314227244157

 len(c_op_list)=0
U_noise.istp=False
U_noise.iscp=True
U_noise=Quantum object: dims = [[2], [2]], shape = (2, 2), type = oper, isherm = False
Qobj data =
[[ 0.00011868-9.07722553e-05j -0.02430081-9.99703861e-01j]
 [-0.02389192-9.99713710e-01j  0.00011804+1.04505921e-05j]]
fidelity= 0.9999988602502734

 len(c_op_list)=0
U_noise.istp=False
U_noise.iscp=True
U_noise=Quantum object: dims = [[2], [2]], shape = (2, 2), type = oper, isherm = False
Qobj data =
[[ 7.07860135e-05+6.52335779e-05j -7.16697221e-01-6.97373423e-01j]
 [-7.16757592e-01-6.97311381e-01j -1.09651878e-04-1.04311688e-04j]]
fidelity= 0.9999897339359443

 len(c_op_list)=0
U_noise.istp=False
U_noise.iscp=True
U_noise=Quantum object: dims = [[2], [2]], shape = (2, 2), type = oper, isherm = False
Qobj data =
[[-2.99646708e-05-1.73320316e-04j  5.00869129e-01-8.65522941e-01j]
 [ 5.00895226e-01-8.65507828e-01j -1.00079783e-04-5.97194400e-05j]]
fidelity= 0.9999998906941151
1324.02user 10.29system 4:29.30elapsed 495%CPU (0avgtext+0avgdata 847940maxresident)k
0inputs+168outputs (18major+1819090minor)pagefaults 0swaps
