Xgate_noise.py
Current Mountain Time: 2025-06-29 18:53:29.118796-06:00
drive_phi= False ; drive_theta = True ; n_full = 500
n_charge = 256
num_cpus =  4 ;   n_job =  18

hspace_charge (500\256) = np.array([
0, 1, 2, 4, 5, 7, 8, 11, 12, 16 ,
17, 18, 21, 23, 25, 27, 30, 31, 32, 33 ,
37, 38, 40, 41, 42, 45, 46, 47, 48, 51 ,
52, 56, 59, 62, 63, 64, 65, 67, 72, 73 ,
74, 76, 78, 79, 82, 83, 85, 87, 88, 90 ,
92, 93, 96, 97, 98, 102, 103, 106, 107, 112 ,
114, 118, 119, 120, 121, 122, 123, 124, 127, 128 ,
131, 132, 133, 134, 137, 138, 142, 143, 150, 151 ,
154, 155, 156, 157, 158, 161, 162, 163, 166, 170 ,
171, 174, 175, 176, 177, 179, 180, 186, 187, 188 ,
191, 192, 195, 196, 199, 202, 203, 206, 207, 208 ,
210, 213, 214, 218, 219, 220, 221, 222, 225, 226 ,
230, 231, 232, 236, 237, 238, 242, 243, 246, 247 ,
248, 251, 252, 258, 259, 260, 262, 263, 264, 270 ,
271, 274, 275, 279, 280, 281, 283, 284, 285, 288 ,
289, 290, 294, 296, 297, 298, 299, 300, 301, 302 ,
307, 308, 312, 313, 314, 315, 324, 325, 326, 327 ,
328, 333, 334, 337, 338, 339, 340, 345, 346, 347 ,
348, 350, 351, 354, 355, 358, 359, 364, 365, 366 ,
367, 372, 373, 374, 375, 376, 377, 378, 381, 384 ,
385, 388, 389, 390, 398, 399, 400, 401, 407, 408 ,
410, 411, 413, 414, 418, 419, 420, 425, 426, 427 ,
428, 431, 432, 433, 436, 437, 438, 439, 442, 446 ,
447, 450, 451, 452, 453, 454, 455, 459, 460, 463 ,
464, 467, 468, 472, 473, 474, 475, 476, 486, 488 ,
489, 492, 493, 494, 496, 497 ,
])

params = np.array([
[10.108462, 0.41212, 0.073451, -0.084451, -0.044706] ,
[15.074864, 0.303821, 0.065666, -0.036206, -0.016563] ,
[20.041257, 0.241329, 0.059044, -0.019402, -0.009802] ,
[25.020473, 0.180208, 0.046132, -0.003789, 0.001544] ,
[30.008342, 0.14538, 0.037985, 0.000555, 0.004004] ,
[34.999249, 0.121737, 0.032287, 0.001883, 0.004348] ,
[39.991616, 0.105045, 0.028058, 0.002171, 0.003988] ,
[45.572873, 0.091013, 0.02446, 0.002106, 0.003479] ,
[50.273181, 0.081831, 0.022089, 0.001944, 0.003051] ,
[55.267933, 0.073988, 0.020007, 0.001756, 0.002668] ,
[59.087483, 0.068953, 0.018674, 0.001617, 0.002406] ,
[64.670376, 0.062708, 0.017016, 0.001421, 0.002077] ,
[69.959457, 0.05777, 0.0157, 0.001257, 0.001811] ,
[79.950621, 0.050323, 0.013699, 0.001008, 0.001432] ,
[89.941952, 0.044576, 0.012149, 0.000826, 0.001154] ,
[99.933664, 0.040022, 0.010918, 0.000683, 0.000949] ,
[109.925465, 0.036325, 0.009915, 0.000575, 0.000792] ,
[119.917464, 0.033248, 0.00908, 0.000489, 0.000672] ,
])
T1 = Tphi = 170000.0 ns

 Ideal: max_step = 0.0003, nsteps = 3333.3333333333335

 Ideal: max_step = 0.0003, nsteps = 3333.3333333333335

 Ideal: max_step = 0.0003, nsteps = 3333.3333333333335

 Ideal: max_step = 0.0003, nsteps = 3333.3333333333335

 Ideal: max_step = 0.0003, nsteps = 3333.3333333333335

 Ideal: max_step = 0.0003, nsteps = 3333.3333333333335

 Ideal: max_step = 0.0003, nsteps = 3333.3333333333335

 Ideal: max_step = 0.0003, nsteps = 3333.3333333333335

 Ideal: max_step = 0.0003, nsteps = 3333.3333333333335

 Ideal: max_step = 0.0003, nsteps = 3333.3333333333335

 Ideal: max_step = 0.0003, nsteps = 3333.3333333333335

 Ideal: max_step = 0.0003, nsteps = 3333.3333333333335

 Ideal: max_step = 0.0003, nsteps = 3333.3333333333335

 Ideal: max_step = 0.0003, nsteps = 3333.3333333333335

 Ideal: max_step = 0.0003, nsteps = 3333.3333333333335

 Ideal: max_step = 0.0003, nsteps = 3333.3333333333335

 Ideal: max_step = 0.0003, nsteps = 3333.3333333333335

 Ideal: max_step = 0.0003, nsteps = 3333.3333333333335

f_ideal_256 = np.array([
-0.476866361806602, -0.8896215634755649, -1.9402338021443943, -2.7920298092819835 ,
-3.363595778154055, -3.77231092298956, -4.119710976615809, -4.475837412873496 ,
-4.7319568783255965, -4.986575108280524, -5.167452756608615, -5.4034313164313446 ,
-5.614127742381765, -5.941505850073034, -6.238989700564983, -6.529452601467533 ,
-6.628072937335203, -6.94123053673066 ,
])
Current Mountain Time: 2025-06-29 18:54:24.872395-06:00
924.56user 39.53system 0:58.53elapsed 1647%CPU (0avgtext+0avgdata 848944maxresident)k
0inputs+16outputs (647major+5106137minor)pagefaults 0swaps
