get_fidelity_xgate.py
NUMEXPR_NUM_THREADS = 1
MKL_NUM_THREADS = 1

Current Mountain Time: 2025-07-08 12:11:21.539583-06:00
drive_phi= True ; drive_theta = True ; n_full = 300 ; charge_truc = True
T1 = Tphi = 999 μs, tg = 829
calculate_ideal = True
Ideal: max_step = 0.0001, nsteps = 10000.0
Noisy: max_step = 0.0003, nsteps = 3333.3333333333335

hspace (300\300) = np.array([
0, 1, 2, 3, 4, 5, 6, 7, 8, 9 ,
10, 11, 12, 13, 14, 15, 16, 17, 18, 19 ,
20, 21, 22, 23, 24, 25, 26, 27, 28, 29 ,
30, 31, 32, 33, 34, 35, 36, 37, 38, 39 ,
40, 41, 42, 43, 44, 45, 46, 47, 48, 49 ,
50, 51, 52, 53, 54, 55, 56, 57, 58, 59 ,
60, 61, 62, 63, 64, 65, 66, 67, 68, 69 ,
70, 71, 72, 73, 74, 75, 76, 77, 78, 79 ,
80, 81, 82, 83, 84, 85, 86, 87, 88, 89 ,
90, 91, 92, 93, 94, 95, 96, 97, 98, 99 ,
100, 101, 102, 103, 104, 105, 106, 107, 108, 109 ,
110, 111, 112, 113, 114, 115, 116, 117, 118, 119 ,
120, 121, 122, 123, 124, 125, 126, 127, 128, 129 ,
130, 131, 132, 133, 134, 135, 136, 137, 138, 139 ,
140, 141, 142, 143, 144, 145, 146, 147, 148, 149 ,
150, 151, 152, 153, 154, 155, 156, 157, 158, 159 ,
160, 161, 162, 163, 164, 165, 166, 167, 168, 169 ,
170, 171, 172, 173, 174, 175, 176, 177, 178, 179 ,
180, 181, 182, 183, 184, 185, 186, 187, 188, 189 ,
190, 191, 192, 193, 194, 195, 196, 197, 198, 199 ,
200, 201, 202, 203, 204, 205, 206, 207, 208, 209 ,
210, 211, 212, 213, 214, 215, 216, 217, 218, 219 ,
220, 221, 222, 223, 224, 225, 226, 227, 228, 229 ,
230, 231, 232, 233, 234, 235, 236, 237, 238, 239 ,
240, 241, 242, 243, 244, 245, 246, 247, 248, 249 ,
250, 251, 252, 253, 254, 255, 256, 257, 258, 259 ,
260, 261, 262, 263, 264, 265, 266, 267, 268, 269 ,
270, 271, 272, 273, 274, 275, 276, 277, 278, 279 ,
280, 281, 282, 283, 284, 285, 286, 287, 288, 289 ,
290, 291, 292, 293, 294, 295, 296, 297, 298, 299 ,
])

Top 10 values: [0.4789, 0.4661, 0.0526, 0.0017, 0.0002, 0.0002, 0.0002, 0.0, 0.0, 0.0]
State of large population: [ 0  2  9 33 10 19 55 25 69 15]

Top 10 values: [0.4798, 0.4651, 0.0527, 0.0017, 0.0002, 0.0002, 0.0002, 0.0, 0.0, 0.0]
State of large population: [ 2  0  9 33 10 19 55 25 69 15]
data saved in data/population/population_phi=True_theta=True_tg=829_999us_n=300.txt

Current Mountain Time: 2025-07-08 13:02:54.528250-06:00
3075.93user 4.19system 51:40.57elapsed 99%CPU (0avgtext+0avgdata 841252maxresident)k
0inputs+824outputs (0major+235667minor)pagefaults 0swaps
