Xgate_noise.py
Current Mountain Time: 2025-06-30 15:15:40.772654-06:00
drive_phi= False ; drive_theta = True ; n_full = 140 ; charge_truc = True
T1 = Tphi = 170 μs
Ideal: max_step = 0.0003, nsteps = 3333.3333333333335
Noisy: max_step = 3e-05, nsteps = 33333.333333333336
n_hspace = 76
num_cpus =  4 ;   n_job =  18

hspace (140\76) = np.array([
0, 1, 2, 4, 5, 7, 8, 11, 12, 16 ,
17, 18, 21, 23, 25, 27, 30, 31, 32, 33 ,
37, 38, 40, 41, 42, 45, 46, 47, 48, 51 ,
52, 56, 59, 62, 63, 64, 65, 67, 72, 73 ,
74, 76, 78, 79, 82, 83, 85, 87, 88, 90 ,
92, 93, 96, 97, 98, 102, 103, 106, 107, 112 ,
114, 118, 119, 120, 121, 122, 123, 124, 127, 128 ,
131, 132, 133, 134, 137, 138 ,
])

params = np.array([
[10.108462, 0.41212, 0.073451, -0.084451, -0.044706] ,
[15.074864, 0.303821, 0.065666, -0.036206, -0.016563] ,
[20.041257, 0.241329, 0.059044, -0.019402, -0.009802] ,
[25.020473, 0.180208, 0.046132, -0.003789, 0.001544] ,
[30.008342, 0.14538, 0.037985, 0.000555, 0.004004] ,
[34.999249, 0.121737, 0.032287, 0.001883, 0.004348] ,
[39.991616, 0.105045, 0.028058, 0.002171, 0.003988] ,
[45.572873, 0.091013, 0.02446, 0.002106, 0.003479] ,
[50.273181, 0.081831, 0.022089, 0.001944, 0.003051] ,
[55.267933, 0.073988, 0.020007, 0.001756, 0.002668] ,
[59.087483, 0.068953, 0.018674, 0.001617, 0.002406] ,
[64.670376, 0.062708, 0.017016, 0.001421, 0.002077] ,
[69.959457, 0.05777, 0.0157, 0.001257, 0.001811] ,
[79.950621, 0.050323, 0.013699, 0.001008, 0.001432] ,
[89.941952, 0.044576, 0.012149, 0.000826, 0.001154] ,
[99.933664, 0.040022, 0.010918, 0.000683, 0.000949] ,
[109.925465, 0.036325, 0.009915, 0.000575, 0.000792] ,
[119.917464, 0.033248, 0.00908, 0.000489, 0.000672] ,
])

f_ideal_76 = np.array([
-0.49599857324312013, -0.8802068614432665, -1.8898135232801145, -2.76658631519469 ,
-3.3493887619714227, -3.7658386750106287, -4.117894861071901, -4.478870143948168 ,
-4.738140158968169, -4.995124594928574, -5.177792549997062, -5.415609848790415 ,
-5.626925840363245, -5.953800699360282, -6.254077912650524, -6.546792271591325 ,
-6.640790912942781, -6.967658017146375 ,
])
Current Mountain Time: 2025-06-30 15:16:00.936894-06:00
295.85user 38.50system 0:24.12elapsed 1385%CPU (0avgtext+0avgdata 846780maxresident)k
0inputs+16outputs (945major+4614946minor)pagefaults 0swaps
