Xgate_noise.py

Current Mountain Time: 2025-07-06 15:51:25.202045-06:00
drive_phi= False ; drive_theta = True ; n_full = 1000 ; charge_truc = True
T1 = Tphi = 170 μs, num_cpus = 4
calculate_ideal = True, calculate_noise = False
Ideal: max_step = 0.0001, nsteps = 10000.0
Noisy: max_step = 0.0001, nsteps = 10000.0
n_hspace = 507 ;   n_job =  18

hspace (1000\507) = np.array([
0, 1, 2, 4, 5, 7, 8, 11, 12, 16 ,
17, 18, 21, 23, 25, 27, 30, 31, 32, 33 ,
37, 38, 40, 41, 42, 45, 46, 47, 48, 51 ,
52, 56, 59, 62, 63, 64, 65, 67, 72, 73 ,
74, 76, 78, 79, 82, 83, 85, 87, 88, 90 ,
92, 93, 96, 97, 98, 102, 103, 106, 107, 112 ,
114, 118, 119, 120, 121, 122, 123, 124, 127, 128 ,
131, 132, 133, 134, 137, 138, 142, 143, 150, 151 ,
154, 155, 156, 157, 158, 161, 162, 163, 166, 170 ,
171, 174, 175, 176, 177, 179, 180, 186, 187, 188 ,
191, 192, 195, 196, 199, 202, 203, 206, 207, 208 ,
210, 213, 214, 218, 219, 220, 221, 222, 225, 226 ,
230, 231, 232, 236, 237, 238, 242, 243, 246, 247 ,
248, 251, 252, 258, 259, 260, 262, 263, 264, 270 ,
271, 274, 275, 279, 280, 281, 283, 284, 285, 288 ,
289, 290, 294, 296, 297, 298, 299, 300, 301, 302 ,
307, 308, 312, 313, 314, 315, 324, 325, 326, 327 ,
328, 333, 334, 337, 338, 339, 340, 345, 346, 347 ,
348, 350, 351, 354, 355, 358, 359, 364, 365, 366 ,
367, 372, 373, 374, 375, 376, 377, 378, 381, 384 ,
385, 388, 389, 390, 398, 399, 400, 401, 407, 408 ,
410, 411, 413, 414, 418, 419, 420, 425, 426, 427 ,
428, 431, 432, 433, 436, 437, 438, 439, 442, 446 ,
447, 450, 451, 452, 453, 454, 455, 459, 460, 463 ,
464, 467, 468, 472, 473, 474, 475, 476, 486, 488 ,
489, 492, 493, 494, 496, 497, 501, 502, 506, 507 ,
508, 509, 510, 514, 515, 516, 517, 518, 521, 522 ,
526, 527, 528, 529, 532, 533, 534, 540, 543, 544 ,
550, 551, 552, 553, 554, 555, 556, 559, 560, 564 ,
567, 568, 569, 573, 574, 575, 576, 579, 580, 584 ,
585, 592, 593, 594, 595, 596, 597, 598, 601, 604 ,
605, 606, 613, 614, 615, 616, 617, 618, 621, 622 ,
628, 629, 631, 632, 636, 637, 638, 639, 644, 645 ,
648, 649, 650, 651, 654, 655, 656, 659, 660, 661 ,
664, 667, 668, 669, 670, 673, 674, 675, 676, 679 ,
680, 688, 689, 693, 694, 696, 697, 700, 701, 704 ,
705, 710, 711, 714, 715, 716, 717, 718, 721, 722 ,
725, 726, 729, 730, 735, 736, 739, 740, 741, 742 ,
746, 747, 750, 751, 752, 753, 757, 758, 761, 762 ,
763, 764, 766, 767, 772, 774, 775, 779, 780, 785 ,
788, 789, 790, 791, 796, 797, 798, 799, 800, 806 ,
807, 808, 811, 812, 813, 814, 815, 816, 817, 821 ,
822, 825, 826, 827, 828, 832, 833, 834, 835, 836 ,
844, 845, 851, 852, 853, 858, 859, 860, 861, 864 ,
865, 866, 872, 873, 874, 877, 878, 879, 883, 884 ,
885, 886, 887, 888, 891, 892, 895, 896, 900, 901 ,
904, 905, 906, 907, 908, 912, 913, 915, 922, 923 ,
926, 927, 928, 929, 930, 935, 936, 942, 943, 944 ,
947, 948, 949, 953, 954, 955, 956, 957, 958, 961 ,
962, 963, 964, 970, 971, 972, 973, 974, 977, 978 ,
982, 983, 985, 986, 987, 994, 995 ,
])

params = np.array([
[10.108462, 0.41212, 0.073451, -0.084451, -0.044706] ,
[15.074864, 0.303821, 0.065666, -0.036206, -0.016563] ,
[20.041257, 0.241329, 0.059044, -0.019402, -0.009802] ,
[25.020473, 0.180208, 0.046132, -0.003789, 0.001544] ,
[30.008342, 0.14538, 0.037985, 0.000555, 0.004004] ,
[34.999249, 0.121737, 0.032287, 0.001883, 0.004348] ,
[39.991616, 0.105045, 0.028058, 0.002171, 0.003988] ,
[45.572873, 0.091013, 0.02446, 0.002106, 0.003479] ,
[50.273181, 0.081831, 0.022089, 0.001944, 0.003051] ,
[55.267933, 0.073988, 0.020007, 0.001756, 0.002668] ,
[59.087483, 0.068953, 0.018674, 0.001617, 0.002406] ,
[64.670376, 0.062708, 0.017016, 0.001421, 0.002077] ,
[69.959457, 0.05777, 0.0157, 0.001257, 0.001811] ,
[79.950621, 0.050323, 0.013699, 0.001008, 0.001432] ,
[89.941952, 0.044576, 0.012149, 0.000826, 0.001154] ,
[99.933664, 0.040022, 0.010918, 0.000683, 0.000949] ,
[109.925465, 0.036325, 0.009915, 0.000575, 0.000792] ,
[119.917464, 0.033248, 0.00908, 0.000489, 0.000672] ,
])

f_ideal_507 = np.array([
-0.47686762128106086, -0.8896244884594966, -1.9402105739556967, -2.792653391969928 ,
-3.364404893919713, -3.773204407019627, -4.120745513424056, -4.477154646676067 ,
-4.7335250355217, -4.988579750397918, -5.169698179804738, -5.40630014908758 ,
-5.617267553105323, -5.943816143222536, -6.24476122506163, -6.536812079448001 ,
-6.625299910960888, -6.9519244475332975 ,
])

Current Mountain Time: 2025-07-06 16:01:35.126037-06:00

Current Mountain Time: 2025-07-06 16:01:35.128561-06:00
10287.54user 44.45system 10:12.64elapsed 1686%CPU (0avgtext+0avgdata 844928maxresident)k
0inputs+24outputs (654major+7281089minor)pagefaults 0swaps
