Xgate_noise.py
Current Mountain Time: 2025-06-30 15:10:32.258308-06:00
drive_phi= False ; drive_theta = True ; n_full = 100 ; charge_truc = True
T1 = Tphi = 170 μs
Ideal: max_step = 0.0003, nsteps = 3333.3333333333335
Noisy: max_step = 3e-05, nsteps = 33333.333333333336
n_hspace = 55
num_cpus =  4 ;   n_job =  18

hspace (100\55) = np.array([
0, 1, 2, 4, 5, 7, 8, 11, 12, 16 ,
17, 18, 21, 23, 25, 27, 30, 31, 32, 33 ,
37, 38, 40, 41, 42, 45, 46, 47, 48, 51 ,
52, 56, 59, 62, 63, 64, 65, 67, 72, 73 ,
74, 76, 78, 79, 82, 83, 85, 87, 88, 90 ,
92, 93, 96, 97, 98 ,
])

params = np.array([
[10.108462, 0.41212, 0.073451, -0.084451, -0.044706] ,
[15.074864, 0.303821, 0.065666, -0.036206, -0.016563] ,
[20.041257, 0.241329, 0.059044, -0.019402, -0.009802] ,
[25.020473, 0.180208, 0.046132, -0.003789, 0.001544] ,
[30.008342, 0.14538, 0.037985, 0.000555, 0.004004] ,
[34.999249, 0.121737, 0.032287, 0.001883, 0.004348] ,
[39.991616, 0.105045, 0.028058, 0.002171, 0.003988] ,
[45.572873, 0.091013, 0.02446, 0.002106, 0.003479] ,
[50.273181, 0.081831, 0.022089, 0.001944, 0.003051] ,
[55.267933, 0.073988, 0.020007, 0.001756, 0.002668] ,
[59.087483, 0.068953, 0.018674, 0.001617, 0.002406] ,
[64.670376, 0.062708, 0.017016, 0.001421, 0.002077] ,
[69.959457, 0.05777, 0.0157, 0.001257, 0.001811] ,
[79.950621, 0.050323, 0.013699, 0.001008, 0.001432] ,
[89.941952, 0.044576, 0.012149, 0.000826, 0.001154] ,
[99.933664, 0.040022, 0.010918, 0.000683, 0.000949] ,
[109.925465, 0.036325, 0.009915, 0.000575, 0.000792] ,
[119.917464, 0.033248, 0.00908, 0.000489, 0.000672] ,
])

f_ideal_55 = np.array([
-0.4952989209748051, -0.9750864069386653, -2.1762804560680187, -2.8841389201139527 ,
-3.422628246811922, -3.8434862818923343, -4.233575431176374, -4.677474870329673 ,
-5.012920766913601, -5.353581903081116, -5.611037854005285, -5.93131650740306 ,
-6.209646950444646, -6.553564294307515, -6.934702252410016, -7.36693863981132 ,
-7.052201779810175, -7.695129169449177 ,
])
Current Mountain Time: 2025-06-30 15:10:48.522709-06:00
245.48user 37.55system 0:19.33elapsed 1463%CPU (0avgtext+0avgdata 847796maxresident)k
0inputs+16outputs (387major+4729440minor)pagefaults 0swaps
