Xgate_noise.py
Current Mountain Time: 2025-06-29 16:16:19.885755-06:00
drive_phi= False ; drive_theta = True ; n_full = 200
n_charge = 200
num_cpus =  4 ;   n_job =  5

hspace_charge (200\200) = np.array([
0, 1, 2, 3, 4, 5, 6, 7, 8, 9 ,
10, 11, 12, 13, 14, 15, 16, 17, 18, 19 ,
20, 21, 22, 23, 24, 25, 26, 27, 28, 29 ,
30, 31, 32, 33, 34, 35, 36, 37, 38, 39 ,
40, 41, 42, 43, 44, 45, 46, 47, 48, 49 ,
50, 51, 52, 53, 54, 55, 56, 57, 58, 59 ,
60, 61, 62, 63, 64, 65, 66, 67, 68, 69 ,
70, 71, 72, 73, 74, 75, 76, 77, 78, 79 ,
80, 81, 82, 83, 84, 85, 86, 87, 88, 89 ,
90, 91, 92, 93, 94, 95, 96, 97, 98, 99 ,
100, 101, 102, 103, 104, 105, 106, 107, 108, 109 ,
110, 111, 112, 113, 114, 115, 116, 117, 118, 119 ,
120, 121, 122, 123, 124, 125, 126, 127, 128, 129 ,
130, 131, 132, 133, 134, 135, 136, 137, 138, 139 ,
140, 141, 142, 143, 144, 145, 146, 147, 148, 149 ,
150, 151, 152, 153, 154, 155, 156, 157, 158, 159 ,
160, 161, 162, 163, 164, 165, 166, 167, 168, 169 ,
170, 171, 172, 173, 174, 175, 176, 177, 178, 179 ,
180, 181, 182, 183, 184, 185, 186, 187, 188, 189 ,
190, 191, 192, 193, 194, 195, 196, 197, 198, 199 ,
])

params = np.array([
[15.074864, 0.303821, 0.065666, -0.036206, -0.016563] ,
[34.999249, 0.121737, 0.032287, 0.001883, 0.004348] ,
[55.267933, 0.073988, 0.020007, 0.001756, 0.002668] ,
[79.950621, 0.050323, 0.013699, 0.001008, 0.001432] ,
[119.917464, 0.033248, 0.00908, 0.000489, 0.000672] ,
])
T1 = Tphi = 170000.0 ns

 Ideal: max_step = 0.0003, nsteps = 3333.3333333333335

 Ideal: max_step = 0.0003, nsteps = 3333.3333333333335

 Ideal: max_step = 0.0003, nsteps = 3333.3333333333335

 Ideal: max_step = 0.0003, nsteps = 3333.3333333333335

 Ideal: max_step = 0.0003, nsteps = 3333.3333333333335

f_ideal_200 = np.array([
-0.8807583664544218, -3.7608945832065093, -4.983467385291614, -5.942940874132047 ,
-6.947402397241186 ,
])
Current Mountain Time: 2025-06-29 16:16:44.169812-06:00
117.83user 9.17system 0:26.97elapsed 470%CPU (0avgtext+0avgdata 847132maxresident)k
0inputs+8outputs (24major+1422866minor)pagefaults 0swaps
