Xgate_noise.py
Current Mountain Time: 2025-06-30 15:01:46.895248-06:00
drive_phi= False ; drive_theta = True ; n_full = 30 ; charge_truc = False
T1 = Tphi = 170 μs
Ideal: max_step = 0.0003, nsteps = 3333.3333333333335
Noisy: max_step = 3e-05, nsteps = 33333.333333333336
n_hspace = 30
num_cpus =  4 ;   n_job =  18

hspace (30\30) = np.array([
0, 1, 2, 3, 4, 5, 6, 7, 8, 9 ,
10, 11, 12, 13, 14, 15, 16, 17, 18, 19 ,
20, 21, 22, 23, 24, 25, 26, 27, 28, 29 ,
])

params = np.array([
[10.108462, 0.41212, 0.073451, -0.084451, -0.044706] ,
[15.074864, 0.303821, 0.065666, -0.036206, -0.016563] ,
[20.041257, 0.241329, 0.059044, -0.019402, -0.009802] ,
[25.020473, 0.180208, 0.046132, -0.003789, 0.001544] ,
[30.008342, 0.14538, 0.037985, 0.000555, 0.004004] ,
[34.999249, 0.121737, 0.032287, 0.001883, 0.004348] ,
[39.991616, 0.105045, 0.028058, 0.002171, 0.003988] ,
[45.572873, 0.091013, 0.02446, 0.002106, 0.003479] ,
[50.273181, 0.081831, 0.022089, 0.001944, 0.003051] ,
[55.267933, 0.073988, 0.020007, 0.001756, 0.002668] ,
[59.087483, 0.068953, 0.018674, 0.001617, 0.002406] ,
[64.670376, 0.062708, 0.017016, 0.001421, 0.002077] ,
[69.959457, 0.05777, 0.0157, 0.001257, 0.001811] ,
[79.950621, 0.050323, 0.013699, 0.001008, 0.001432] ,
[89.941952, 0.044576, 0.012149, 0.000826, 0.001154] ,
[99.933664, 0.040022, 0.010918, 0.000683, 0.000949] ,
[109.925465, 0.036325, 0.009915, 0.000575, 0.000792] ,
[119.917464, 0.033248, 0.00908, 0.000489, 0.000672] ,
])

f_ideal_30 = np.array([
-0.45967917266285985, -1.0263952962807878, -1.949016064778376, -2.554896474916349 ,
-2.7823568300405435, -2.8636310606806075, -2.7852571892998936, -2.7661058350723375 ,
-2.7685111247976453, -2.774480814047336, -2.7891716870009966, -2.8160004980307343 ,
-2.840663169650167, -2.898390224472126, -2.9664041722886068, -3.030610535567365 ,
-3.092643140605608, -3.1558026593503032 ,
])
Current Mountain Time: 2025-06-30 15:02:00.954814-06:00
212.20user 38.10system 0:18.10elapsed 1382%CPU (0avgtext+0avgdata 846392maxresident)k
0inputs+160outputs (319major+4615887minor)pagefaults 0swaps
