Xgate_noise.py
Current Mountain Time: 2025-06-07 22:26:48.009619-06:00
drive_phi= False ; drive_theta =  True ; truc =  1000
hspace_len= 1000
params =
[10.108462, 0.41212, 0.073451, -0.084451, -0.044706] ,
[15.074864, 0.303821, 0.065666, -0.036206, -0.016563] ,
[20.041257, 0.241329, 0.059044, -0.019402, -0.009802] ,
[25.020473, 0.180208, 0.046132, -0.003789, 0.001544] ,
[30.008342, 0.14538, 0.037985, 0.000555, 0.004004] ,
[34.999249, 0.121737, 0.032287, 0.001883, 0.004348] ,
[39.991616, 0.105045, 0.028058, 0.002171, 0.003988] ,
[45.572873, 0.091013, 0.02446, 0.002106, 0.003479] ,
[50.273181, 0.081831, 0.022089, 0.001944, 0.003051] ,
[55.267933, 0.073988, 0.020007, 0.001756, 0.002668] ,
[59.087483, 0.068953, 0.018674, 0.001617, 0.002406] ,
[64.670376, 0.062708, 0.017016, 0.001421, 0.002077] ,
[69.959457, 0.05777, 0.0157, 0.001257, 0.001811] ,
[79.950621, 0.050323, 0.013699, 0.001008, 0.001432] ,
[89.941952, 0.044576, 0.012149, 0.000826, 0.001154] ,
[99.933664, 0.040022, 0.010918, 0.000683, 0.000949] ,
[109.925465, 0.036325, 0.009915, 0.000575, 0.000792] ,
[119.917464, 0.033248, 0.00908, 0.000489, 0.000672] ,
num_cpus =  4 ;   n_job =  72

f_ideal = [
-0.47690777861694533, -0.889671420626253, -1.941052532901694, -2.791599102900867 ,
-3.3607149780475387, -3.765674245112071, -4.103988021823281, -4.4330111734112485 ,
-4.659430934431465, -4.86397918772637, -5.000644095573341, -5.1400350840623314 ,
-5.234276556536678, -5.356406114150163, -5.4022498102464445, -5.449315203558596 ,
-5.472112259513019, -5.449983408011627 ,
]
Current Mountain Time: 2025-06-07 22:37:28.072131-06:00
11396.88user 35.17system 10:42.12elapsed 1780%CPU (0avgtext+0avgdata 861728maxresident)k
0inputs+16outputs (2845major+9218054minor)pagefaults 0swaps
