Xgate_noise.py
Current Mountain Time: 2025-03-05 15:10:52.647559-07:00
truc =  300
num_cpus =  4 ;   n_job =  5
params =
[200.005395, 0.208582, 0.081626, 0.335171, 0.357777] ,

hspace_select_index (len=140) = [
0, 2, 3, 4, 8, 9, 10, 11, 15, 16 ,
18, 19, 20, 23, 24, 25, 28, 31, 33, 35 ,
37, 39, 40, 42, 43, 46, 47, 49, 51, 53 ,
55, 56, 57, 60, 62, 64, 66, 67, 69, 70 ,
73, 76, 77, 79, 81, 83, 85, 86, 88, 91 ,
92, 95, 96, 98, 100, 101, 102, 104, 106, 108 ,
110, 112, 113, 116, 118, 120, 121, 123, 126, 128 ,
130, 132, 133, 136, 137, 139, 141, 143, 145, 146 ,
148, 151, 153, 154, 156, 158, 159, 162, 164, 166 ,
167, 169, 170, 173, 174, 176, 179, 181, 183, 185 ,
186, 188, 190, 192, 194, 196, 198, 200, 202, 205 ,
206, 208, 209, 212, 213, 216, 218, 220, 222, 223 ,
226, 227, 229, 230, 232, 234, 237, 239, 241, 242 ,
245, 246, 248, 250, 252, 253, 255, 257, 259, 262 ,
]

f_ideal = [
-2.7365165224563937 ,
]

f_noise = [
-2.030625726965328 ,
]
Current Mountain Time: 2025-03-05 16:54:53.692937-07:00
308160.07user 28381.07system 1:44:04elapsed 5389%CPU (0avgtext+0avgdata 2934292maxresident)k
0inputs+16outputs (19major+3621502minor)pagefaults 0swaps
