Xgate_noise.py
Current Mountain Time: 2025-03-08 15:02:43.342752-07:00
truc =  300
num_cpus =  4 ;   n_job =  5
params =
[100.001683, 0.212233, 0.113924, 0.340021, 0.36258] ,
[170.00663, 0.212306, 0.087921, 0.33633, 0.362475] ,
[180.006237, 0.21108, 0.084566, 0.335734, 0.36059] ,
[190.009275, 0.209698, 0.083495, 0.335382, 0.359146] ,
[200.005395, 0.208582, 0.081626, 0.335171, 0.357777] ,

hspace_select_index (len=160) = [
0, 2, 3, 4, 8, 9, 10, 11, 15, 16 ,
18, 19, 20, 23, 24, 25, 28, 31, 33, 35 ,
37, 39, 40, 42, 43, 46, 47, 49, 51, 53 ,
55, 56, 57, 60, 62, 64, 66, 67, 69, 70 ,
73, 76, 77, 79, 81, 83, 85, 86, 88, 91 ,
92, 95, 96, 98, 100, 101, 102, 104, 106, 108 ,
110, 112, 113, 116, 118, 120, 121, 123, 126, 128 ,
130, 132, 133, 136, 137, 139, 141, 143, 145, 146 ,
148, 151, 153, 154, 156, 158, 159, 162, 164, 166 ,
167, 169, 170, 173, 174, 176, 179, 181, 183, 185 ,
186, 188, 190, 192, 194, 196, 198, 200, 202, 205 ,
206, 208, 209, 212, 213, 216, 218, 220, 222, 223 ,
226, 227, 229, 230, 232, 234, 237, 239, 241, 242 ,
245, 246, 248, 250, 252, 253, 255, 257, 259, 262 ,
264, 265, 267, 269, 271, 273, 275, 277, 279, 281 ,
282, 283, 286, 288, 290, 291, 293, 294, 297, 299 ,
]

f_ideal = [
-1.8449862316044818, -2.4549604304082835, -2.640586762989791, -2.6204783082010006 ,
-2.6726405931905726 ,
]

f_noise = [
-1.8369738963376037, -2.3491651167984102, -2.4750830131715214, -2.4599212273979423 ,
-2.471351615814052 ,
]
Current Mountain Time: 2025-03-09 01:07:10.883226-07:00
4948246.42user 697717.76system 10:04:31elapsed 15565%CPU (0avgtext+0avgdata 3757864maxresident)k
1158552inputs+16outputs (2061major+26203948minor)pagefaults 0swaps
