Xgate_noise.py
Current Mountain Time: 2025-03-09 14:06:38.985354-06:00
truc =  500
num_cpus =  4 ;   n_job =  100
params =
[80.007155, 0.210573, 0.122946, 0.355789, 0.37113] ,
[90.009744, 0.219753, 0.113433, 0.351332, 0.376525] ,
[100.001683, 0.212233, 0.113924, 0.340021, 0.36258] ,
[150.002399, 0.205268, 0.094552, 0.339607, 0.355509] ,

hspace_select_index (len=200) = [
0, 9, 2, 33, 10, 19, 25, 37, 31, 23 ,
16, 69, 18, 40, 46, 11, 15, 28, 57, 47 ,
42, 20, 62, 64, 55, 70, 53, 39, 49, 35 ,
51, 73, 56, 83, 24, 77, 76, 86, 66, 43 ,
60, 95, 92, 98, 79, 91, 101, 100, 85, 106 ,
3, 81, 108, 67, 116, 154, 112, 130, 88, 104 ,
121, 133, 96, 110, 113, 158, 146, 143, 123, 132 ,
139, 153, 102, 186, 120, 118, 166, 136, 162, 206 ,
176, 151, 145, 170, 194, 192, 126, 148, 232, 209 ,
141, 196, 220, 128, 253, 137, 159, 164, 173, 188 ,
185, 248, 218, 205, 167, 241, 229, 213, 281, 198 ,
156, 246, 181, 179, 174, 230, 169, 200, 226, 202 ,
265, 305, 190, 264, 259, 255, 223, 216, 250, 306 ,
282, 279, 262, 183, 297, 212, 237, 269, 257, 275 ,
273, 234, 322, 252, 291, 267, 319, 328, 288, 349 ,
227, 294, 336, 242, 239, 208, 315, 286, 320, 333 ,
358, 363, 370, 348, 384, 8, 397, 222, 366, 303 ,
337, 302, 418, 414, 357, 398, 326, 271, 310, 451 ,
438, 352, 346, 277, 245, 474, 283, 445, 313, 407 ,
391, 299, 290, 372, 341, 382, 409, 293, 361, 343 ,
]

f_ideal = [
-1.6667599362435213, -1.671487346383281, -1.8517394929999977, -2.449639401919899 ,
]

f_noise = [
-1.6174662073277877, -1.5835062061572318, -1.239660052894568, -2.0770214990016918 ,
]
Current Mountain Time: 2025-03-10 02:02:15.839622-06:00
329898.93user 13350.27system 11:55:46elapsed 799%CPU (0avgtext+0avgdata 4325116maxresident)k
0inputs+16outputs (777major+45020640minor)pagefaults 0swaps
