Xgate_noise.py
Current Mountain Time: 2025-04-24 16:04:46.638132-06:00
truc =  500
num_cpus =  4 ;   n_job =  100
params =
[828.759495, 0.013563, 0.034964, -0.003029, -0.003182] ,

hspace_select_index (len=140) = [
0, 9, 2, 33, 10, 19, 25, 37, 31, 23 ,
16, 69, 18, 40, 46, 11, 15, 28, 57, 47 ,
42, 20, 62, 64, 55, 70, 53, 39, 49, 35 ,
51, 73, 56, 83, 24, 77, 76, 86, 66, 43 ,
60, 95, 92, 98, 79, 91, 101, 100, 85, 106 ,
3, 81, 108, 67, 116, 154, 112, 130, 88, 104 ,
121, 133, 96, 110, 113, 158, 146, 143, 123, 132 ,
139, 153, 102, 186, 120, 118, 166, 136, 162, 206 ,
176, 151, 145, 170, 194, 192, 126, 148, 232, 209 ,
141, 196, 220, 128, 253, 137, 159, 164, 173, 188 ,
185, 248, 218, 205, 167, 241, 229, 213, 281, 198 ,
156, 246, 181, 179, 174, 230, 169, 200, 226, 202 ,
265, 305, 190, 264, 259, 255, 223, 216, 250, 306 ,
282, 279, 262, 183, 297, 212, 237, 269, 257, 275 ,
]
 dim_hspace = 140
 f_ideal = [0.99862963]
t1_tphi_other = [170] μs
RuntimeWarning: invalid value encountered in log10
 /home/zlqed/two_qubit_gate/zeropi/two_qubit_gate_for_zero_pi_qubit/X_gate/../utils_2Q_gate_zp.py: 935 f_noise (T=[170]) = [nan]
1580322.71user 130462.25system 6:40:06elapsed 7126%CPU (0avgtext+0avgdata 11277952maxresident)k
0inputs+24outputs (57major+12821708minor)pagefaults 0swaps
