Xgate_noise.py
Current Mountain Time: 2025-04-24 14:25:48.310069-06:00
truc =  500
num_cpus =  16 ;   n_job =  100
params =
[828.759495, 0.013563, 0.034964, -0.003029, -0.003182] ,

hspace_select_index (len=70) = [
0, 9, 2, 33, 10, 19, 25, 37, 31, 23 ,
16, 69, 18, 40, 46, 11, 15, 28, 57, 47 ,
42, 20, 62, 64, 55, 70, 53, 39, 49, 35 ,
51, 73, 56, 83, 24, 77, 76, 86, 66, 43 ,
60, 95, 92, 98, 79, 91, 101, 100, 85, 106 ,
3, 81, 108, 67, 116, 154, 112, 130, 88, 104 ,
121, 133, 96, 110, 113, 158, 146, 143, 123, 132 ,
]
 f_noise (T=[3]) = [0.91750293]
25894.27user 1604.53system 23:36.91elapsed 1940%CPU (0avgtext+0avgdata 3107200maxresident)k
0inputs+16outputs (55major+2361942minor)pagefaults 0swaps
