tg,drive_amp,detune,f_200_1e3,f_1000_mstep0,f_1000_1e3,f_2000_1e3
20.0396,0.042986,0.024999,-1.56779467,-1.58814701,-0.61462101,-0.61470142
21.058807,0.042997,0.024972,-1.49598975,-1.51192562,-0.59601337,-0.59571532
22.046788,0.042942,0.024992,-1.42641178,-1.44028786,-0.55798623,-0.5572316
23.086027,0.042942,0.024992,-1.35559152,-1.36415633,-0.50294221,-0.50173075
24.077438,0.026968,0.018682,-1.28746843,-1.2897972,-0.30985916,-0.3098539
25.070609,0.025027,0.017555,-1.22911672,-1.22831413,-0.30982795,-0.30981095
26.093888,0.014711,0.005774,-1.16946489,-1.1601878,-0.31179452,-0.31177707
27.088848,0.014377,0.005434,-1.11382224,-1.0996873,-0.31736318,-0.31734456
28.068485,0.013799,0.005027,-1.09447095,-1.07599761,-0.3228781,-0.32286039
29.106397,0.013619,0.005099,-1.08628788,-1.07202947,-0.32879995,-0.32877422
30.060953,0.013619,0.005099,-1.07775014,-1.06162821,-0.33406318,-0.33403494
31.094459,0.03961,0.010993,-1.06819199,-1.05293854,-0.36941227,-0.36750248
32.051075,0.038251,0.013537,-1.05810472,-1.04390246,-0.391855,-0.38957667
33.110126,0.038228,0.017434,-1.04704763,-1.03210896,-0.38284197,-0.37851999
34.092476,0.042971,0.017219,-1.03756863,-1.02325447,-0.29378217,-0.28676635
35.05881,0.042983,0.017567,-1.02645338,-1.01254801,-0.32845284,-0.32026067
36.036415,0.042983,0.017567,-1.01589886,-1.00187294,-0.36342695,-0.35397279
36.925473,0.042993,0.017465,-1.00540034,-0.99432378,-0.39200734,-0.38149243
38.051728,0.042323,0.017513,-0.9943993,-0.983564,-0.44358466,-0.43148265
39.030669,0.039506,0.019336,-0.9848229,-0.97791193,-0.57761497,-0.5631849
40.044918,0.037144,0.021018,-0.97445712,-0.96650948,-0.69965804,-0.68498544
41.095095,0.035794,0.02236,-0.96712311,-0.96151114,-0.79319646,-0.77855447
42.026098,0.034773,0.023105,-0.98271171,-0.97628073,-0.86789409,-0.85330658
43.087738,0.033565,0.024043,-1.00141332,-0.99046615,-0.95156875,-0.93767901
44.045552,0.032456,0.024949,-1.02326007,-1.01743141,-1.01974248,-1.00708168
45.061874,0.031564,0.02498,-1.04473135,-1.04068861,-1.07452869,-1.06188074
46.044288,0.030769,0.02499,-1.06788258,-1.06570233,-1.11018175,-1.09833857
47.029826,0.029918,0.024977,-1.09185927,-1.08596365,-1.12884598,-1.11863042
48.006405,0.029027,0.024981,-1.11676199,-1.12046429,-1.13335279,-1.12517017
49.07183,0.027853,0.02499,-1.13445441,-1.13047219,-1.12536677,-1.11967633
50.061226,0.0273,0.027376,-1.13452577,-1.13111437,-1.14666353,-1.14159672
50.937986,0.026648,0.027726,-1.11755215,-1.11993783,-1.13018369,-1.12615616
52.091384,0.025686,0.027721,-1.09185927,-1.08596365,-1.10524011,-1.10253216
53.086364,0.025049,0.027659,-1.06788258,-1.06570233,-1.08100144,-1.07905661
54.091874,0.02418,0.02731,-1.04473135,-1.04068861,-1.05636407,-1.05517729
55.034951,0.023416,0.026587,-1.02326007,-1.01743141,-1.03314346,-1.03245587
56.069465,0.022632,0.026119,-1.00141332,-0.99046615,-1.00882727,-1.00849267
57.035578,0.021965,0.02539,-0.98271171,-0.97628073,-0.98779434,-0.98771753
58.044191,0.021731,0.023387,-0.96712311,-0.96151114,-0.96922385,-0.96942289
59.085365,0.021822,0.020069,-0.97445712,-0.96650948,-0.97169041,-0.97255198
60.099544,0.021799,0.017785,-0.99876082,-0.98967322,-0.99364501,-0.9946944
61.063681,0.021431,0.017372,-1.02057913,-1.01141225,-1.01495111,-1.01581006
62.05419,0.021118,0.016864,-1.0444572,-1.03144581,-1.03836484,-1.03898755
63.017675,0.020658,0.016731,-1.06912037,-1.05485724,-1.06255553,-1.0629523
64.015513,0.020282,0.016535,-1.09491292,-1.07949431,-1.08808782,-1.0882825
65.038385,0.019851,0.016526,-1.12169907,-1.10407509,-1.11481263,-1.11486518
66.018886,0.0194,0.016411,-1.14732241,-1.12870268,-1.140405,-1.14029818
67.037836,0.018932,0.016232,-1.17359612,-1.1542447,-1.16672831,-1.16648401
68.034924,0.018637,0.016083,-1.19919076,-1.17883463,-1.19243087,-1.19212398
69.036192,0.018285,0.0161,-1.22340407,-1.20186852,-1.21685763,-1.21651779
70.041281,0.017949,0.015703,-1.24689973,-1.22471327,-1.24052157,-1.24011958
71.04142,0.017475,0.015447,-1.26860297,-1.24599993,-1.26257799,-1.26218773
72.044589,0.01714,0.015578,-1.28903673,-1.26276427,-1.28342836,-1.28305395
73.044942,0.016903,0.015326,-1.3077524,-1.27950187,-1.30232581,-1.30195352
74.047574,0.016614,0.015243,-1.32438806,-1.29051252,-1.31921655,-1.31885794
75.008058,0.016202,0.015116,-1.33863128,-1.31104811,-1.333768,-1.33345507
76.054801,0.02414,0.026088,-1.35453029,-1.36391683,-1.33891079,-1.33626276
77.106183,0.023486,0.025883,-1.42371296,-1.43723528,-1.4105771,-1.4083813
78.096512,0.023203,0.026031,-1.4946311,-1.51169749,-1.48032723,-1.47803892
79.093417,0.022735,0.025978,-1.56837316,-1.58833771,-1.5543795,-1.55223816
80.077779,0.022211,0.025875,-1.64537539,-1.66735745,-1.63226285,-1.63030958
81.092042,0.021792,0.025844,-1.72951068,-1.76235076,-1.71613832,-1.71418808
82.105831,0.021423,0.025793,-1.81870927,-1.85566962,-1.80445397,-1.8024186
83.078255,0.020919,0.025667,-1.91224904,-1.95261482,-1.89850782,-1.89647977
84.085947,0.020558,0.025627,-2.01728877,-2.06149988,-2.00133934,-1.99920339
85.037152,0.020206,0.025658,-2.1257718,-2.17331976,-2.10684967,-2.10467834
86.105841,0.019796,0.025541,-2.25893672,-2.29821385,-2.23608081,-2.23402439
87.013064,0.01951,0.025553,-2.3809848,-2.44316989,-2.3522397,-2.35028892
87.906771,0.019162,0.025408,-2.51206761,-2.53205183,-2.47340389,-2.4725413
88.916658,0.018828,0.025418,-2.67114496,-2.66810236,-2.61311209,-2.61356945
89.915569,0.01851,0.025337,-2.83161047,-2.78040864,-2.74105332,-2.74414191
90.9375,0.018202,0.025255,-2.97515101,-2.84951147,-2.84050338,-2.84721637
91.948301,0.017913,0.02519,-3.05385656,-2.852281,-2.88199226,-2.89185675
93.014189,0.017611,0.025103,-3.03281355,-2.75817215,-2.84873769,-2.85995024
93.911374,0.017371,0.025015,-2.94652805,-2.6705968,-2.77460061,-2.785105
94.926276,0.017128,0.024959,-2.81628865,-2.58984707,-2.67166178,-2.68034009
95.910255,0.016844,0.024808,-2.68674175,-2.43830828,-2.56164716,-2.56865437
96.920065,0.016639,0.024751,-2.56730405,-2.36485617,-2.46457031,-2.47002395
97.911043,0.016379,0.024548,-2.46501419,-2.28690497,-2.373819,-2.37804554
99.038946,0.016183,0.024445,-2.36644706,-2.2040653,-2.28911655,-2.29237896
99.905959,0.015939,0.024154,-2.30364801,-2.16758998,-2.23086286,-2.23327562
100.952316,0.015715,0.023862,-2.23997267,-2.12978291,-2.17400923,-2.1756611
102.050362,0.015478,0.023661,-2.18808769,-2.07770222,-2.12933991,-2.13040581
103.065573,0.015313,0.023106,-2.15984397,-2.06997084,-2.10483953,-2.10544311
104.063579,0.015087,0.022589,-2.14796798,-2.07472581,-2.09842458,-2.09854822
105.04587,0.014913,0.022187,-2.15189379,-2.09096985,-2.10666885,-2.10652974
106.071549,0.014753,0.021893,-2.17075398,-2.12006349,-2.12846768,-2.12814569
107.072959,0.014603,0.021621,-2.20152464,-2.15882097,-2.16154579,-2.16110103
108.08863,0.01444,0.021254,-2.24520839,-2.21379543,-2.20843561,-2.20793345
109.088723,0.014304,0.021016,-2.29686835,-2.27243148,-2.26147374,-2.26092615
110.011572,0.014146,0.020779,-2.35080957,-2.32939925,-2.31760094,-2.31699945
111.01862,0.014026,0.020663,-2.41821419,-2.40291232,-2.38416547,-2.38355104
112.104264,0.013861,0.020538,-2.49798199,-2.48255508,-2.46370724,-2.4630836
113.089189,0.013712,0.020449,-2.57616693,-2.55922478,-2.54119984,-2.54044588
114.084367,0.013565,0.020272,-2.66407704,-2.64547332,-2.6295204,-2.62880757
115.056909,0.013425,0.020146,-2.7544212,-2.73115812,-2.719102,-2.71828224
116.081819,0.013307,0.020056,-2.85318737,-2.83218807,-2.8154714,-2.81459145
117.027343,0.013172,0.019927,-2.94149754,-2.91274069,-2.90367462,-2.90276485
118.100265,0.013037,0.019835,-3.03209521,-2.99613142,-2.99360789,-2.99253311
118.955654,0.01292,0.019714,-3.09230661,-3.02226792,-3.05569949,-3.05458236
119.912572,0.012803,0.019606,-3.14182492,-3.05700187,-3.10759419,-3.10627182
121.010727,0.012668,0.019521,-3.17273408,-3.05790575,-3.14138244,-3.13981809
121.899104,0.012552,0.019398,-3.17577666,-3.04780724,-3.14931936,-3.14750449
122.954443,0.012435,0.019284,-3.15850361,-3.06367672,-3.13786739,-3.13636061
123.922428,0.012324,0.019169,-3.12956268,-3.05870106,-3.1134575,-3.11190571
124.958846,0.012176,0.018982,-3.09245349,-2.98162161,-3.08002673,-3.07840837
125.905442,0.012079,0.018908,-3.05890303,-2.96255246,-3.04833007,-3.04661154
127.004846,0.011959,0.018737,-3.02510951,-2.92816499,-3.01734138,-3.01603887
127.989493,0.011846,0.018614,-3.00281138,-2.93048677,-2.99602704,-2.99451056
129.070721,0.01172,0.018366,-2.9905725,-2.92532731,-2.98584301,-2.98482353
130.084681,0.011615,0.018234,-2.98990914,-2.93066666,-2.98560226,-2.98474961
130.992162,0.011523,0.018162,-2.99476991,-2.93184015,-2.99000786,-2.98869476
132.075088,0.011414,0.017943,-3.0081892,-2.96303846,-3.00490826,-3.00402789
133.039336,0.011315,0.01788,-3.02604034,-2.95438804,-3.0217416,-3.02037683
134.04404,0.011216,0.01771,-3.05347878,-3.00247298,-3.04986747,-3.04878384
134.944667,0.011126,0.017594,-3.08265647,-3.00913765,-3.07861039,-3.07741645
136.092276,0.011003,0.017408,-3.12530712,-3.00703518,-3.1205798,-3.11955966
137.091012,0.010911,0.017312,-3.16701504,-3.06970517,-3.16144271,-3.15994382
138.082992,0.010827,0.017209,-3.20933948,-3.1165899,-3.20371291,-3.20242498
138.956093,0.010746,0.0171,-3.24431531,-3.14962646,-3.23832487,-3.23671181
140.029224,0.010651,0.016991,-3.28098789,-3.20980019,-3.27390397,-3.27218521
141.011911,0.01056,0.016873,-3.30585599,-3.19782539,-3.29789922,-3.29605545
142.018324,0.010485,0.016776,-3.32485224,-3.27035638,-3.31746986,-3.31612305
142.96703,0.010398,0.016646,-3.33627458,-3.22827754,-3.3293228,-3.32836948
144.043172,0.010313,0.016563,-3.34601541,-3.29444792,-3.33819939,-3.33671505
144.999307,0.01024,0.016459,-3.34750207,-3.20529549,-3.34057507,-3.33956017
146.026626,0.010146,0.016335,-3.34513451,-3.24816665,-3.33746016,-3.33620284
146.987862,0.010081,0.016272,-3.33520096,-3.21314061,-3.32808515,-3.3264831
148.014861,0.009985,0.016116,-3.32744786,-3.24826355,-3.32043748,-3.31893891
149.00504,0.009903,0.015988,-3.31814918,-3.21711431,-3.31199788,-3.31083739
150.05425,0.00983,0.015909,-3.31990295,-3.13556312,-3.31346215,-3.31223411
150.996298,0.009767,0.015845,-3.32259866,-3.22739773,-3.31616923,-3.31454057
151.995423,0.009679,0.01572,-3.33197628,-3.22008308,-3.32469565,-3.32259296
153.000503,0.009614,0.015602,-3.34977449,-3.23936556,-3.34450867,-3.34359944
154.003702,0.009544,0.015508,-3.36938807,-3.27054611,-3.36440613,-3.36326306
155.033328,0.009466,0.01541,-3.39327889,-3.28963633,-3.38706892,-3.38565618
156.022816,0.009401,0.015319,-3.41959975,-3.29322311,-3.41390811,-3.41256092
157.003472,0.009333,0.015204,-3.45183039,-3.29754257,-3.44731401,-3.44626879
158.03957,0.009263,0.015107,-3.49200392,-3.27067367,-3.4875757,-3.48664502
159.044458,0.00919,0.015017,-3.53656193,-3.28089647,-3.53028524,-3.52840493
160.008577,0.009129,0.014917,-3.58213874,-3.31123055,-3.57735556,-3.57601899
161.006093,0.009063,0.014832,-3.62637174,-3.3732909,-3.62048026,-3.61897848
162.01007,0.009,0.014743,-3.665685,-3.30783047,-3.66002512,-3.65855859
163.019087,0.008938,0.014663,-3.6988802,-3.34620597,-3.69288985,-3.69104968
164.005209,0.008876,0.014574,-3.72840938,-3.25499801,-3.7226449,-3.72029909
165.010757,0.00881,0.014477,-3.75525995,-3.20597775,-3.74910357,-3.74647071
165.97334,0.008754,0.0144,-3.78001933,-3.42900574,-3.7744321,-3.77154072
167.008219,0.008692,0.014314,-3.80265157,-3.39483353,-3.79655884,-3.79382776
167.993224,0.008634,0.014231,-3.81971451,-3.28437834,-3.81448811,-3.81153923
169.039632,0.008573,0.01415,-3.83111236,-3.49377179,-3.82460844,-3.8212127
170.004681,0.008521,0.01407,-3.83740315,-3.56424606,-3.83313881,-3.83073411
171.004772,0.008458,0.013981,-3.84425884,-3.56334005,-3.83785253,-3.83457709
171.99241,0.008408,0.013908,-3.85639078,-3.43105058,-3.85256948,-3.84979206
172.988849,0.00835,0.013819,-3.87871544,-3.45243611,-3.87502841,-3.87206066
174.000117,0.008294,0.013737,-3.90956011,-3.40235805,-3.90558723,-3.90277879
174.998965,0.008242,0.013667,-3.94396993,-3.41049756,-3.93988622,-3.93629463
176.000245,0.00819,0.013584,-3.98000593,-3.37345965,-3.97752246,-3.97506584
177.005661,0.008136,0.013508,-4.01667239,-3.52069648,-4.01307161,-4.00988158
178.00529,0.008083,0.013425,-4.05598566,-3.61937725,-4.05394553,-4.05137074
179.002622,0.008031,0.013349,-4.10195472,-3.78083448,-4.09915123,-4.09616455
180.007637,0.007981,0.013274,-4.15544076,-3.75343227,-4.15401505,-4.15114524
181.016421,0.007929,0.013205,-4.21725259,-3.72985429,-4.2108001,-4.20590937
182.010007,0.00788,0.013127,-4.27986584,-3.70459594,-4.27628336,-4.27230093
182.997495,0.007831,0.013059,-4.336042,-3.79159791,-4.3292279,-4.32274571
184.007056,0.007784,0.012988,-4.3766425,-3.77594428,-4.37264263,-4.36787339
185.003435,0.007736,0.012922,-4.39573856,-3.80985936,-4.38729344,-4.38093152
185.990597,0.00769,0.012852,-4.40251635,-3.86797805,-4.39739668,-4.39163928
187.009155,0.007643,0.012779,-4.40777439,-3.4431565,-4.40648571,-4.40293833
188.012436,0.007596,0.01271,-4.41976552,-3.38723121,-4.41677341,-4.41265086
188.992337,0.007553,0.012652,-4.4304175,-3.49050133,-4.4259236,-4.42025502
190.000742,0.007508,0.012583,-4.42844165,-3.70068997,-4.42595222,-4.42219546
191.00684,0.007461,0.012511,-4.41105668,-3.69228186,-4.40778542,-4.40349218
192.010468,0.007421,0.012451,-4.38607748,-3.70359322,-4.38922604,-4.38822727
192.988995,0.007375,0.012387,-4.37040534,-3.43844586,-4.36578141,-4.36074988
193.987562,0.007333,0.012326,-4.3568198,-3.49956147,-4.35297723,-4.34808835
194.987058,0.007292,0.012263,-4.34927314,-3.48930301,-4.34844312,-4.34524099
195.988153,0.007249,0.012201,-4.34600263,-3.4601241,-4.34285598,-4.3385827
197.002242,0.007207,0.012139,-4.34114798,-3.54879459,-4.33731082,-4.33334898
197.996214,0.007166,0.012078,-4.32919841,-3.29037856,-4.32545245,-4.32052834
198.998445,0.007127,0.012024,-4.30691047,-3.32431055,-4.30266125,-4.29784033
