tg,drive_amp,detune,f_50,f_60,f_70,f_80,f_90,f_100,f_110,f_120,f_130,f_140,f_150,f_160,f_170,f_180,f_190,f_200,f_300,f_400,f_500,f_600,f_700,f_800,f_900
20.03960000,0.04298600,0.02499900,-0.21059780,-0.36874608,-0.39046699,-0.40538691,-0.31452540,-0.53616240,-0.58140473,-0.55599751,-0.54696195,-0.53927112,-0.53811773,-0.49181248,-0.53832397,-0.58474231,-0.57978107,-0.57869856,-0.61368203,-0.61544806,-0.61470161,-0.61464023,-0.61469304,-0.61478200,-0.61473406
26.09388800,0.01471100,0.00577400,-0.30822165,-0.31298903,-0.31316755,-0.31242697,-0.31034684,-0.31147126,-0.31152176,-0.31155426,-0.31153257,-0.31158895,-0.31158366,-0.31157757,-0.31179043,-0.31183042,-0.31183391,-0.31183365,-0.31183478,-0.31183723,-0.31183802,-0.31183887,-0.31183826,-0.31183146,-0.31183054
32.05107500,0.03825100,0.01353700,-0.40813483,-0.42261634,-0.44645345,-0.43404144,-0.40946318,-0.40943523,-0.40999289,-0.41795366,-0.42357210,-0.40832149,-0.40614077,-0.39564452,-0.39159842,-0.38118482,-0.36668553,-0.36858025,-0.39044688,-0.39099275,-0.38977200,-0.38978319,-0.38961806,-0.38962934,-0.38948654
38.05172800,0.04232300,0.01751300,-0.43764510,-0.76845000,-0.70636460,-0.77275891,-0.68310877,-0.50610323,-0.48310858,-0.51795100,-0.52619117,-0.54599580,-0.54894046,-0.68388370,-0.59123825,-0.51310069,-0.55277494,-0.54081560,-0.44622710,-0.43786222,-0.43286119,-0.43119708,-0.43148403,-0.43161964,-0.43161802
44.04555200,0.03245600,0.02494900,-0.72483262,-1.13856539,-1.15344737,-1.08253751,-0.96358264,-1.06175146,-1.10474965,-1.11314269,-1.13889175,-1.04342535,-1.03716926,-1.05804302,-1.06869012,-1.06632369,-1.08936594,-1.08117868,-1.01602326,-1.01602357,-1.00770230,-1.00666193,-1.00696380,-1.00682880,-1.00760319
50.06122600,0.02730000,0.02737600,-0.80268978,-1.12772269,-1.15167375,-1.14146630,-1.03934572,-1.13224878,-1.16321133,-1.16102220,-1.16455117,-1.11725600,-1.11403641,-1.10840632,-1.12940280,-1.13486150,-1.13973318,-1.14273116,-1.14452192,-1.14534500,-1.14149463,-1.14118759,-1.14105274,-1.14101256,-1.14115477
56.06946500,0.02263200,0.02611900,-0.81129660,-0.99288234,-1.00341667,-1.00383501,-0.95877973,-0.99324714,-1.00364934,-1.00306000,-1.00305458,-0.99912003,-0.99861089,-0.99534218,-1.00339637,-1.00430036,-1.00254945,-1.00308178,-1.00867954,-1.00824575,-1.00819751,-1.00820855,-1.00819274,-1.00819628,-1.00821119
62.05419000,0.02111800,0.01686400,-0.90932622,-1.04163816,-1.05440090,-1.04764551,-1.01320591,-1.03487457,-1.03983852,-1.04019021,-1.04018198,-1.03833154,-1.03740197,-1.02225304,-1.02636763,-1.02872448,-1.03069890,-1.03069604,-1.03720349,-1.03864916,-1.03886164,-1.03863761,-1.03881051,-1.03882557,-1.03874871
68.03492400,0.01863700,0.01608300,-1.06406822,-1.19719575,-1.20910028,-1.20227340,-1.16853040,-1.18950370,-1.19362304,-1.19410338,-1.19409378,-1.19237559,-1.19261783,-1.18770320,-1.19100097,-1.19092980,-1.19196529,-1.19226352,-1.19214802,-1.19182097,-1.19179933,-1.19189681,-1.19191999,-1.19191923,-1.19191039
74.04757400,0.01661400,0.01524300,-1.19277586,-1.32228756,-1.33277623,-1.32675186,-1.29612844,-1.31470993,-1.31808583,-1.31864883,-1.31861101,-1.31760924,-1.31830022,-1.31744778,-1.32004467,-1.31998364,-1.32028752,-1.32044211,-1.31892423,-1.31847673,-1.31846093,-1.31848445,-1.31849109,-1.31848566,-1.31847758
80.07777900,0.02221100,0.02587500,-1.87386689,-1.67704299,-1.65144806,-1.64313727,-1.74518121,-1.67606330,-1.65095897,-1.65277640,-1.65192796,-1.65980169,-1.65878579,-1.65952946,-1.64235815,-1.63372501,-1.62357683,-1.62309273,-1.63413369,-1.63257842,-1.63160851,-1.63165777,-1.63145015,-1.63139192,-1.63144235
86.10584100,0.01979600,0.02554100,-2.21183274,-2.29915221,-2.26445005,-2.25690691,-2.36798170,-2.28225272,-2.25727042,-2.25930649,-2.25867199,-2.26209522,-2.25130595,-2.19204584,-2.18206060,-2.16067055,-2.13127614,-2.13110617,-2.23898612,-2.23638929,-2.23707413,-2.23619925,-2.23614982,-2.23606827,-2.23620018
91.94830100,0.01791300,0.02519000,-2.20788820,-3.06910213,-3.05960228,-3.05249609,-2.98349283,-2.92870237,-2.93471718,-2.94068041,-2.94097401,-2.93440534,-2.89077075,-2.55389173,-2.56004048,-2.59190806,-2.56934782,-2.56922559,-2.88153399,-2.87545099,-2.89245568,-2.89116684,-2.89204833,-2.89222803,-2.89260051
97.91104300,0.01637900,0.02454800,-2.00630764,-2.44864879,-2.46454232,-2.46400861,-2.39993941,-2.41671052,-2.42808814,-2.42965952,-2.42976095,-2.42803493,-2.41676526,-2.28624593,-2.29083081,-2.31255657,-2.31836979,-2.31802376,-2.37083949,-2.37114019,-2.37600737,-2.37611468,-2.37640269,-2.37627035,-2.37643447
104.06357900,0.01508700,0.02258900,-1.97832982,-2.14425220,-2.14652061,-2.14741800,-2.13485976,-2.13628952,-2.13840390,-2.13882437,-2.13886853,-2.13778406,-2.13563587,-2.10377951,-2.10420074,-2.10260987,-2.10671297,-2.10624342,-2.09805459,-2.09867313,-2.09863771,-2.09858945,-2.09855001,-2.09846715,-2.09866488
110.01157200,0.01414600,0.02077900,-2.28974270,-2.35454827,-2.34837348,-2.35112420,-2.36183883,-2.34602103,-2.34435251,-2.34449687,-2.34466425,-2.34222055,-2.34622519,-2.33399269,-2.33267276,-2.32570824,-2.32767596,-2.32821763,-2.31903081,-2.31925452,-2.31851457,-2.31832416,-2.31840062,-2.31837914,-2.31829640
116.08181900,0.01330700,0.02005600,-2.67132051,-2.85784026,-2.84908223,-2.85401862,-2.86839937,-2.83690854,-2.83482714,-2.83518416,-2.83549272,-2.83109368,-2.84681526,-2.83715234,-2.83542505,-2.82498441,-2.82669527,-2.82834420,-2.81815810,-2.81777772,-2.81671332,-2.81657200,-2.81654522,-2.81646101,-2.81631485
121.89910400,0.01255200,0.01939800,-2.79390246,-3.17110381,-3.17217467,-3.17465010,-3.16308499,-3.14283006,-3.14451575,-3.14540834,-3.14562780,-3.14171797,-3.16468526,-3.16063110,-3.16055564,-3.15360061,-3.15453605,-3.15629906,-3.15017148,-3.14884686,-3.14806784,-3.14809570,-3.14797689,-3.14760429,-3.14770755
127.98949300,0.01184600,0.01861400,-2.73603220,-2.99764102,-3.00198748,-3.00131564,-2.98832995,-2.98846775,-2.99034587,-2.99083435,-2.99086297,-2.99005464,-2.99753764,-2.99719588,-2.99764340,-2.99672271,-2.99689401,-2.99726097,-2.99551971,-2.99425781,-2.99415142,-2.99435555,-2.99427467,-2.99418619,-2.99409827
134.04404000,0.01121600,0.01771000,-2.85643873,-3.05399917,-3.05448739,-3.05412257,-3.04975020,-3.05006892,-3.05049695,-3.05065731,-3.05070592,-3.05060315,-3.05334933,-3.05329110,-3.05331060,-3.05314570,-3.05318343,-3.05324702,-3.05095819,-3.04936290,-3.04944811,-3.04953226,-3.04948637,-3.04939207,-3.04938118
140.02922400,0.01065100,0.01699100,-3.01084968,-3.27984117,-3.28322385,-3.28075064,-3.26895463,-3.27596765,-3.27725488,-3.27761069,-3.27756023,-3.27748045,-3.27870776,-3.27869022,-3.27899014,-3.27906842,-3.27911241,-3.27912526,-3.27391122,-3.27200628,-3.27204500,-3.27177286,-3.27171384,-3.27156253,-3.27204811
146.02662600,0.01014600,0.01633500,-3.07832396,-3.34268564,-3.34759426,-3.34405071,-3.33028446,-3.33973292,-3.34123161,-3.34169705,-3.34157532,-3.34145966,-3.34178348,-3.34176990,-3.34215637,-3.34232310,-3.34236936,-3.34237526,-3.33610019,-3.33496705,-3.33491463,-3.33458820,-3.33447308,-3.33425873,-3.33467162
151.99542300,0.00967900,0.01572000,-3.08421320,-3.32580018,-3.33247257,-3.32853207,-3.31362478,-3.32386279,-3.32565947,-3.32622502,-3.32605312,-3.32590059,-3.32596924,-3.32596808,-3.32641472,-3.32663024,-3.32669032,-3.32668199,-3.32153624,-3.32102121,-3.32093052,-3.32069127,-3.32057124,-3.32025653,-3.32043818
158.03957000,0.00926300,0.01510700,-3.25707305,-3.49197204,-3.49593635,-3.49214161,-3.48149344,-3.48952872,-3.49040841,-3.49087652,-3.49080649,-3.49073251,-3.49075145,-3.49071475,-3.49098602,-3.49115418,-3.49119019,-3.49118442,-3.48658523,-3.48651617,-3.48636439,-3.48608222,-3.48592205,-3.48577994,-3.48559768
164.00520900,0.00887600,0.01457400,-3.40125663,-3.72260983,-3.73107283,-3.72514796,-3.70737137,-3.72011754,-3.72196594,-3.72279016,-3.72266525,-3.72250003,-3.72252551,-3.72249312,-3.72295341,-3.72322730,-3.72326382,-3.72329262,-3.71877976,-3.71842938,-3.71835678,-3.71785353,-3.71788036,-3.71743746,-3.71750123
170.00468100,0.00852100,0.01407000,-3.49989107,-3.83007856,-3.83866269,-3.83329057,-3.81677863,-3.82858273,-3.83037707,-3.83119434,-3.83108298,-3.83092796,-3.83096349,-3.83095550,-3.83135903,-3.83162440,-3.83165406,-3.83169000,-3.82884704,-3.82847917,-3.82840884,-3.82798550,-3.82724239,-3.82784855,-3.82769393
176.00024500,0.00819000,0.01358400,-3.62264389,-3.97350698,-3.98128796,-3.97687995,-3.96259502,-3.97287598,-3.97445892,-3.97519833,-3.97504206,-3.97490536,-3.97494885,-3.97495919,-3.97528265,-3.97553565,-3.97558736,-3.97556855,-3.97392802,-3.97361440,-3.97363708,-3.97329622,-3.97329989,-3.97316288,-3.97314626
182.01000700,0.00788000,0.01312700,-3.77925284,-4.26339414,-4.27691468,-4.27192154,-4.25199585,-4.26574689,-4.26861699,-4.26962993,-4.26921486,-4.26893014,-4.26901325,-4.26907849,-4.26949845,-4.26979630,-4.26985773,-4.26986772,-4.26826516,-4.26782363,-4.26780076,-4.26720550,-4.26717280,-4.26693079,-4.26691943
188.01243600,0.00759600,0.01271000,-3.87696264,-4.39744394,-4.41230023,-4.41005286,-4.39384028,-4.40458176,-4.40787525,-4.40859422,-4.40811307,-4.40771442,-4.40782581,-4.40793852,-4.40823994,-4.40839248,-4.40836703,-4.40850694,-4.40727894,-4.40673541,-4.40674646,-4.40627161,-4.40621063,-4.40616345,-4.40617017
193.98756200,0.00733300,0.01232600,-3.89799148,-4.33251525,-4.34455681,-4.34526085,-4.33678064,-4.34198187,-4.34478166,-4.34503380,-4.34470078,-4.34430980,-4.34440564,-4.34454217,-4.34468055,-4.34473137,-4.34471349,-4.34475560,-4.34382225,-4.34327559,-4.34321918,-4.34295796,-4.34303580,-4.34300095,-4.34306262
