tg,0-2,2-2,8-2,1-2,other
0.0,1.0,0.0,0.0,0.0,0.0
1.011872255952381,0.9999999088427861,4.628824865874128e-17,9.980909701739522e-09,7.336999533557922e-08,7.806308588069805e-09
2.023744511904762,0.9999955181659494,1.5434157325876572e-14,1.6778459410921627e-07,4.079967019159503e-06,2.3408242195100633e-07
3.035616767857143,0.9999971829628357,2.7454478006271006e-13,8.520160672740749e-07,1.7778357068796442e-06,1.871851156885719e-07
4.047489023809524,0.9999814542252253,2.2422571477925823e-12,2.664623123773636e-06,1.4976777980814851e-05,9.043714281405612e-07
5.059361279761905,0.9999877145403794,1.3883289644420562e-11,6.926893043998775e-06,4.921435278352078e-06,4.3711741472842396e-07
6.071233535714286,0.9999690179500895,5.720976849946686e-11,1.4357838861761392e-05,1.5632884429549676e-05,9.91269409466184e-07
7.083105791666666,0.9999622580151273,2.1732005996192414e-10,2.770686804493992e-05,9.236311055927371e-06,7.985884516319623e-07
8.094978047619048,0.9998694127263901,6.114179911523453e-10,4.765974886932402e-05,7.846051032453232e-05,4.466402998090827e-06
9.106850303571429,0.9998825493674012,1.7395095030112002e-09,7.846138306915073e-05,3.6348957414357055e-05,2.638552605790998e-06
10.11872255952381,0.9998016060922095,3.6548077335514434e-09,0.00011936079853829233,7.435693554045788e-05,4.67251890400794e-06
11.13059481547619,0.9997708428055536,9.075368357237975e-09,0.00018330294797179908,4.2802844568348106e-05,3.0423265378237015e-06
12.142467071428571,0.9996569908268427,1.7984331225436413e-08,0.00025916760995591985,7.866784994957732e-05,5.155728920423374e-06
13.154339327380953,0.9995494115998882,3.8234215755488626e-08,0.0003703693511340043,7.454714869203746e-05,5.6336660698465844e-06
14.166211583333332,0.9992696625574257,6.5037662290337e-08,0.0004996051336112209,0.0002170683540691413,1.3598917231465052e-05
15.178083839285714,0.9990904613022997,1.277913462594894e-07,0.0006761611352843327,0.00021961371719823734,1.363605387136131e-05
16.189956095238095,0.9989834225420248,2.037765028581316e-07,0.0008767349441224215,0.00013009876820619932,9.539969143867095e-06
17.201828351190475,0.9986783139171651,3.6936380475991985e-07,0.00116128142754074,0.00014893166280696986,1.1103628682099478e-05
18.213700607142858,0.9983465195524119,5.810230742086834e-07,0.001457386023325488,0.0001812076028799647,1.4305798308109812e-05
19.225572863095238,0.9977504769636927,9.889239056071627e-07,0.0018645876113605505,0.00035871823494798295,2.5228266093445133e-05
20.23744511904762,0.9973713400328433,1.4277446015374058e-06,0.0022952303954331234,0.0003077961494928429,2.420567762918819e-05
21.249317375,0.9964044426422419,2.3094862631261993e-06,0.002848039863179946,0.0006980670797401479,4.714092857463481e-05
22.26118963095238,0.9963758570195413,3.3345838527012278e-06,0.003451770879217499,0.0001518802874162578,1.7157229972257978e-05
23.273061886904763,0.9953677408531181,5.1084470670074054e-06,0.004244106775731092,0.0003506993573615037,3.234456672243701e-05
24.284934142857143,0.9946618303802526,7.239478421934172e-06,0.005033035370641964,0.00026747886250374874,3.041590817977434e-05
25.296806398809522,0.9927317530167605,1.0785938268238782e-05,0.006046282428349552,0.00111969348438076,9.148513224082285e-05
26.308678654761906,0.9925524382851751,1.4633195352850092e-05,0.007120295357255714,0.0002764970745170378,3.61360876990911e-05
27.320550910714285,0.9900569116356658,2.07102228816255e-05,0.008373214172937241,0.001415520284200482,0.0001336436843146643
28.332423166666665,0.9899263069017721,2.8510901444206224e-05,0.00979878845664849,0.00020551141043322882,4.0882329701717146e-05
29.344295422619048,0.9876599246584172,3.935252413569147e-05,0.01148468557886616,0.00072713171731073,8.890552127016292e-05
30.356167678571428,0.9863935931673293,5.2828456232927905e-05,0.013198462666418592,0.0002956689907896589,5.94467192297781e-05
31.36803993452381,0.9820941359530984,7.128058060526129e-05,0.0151508317446455,0.002391249324850452,0.00029250239680059036
32.37991219047619,0.982065674944343,9.419369029532975e-05,0.017430904174071487,0.0003277715289427425,8.145566234737002e-05
33.391784446428574,0.9777580987659505,0.00012155367638698427,0.019745951057882516,0.0020495609131440597,0.00032483558663582996
34.40365670238095,0.976676084107012,0.0001618628251259773,0.022611821990654094,0.00043075824940361966,0.00011947282780442344
35.41552895833333,0.9726124659697908,0.00020847123163638895,0.025589957416462823,0.0013460689342708594,0.00024303644783942895
36.427401214285716,0.9703082320993754,0.00027087587594876313,0.02883968601148584,0.0004281065277720547,0.00015309948541827536
37.43927347023809,0.9632084030154258,0.00033870202398512495,0.03196662723389911,0.0036923432256359134,0.0007939245010540098
38.451145726190475,0.9620252748638378,0.0004390348664794592,0.036189939690592726,0.0010257512684630331,0.00031999931062717335
39.46301798214286,0.9565700276154722,0.0005353884924481346,0.04004434246163107,0.0022154145836510344,0.0006348268467976037
40.47489023809524,0.9530647673306575,0.0006902215661909406,0.04504546503030901,0.0008634065349962747,0.0003361395378462615
41.48676249404762,0.9468117883391536,0.0008468723365893854,0.04960885248915305,0.002087402798050292,0.0006450840370537093
42.49863475,0.9420743643759047,0.0010722351987636576,0.055009313831245854,0.0012638159452146966,0.00058027064887106
43.510507005952384,0.9332349298030085,0.0012733676889676523,0.05967063518309926,0.004165852129649635,0.0016552151952752352
44.52237926190476,0.9282021467781809,0.0016085063346393924,0.06625761627149516,0.0027717243962215054,0.0011600062194627116
45.53425151785714,0.9227121840846424,0.0019052694331582886,0.0725603320236568,0.0018398376013811376,0.000982376857161235
46.546123773809526,0.9151659982968202,0.002372998456055885,0.08013088516421284,0.0014577007398117953,0.0008724173430992007
47.5579960297619,0.9066908071246566,0.0028132984558737533,0.08648777717929454,0.002541920164336619,0.0014661970758387537
48.569868285714286,0.8970019755978712,0.0034648167049501407,0.09392691472202011,0.003509123524621902,0.0020971694505366686
49.58174054166667,0.8886903408978779,0.0040066463251837055,0.10150352509263477,0.0033326174030320612,0.0024668702812715017
50.593612797619045,0.877111976534795,0.004884079998632929,0.10965650510017455,0.005128143828156584,0.003219294538240793
51.60548505357143,0.8716940146029797,0.00570994415275355,0.11984498687957292,0.0013317260216832254,0.0014193283430105734
52.61735730952381,0.8590514060182505,0.006869765049078749,0.1297487585342955,0.002241015574556475,0.0020890548238186703
53.62922956547619,0.8487934204814388,0.007961723979454608,0.13845636854227628,0.0022642491176785872,0.0025242378791517626
54.64110182142857,0.8316135076562052,0.009484898371635467,0.14584749441475003,0.007051701881975968,0.0060023976754334
55.652974077380954,0.8251337590750647,0.010879738264958045,0.1593414877356369,0.0018975766383281711,0.002747438286012247
56.66484633333333,0.8066916386493908,0.012740065490442426,0.167016461056403,0.006695200045782683,0.006856634757981166
57.67671858928571,0.7995663274766944,0.0147783153677395,0.18218890066002408,0.001080548527914023,0.0023859079676278724
58.688590845238096,0.7817227876083686,0.017217843061077806,0.1931685541041435,0.0033596771793967077,0.00453113804701347
59.70046310119048,0.7699539440381893,0.019685447187698872,0.20551271443310265,0.0014985569700624944,0.0033493373709465963
60.712335357142855,0.7451985020334452,0.022588601934483542,0.20873413208481742,0.010108521584836995,0.013370242362416724
61.72420761309524,0.7387464191362367,0.025889919417295244,0.23074324566016896,0.0011533195690687848,0.003467096217230064
62.73607986904762,0.716439535490105,0.029258888580048686,0.2369589120510778,0.006202322516145222,0.011140341362623386
63.747952125,0.7047834649236825,0.03361060111359318,0.2561879754674721,0.0011705737960205716,0.004247384699231521
64.75982438095238,0.6827213111564321,0.03804413527208116,0.26570631266143385,0.004658383635666166,0.008869857274386782
65.77169663690476,0.668716349931579,0.04310579971510494,0.28229439834898284,0.0011188626784550822,0.004764589325878015
66.78356889285715,0.6403707007089081,0.04775916798966644,0.2790272593496609,0.0100830711311411,0.022759800820623278
67.79544114880953,0.6296474176747632,0.05449158407001152,0.30690855192958255,0.00180337062540851,0.0071490757002343015
68.8073134047619,0.6075772244761,0.060085241539068496,0.3143440305616315,0.004270501104154261,0.01372300231904586
69.81918566071428,0.5899308874323044,0.06803140657520387,0.3336804236985456,0.0014518249199949446,0.0069054573739511125
70.83105791666667,0.566042178698574,0.07507085076946535,0.3388468995056416,0.00499393768712254,0.015046133339196263
71.84293017261905,0.5482714916471684,0.0841806443594311,0.3558933012984748,0.0018428932526750711,0.009811669442250386
72.85480242857143,0.5221147782829957,0.09099566383515534,0.35139734651986576,0.006887530287896073,0.028604681074087347
73.86667468452382,0.5043558003355679,0.10233988263704703,0.37483212861328125,0.003456189864422181,0.015015998549681399
74.87854694047618,0.48491730366053304,0.11125642911339195,0.3877592806536636,0.0025306451853051412,0.013536341387106316
75.89041919642857,0.46291917619414286,0.12366509077801012,0.40150927433786054,0.001517019319723185,0.010389439370263044
76.90229145238095,0.4402693862472395,0.1336792812972916,0.40216482386035535,0.0036468690876507196,0.020239639507462878
77.91416370833333,0.4182937859028748,0.14748489523541208,0.4095918733434918,0.0037139692995826665,0.020915476218638776
78.92603596428572,0.3977971763504528,0.15761623665456592,0.41528210178865455,0.00339509038942436,0.025909394816902166
79.9379082202381,0.3754483883133682,0.17320446042193177,0.42245876922703657,0.004307536379045004,0.02458084565861846
80.94978047619048,0.35870898976487314,0.1866622204292941,0.44076653599165966,0.001355872753701904,0.01250638106047107
81.96165273214285,0.33598514347050445,0.2033201289401581,0.4442756517060027,0.001491068397096416,0.014928007486238206
82.97352498809524,0.31674843809602604,0.21667771859059065,0.444511442589791,0.0018625525263555143,0.020199848197237035
83.98539724404762,0.293466729277361,0.2337395971799284,0.4319016920981708,0.005081453553200504,0.03581052789133929
84.9972695,0.27839378828787414,0.24916161435735876,0.4533846258887752,0.001337682514173328,0.01772228895181865
86.00914175595238,0.2571955118908681,0.2669411421313873,0.4422606630990891,0.0031605797896198636,0.030442103089035676
87.02101401190477,0.24238438731258757,0.28532374516752,0.45946921771384175,0.0005944546916652406,0.012228195114385249
88.03288626785714,0.22252604300058484,0.30462863629948933,0.45090821541224146,0.0016800049302464794,0.02025710035743805
89.04475852380952,0.2075166739425109,0.3218909217372631,0.4544676953747374,0.0007716302834289543,0.015353078662059741
90.0566307797619,0.18780333750141584,0.33889154024827955,0.4223906769721354,0.004102803458971491,0.04681164181919746
91.06850303571429,0.17615349241735137,0.36067311955075115,0.4506020836674307,0.00041932007634160745,0.012151984288124903
92.08037529166667,0.16014867147104506,0.37854528973105084,0.4311665262016615,0.001430594471882598,0.02870891812435978
93.09224754761905,0.14754851899484597,0.4005904233525191,0.43963574227992375,0.0003038416738066756,0.011921473698904304
94.10411980357142,0.1329266246583999,0.4199027389860861,0.420972560984058,0.001474110434825582,0.024723964936630483
95.1159920595238,0.12193366219149915,0.4410339025603579,0.42533524220180086,0.0002617864633355574,0.011435406583006577
96.12786431547619,0.10855027396722694,0.4553535641471722,0.38793945725458545,0.0019006380766810548,0.046256066554334216
97.13973657142857,0.09933294745441165,0.48148374648030834,0.4066636948601199,0.00023514821263395183,0.012284462992526215
98.15160882738095,0.08917204851726607,0.49878016445345275,0.39003750288037403,0.0005338045652412579,0.02147647958366583
99.16348108333334,0.07983447040010788,0.5219059667850812,0.3871250199682872,0.00018235878749233263,0.010952184059031617
100.17535333928572,0.07076951873353557,0.5388093151541098,0.36440415921447755,0.0007463043069145367,0.02527070259096266
101.18722559523809,0.06324449877645075,0.5617939914476996,0.36260299815219094,0.00016344741712495117,0.012195064206533544
102.19909785119047,0.0556569347154293,0.5739266189667342,0.33525678854587077,0.0005353839781978439,0.034624273793768034
103.21097010714286,0.04921615258752121,0.5996144488589649,0.3363158322246469,0.00026375363610496236,0.01458981269276199
104.22284236309524,0.043570188427912354,0.6165135962961567,0.3255573376117896,0.00021152901182231007,0.014147348652318923
105.23471461904762,0.03777999357382108,0.6379503255103731,0.31422397112313727,7.679006653153479e-05,0.009968919726137043
106.246586875,0.03294559740363716,0.651761262245744,0.29443918685348813,0.00021219019407966977,0.02064176330305116
107.25845913095237,0.028424462307943325,0.6726578856019214,0.28306861159403635,0.00020812216053257227,0.015640918335566422
108.27033138690476,0.024679365336287867,0.685175099241271,0.26982776165629674,0.00012772369353061114,0.020190050072614034
109.28220364285714,0.021058256818877113,0.7059163409228297,0.2579573775708852,0.00015299146552815704,0.014915033221879684
110.29407589880952,0.018234506780214217,0.7220742867708423,0.25018405019118295,6.058751443571463e-05,0.009446568743324925
111.30594815476191,0.015279737812959835,0.7397453942655426,0.23533567715101827,4.42180305929679e-05,0.009594972739886267
112.31782041071429,0.013035541991092607,0.7515673968942823,0.22178887544820897,4.614905836853604e-05,0.013562036608047645
113.32969266666666,0.010833159107620983,0.7667582484538366,0.20474041011861957,0.00013377202745526372,0.01753441029246778
114.34156492261904,0.009187598438479749,0.7810284635437234,0.19956416139513816,3.212615497741339e-05,0.01018765046768138
115.35343717857143,0.007604521223190227,0.7953146359012935,0.18455450977010512,3.69460276770761e-05,0.01248938707773402
116.36530943452381,0.0063611031897198534,0.8096622405302533,0.1770958397579923,9.629702153635572e-06,0.006871186819881086
117.37718169047619,0.005175079647827653,0.8224806989091855,0.16281057764027673,2.879595857195516e-05,0.00950484784413838
118.38905394642858,0.0042930844344953945,0.8335539104572316,0.15427957773276274,1.1268710206525535e-05,0.007862158665303959
119.40092620238096,0.003484921804730392,0.8421545560844143,0.13838191301250083,3.3726223228749256e-05,0.01594488287512582
120.41279845833333,0.0028748059494338547,0.8567945751841136,0.13448344625524603,4.56767698996511e-06,0.005842604934216638
121.42467071428571,0.0023718075564710984,0.8659285462336261,0.1225948625930648,4.456157537168393e-06,0.00910032745930079
122.4365429702381,0.0019414786023239212,0.8774513744484185,0.11522488807587918,1.826003930570091e-06,0.00538043286944771
123.44841522619048,0.0016138069447701646,0.8854403016593122,0.10402253616841368,8.580118782110417e-06,0.008914775108722057
124.46028748214286,0.0013566663294525042,0.8956690639237002,0.09787141015276123,1.7069009060023126e-06,0.005101152693179909
125.47215973809524,0.001171631988735878,0.8996698577991074,0.08707740827870783,1.9983943894642754e-06,0.01207910353905953
126.48403199404761,0.0010260076046906185,0.9119720920023512,0.08222699733522087,6.548257155373597e-07,0.004774248232021962
127.49590425,0.00094702909460599,0.917976668551746,0.07465320858812517,3.019437291732846e-06,0.006420074328231209
128.5077765059524,0.000868073587410811,0.9262869186707702,0.06832392249243444,7.671902089340764e-07,0.004520318059175712
129.51964876190476,0.0008452906986798241,0.9305514286240848,0.06101883753480828,1.2327816771190723e-06,0.007583210360750017
130.53152101785713,0.0008232625060384372,0.9387102842513377,0.0559633573802821,5.720082038558805e-07,0.004502523854137772
131.54339327380953,0.0008304981147821672,0.9409128089247143,0.05012089244642806,2.8266686636309615e-06,0.00813297384541206
132.5552655297619,0.0008450030309233549,0.9491363496948699,0.04537588188683565,1.0754671936278109e-06,0.00464168992017756
133.5671377857143,0.0008750279092202454,0.9532710236838104,0.040988546185738314,1.636909865660268e-06,0.004863765311365252
134.57901004166666,0.0008995117466433123,0.9585697773163782,0.03640425161243547,3.1760532103819776e-07,0.0041261417192220195
135.59088229761906,0.0009345992026677243,0.9607282922174025,0.03238553149659397,1.9095965923655254e-06,0.005949667486743209
136.60275455357143,0.0009646532226426161,0.9658192955352172,0.02858274818638297,1.2159721365370615e-06,0.004632087083620633
137.6146268095238,0.00099653775704372,0.9678292083905047,0.025755623565257676,2.7293519461290315e-06,0.005415900935247665
138.6264990654762,0.0010314691174016862,0.9721172880758886,0.022419268864556877,5.707575489342536e-07,0.004431403184603853
139.63837132142856,0.0010596467255592334,0.9748474545687889,0.019994927630515434,4.309563188557744e-07,0.004097540118817364
140.65024357738096,0.001085154049869464,0.9776722310082689,0.017246462096580414,6.843259420915188e-07,0.003995468519339005
141.66211583333333,0.00110581202746474,0.9789780910442825,0.01531826867520065,1.7502147718614125e-06,0.004596078038280332
142.6739880892857,0.0011244323333594339,0.9811866833727281,0.01309141756970492,8.162541315181565e-07,0.004596650470075952
143.6858603452381,0.001138469910963775,0.9830921166485348,0.011709182959883303,6.27108270032397e-07,0.004059603372348128
144.69773260119047,0.001152395404257753,0.9847649941011561,0.010016748910658783,6.184137131152371e-07,0.00406524317021411
145.70960485714286,0.001158783097353899,0.9863176934094001,0.008797804993040156,4.0071175849881814e-07,0.0037253177884476445
146.72147711309523,0.0011644049443860864,0.9874005076439998,0.007531331673263434,4.6728112224629127e-07,0.0039032884572283866
147.73334936904763,0.0011655548609450363,0.9883239455359678,0.006700142694008659,4.172619571389398e-07,0.003809939647121166
148.745221625,0.0011651932745489501,0.9887754952830698,0.00581553486676087,6.897003264480704e-07,0.004243086875293772
149.75709388095237,0.0011624389066851042,0.9900904576498424,0.005165252792892637,1.3308375737797654e-07,0.0035817175668224673
150.76896613690477,0.0011592282691451606,0.9905102240129392,0.004602294446270268,5.026291747574115e-07,0.003727750642470556
151.78083839285713,0.0011524955118241823,0.9911844058247548,0.004127379685074514,1.2520339376382587e-07,0.003535593774952661
152.79271064880953,0.0011457001703908598,0.9913289186100156,0.003782519521973183,2.2446146810141326e-07,0.0037426372361522315
153.8045829047619,0.0011375859570540254,0.9918561543985158,0.0034981830508063827,6.219429772140676e-08,0.0035080143993260226
154.8164551607143,0.0011290548679899239,0.9917079401096152,0.0033546329579330174,6.032150268722721e-07,0.003807768849434667
155.82832741666667,0.001120351621149074,0.9922587318812701,0.0031562820513411647,6.9688968269831e-08,0.003464564757271441
156.84019967261904,0.001112146863301196,0.9922562003359126,0.0031098145166451934,8.951505505780156e-08,0.0035217487690858864
157.85207192857143,0.00110283115892147,0.9924114819802861,0.0030367193040878723,1.4686309562014559e-08,0.0034489528703951027
158.8639441845238,0.0010943252490032886,0.9922723178082102,0.0030766915403594086,2.2636560212634657e-07,0.003556439036825082
159.8758164404762,0.0010863825064682917,0.9924151962358737,0.0030610613585360146,5.024614006229302e-08,0.0034373096529818027
160.88768869642857,0.0010791369211826185,0.9922638272198023,0.0031373614237381795,1.4517561804639376e-07,0.0035195292596588387
161.89956095238097,0.0010721548538212917,0.9923302081663294,0.0031676247092764665,1.7918261077704003e-09,0.0034300104787465466
162.91143320833334,0.0010663702587167974,0.9922573148366796,0.0032424947486617843,2.4213975346542516e-08,0.0034337959419665103
163.9233054642857,0.0010607973632857535,0.9922187659352846,0.0033015415663802897,2.784626738120252e-08,0.003418867288781948
164.9351777202381,0.0010564392301386407,0.9921256615409253,0.0033808313066736773,4.9419385135894586e-08,0.00343701850287734
165.94704997619047,0.0010528335323711834,0.992097028928103,0.003433131737799569,4.679227098426566e-10,0.0034170053338036773
166.95892223214287,0.0010501758044026272,0.9920500675104842,0.003481342969970829,1.12912594160744e-09,0.0034184125860161887
167.97079448809524,0.0010480976140799566,0.9920180511671935,0.003521633266344934,1.3439565078700842e-08,0.0034122045128165317
168.9826667440476,0.001047026095078122,0.9919970241307243,0.003544724590452625,1.127260779472127e-08,0.003411213911137202
169.994539,0.0010466369572705474,0.9919885459644582,0.0035539105093860455,8.29561518815822e-09,0.003410898273270278
