tg,2-2,0-2,8-2,5-2,other
0.0,1.0,0.0,0.0,0.0,0.0
1.011872255952381,0.999999881901805,5.1110858963832507e-17,1.0139683728853135e-08,6.505198827617798e-08,4.290652274472761e-08
2.023744511904762,0.9999955817646982,1.2624744793968414e-14,1.6794752984038933e-07,3.8470456879239385e-06,4.0324207136950865e-07
3.035616767857143,0.9999971806193259,2.6306042439072926e-13,8.707192595816758e-07,1.4198634223957315e-06,5.287977290297964e-07
4.047489023809524,0.9999831939028644,2.2647370450499774e-12,2.5092509510060583e-06,1.259201041680825e-05,1.704833503029078e-06
5.059361279761905,0.9999869744361163,1.3954333170445984e-11,6.914491173139299e-06,4.278823703539907e-06,1.8322350528211625e-06
6.071233535714286,0.9999685224528666,5.666470531559646e-11,1.4110601132696982e-05,1.4403048423002547e-05,2.9638409131560095e-06
7.083105791666666,0.9999602259227577,2.1109346446634843e-10,2.8006466688292e-05,7.25420024261165e-06,4.51319921773424e-06
8.094978047619048,0.9998762292587198,6.208329229310812e-10,4.595438952189443e-05,6.732273830809048e-05,1.0492992617233799e-05
9.106850303571429,0.9998772795231983,1.6698846137206688e-09,7.969398499020927e-05,3.268263523598159e-05,1.0342186691181244e-05
10.11872255952381,0.9998023601229213,3.8292177430739496e-09,0.00011506249045564168,6.795953177760207e-05,1.4614025627931656e-05
11.13059481547619,0.9997665085591194,9.034974117862005e-09,0.00018227764230574505,3.592787604842683e-05,1.527688755238805e-05
12.142467071428571,0.9996604918773109,1.8012999622355033e-08,0.0002552129416170118,6.530570001300886e-05,1.8971468059265386e-05
13.154339327380953,0.9995359889390651,3.706950673263797e-08,0.0003739595986590683,6.599338895546537e-05,2.4021003813527974e-05
14.166211583333332,0.9992842992181881,6.756670553084489e-08,0.0004835287589258853,0.0001960019352228298,3.610252095750853e-05
15.178083839285714,0.9990880994316853,1.2421390114295848e-07,0.000679214722489232,0.00019341434115319585,3.914729077082254e-05
16.189956095238095,0.9989935033023472,2.0949806263567115e-07,0.0008592993561245517,0.00011171934992218435,3.52684935434468e-05
17.201828351190475,0.9986838289494779,3.6844788535463067e-07,0.0011510711131160697,0.00012704770395161825,3.7683785569148114e-05
18.213700607142858,0.9983583538950946,5.845892190616972e-07,0.0014406215332326536,0.0001561097494884495,4.433023296505382e-05
19.225572863095238,0.9977450390572612,9.651022753290077e-07,0.0018724770388397378,0.00031755021148148466,6.396859014222053e-05
20.23744511904762,0.9974115464861426,1.4719332036018077e-06,0.0022484164500195082,0.00027287828161526794,6.56868490189153e-05
21.249317375,0.9964517101269287,2.2824207370499437e-06,0.0028281202563561945,0.000618347766299733,9.95394296785463e-05
22.26118963095238,0.9963797687587884,3.376207969379906e-06,0.0034247949664743876,0.00012499833920720058,6.70617275603935e-05
23.273061886904763,0.9954111273691939,5.111312589618334e-06,0.004200893129752237,0.0003003489291310159,8.251925933309566e-05
24.284934142857143,0.9946602218079994,7.290173702422365e-06,0.005003510721813786,0.0002331280107988768,9.584928568523276e-05
25.296806398809522,0.9927947641566675,1.06527119094888e-05,0.006022069675402726,0.0009881528409399101,0.0001843606150801223
26.308678654761906,0.9925629880501944,1.4859614215033778e-05,0.007067548357101386,0.00023036150482340581,0.00012424247366560754
27.320550910714285,0.9902203938000065,2.0789669720650448e-05,0.008253852052413621,0.0012581534274173913,0.0002468110504419767
28.332423166666665,0.9898564221184267,2.8676267086240356e-05,0.009790936651204438,0.00017306658087580342,0.0001508983824066255
29.344295422619048,0.987779245530489,3.950449851415518e-05,0.011368155316333133,0.000618154428818959,0.0001949402258447604
30.356167678571428,0.9863085485296863,5.307620970029793e-05,0.01320251623862806,0.00024158671572386872,0.00019427230626153214
31.36803993452381,0.9823420034820284,7.144038411688222e-05,0.014975161930568175,0.002129199128413966,0.0004821950748723721
32.37991219047619,0.9819355566469448,9.455725524960177e-05,0.01745654559937264,0.0002746924119130262,0.00023864808651991043
33.391784446428574,0.9781154622721073,0.0001233655747844863,0.01943861043129272,0.0018212001489735735,0.0005013615728418474
34.40365670238095,0.976538382966798,0.00016284506018882425,0.022638404710086137,0.00035869855645448943,0.0003016687064724283
35.41552895833333,0.9728723544337378,0.00021014455839526565,0.025341225911813356,0.0011516315955355794,0.00042464350051784954
36.427401214285716,0.9700406753306922,0.0002713262247924764,0.028969887400723073,0.0003550154464123595,0.0003630955973796296
37.43927347023809,0.9638171269481788,0.00034405242561132387,0.031470889817264217,0.0032958378420976106,0.0010720929668482798
38.451145726190475,0.9617863760031837,0.000439314535986139,0.0363180537138018,0.0008929048493876064,0.0005633508976406663
39.46301798214286,0.9570649311481657,0.0005464295943133348,0.03954432996201409,0.0019730440841670732,0.0008712652113397697
40.47489023809524,0.9529352369707815,0.0006967664088490077,0.04502685291638857,0.0007224151584267585,0.0006187285455543338
41.48676249404762,0.9472368403803324,0.0008579299427527322,0.049160848259382196,0.0017942410887092748,0.0009501403288237439
42.49863475,0.9416289842276367,0.0010735949381753666,0.0552821210441051,0.0011079860331155893,0.0009073137569674568
43.510507005952384,0.9341441367117678,0.0013056524701437935,0.05878679204300627,0.0037643598004988665,0.0019990589745832637
44.52237926190476,0.928153033112575,0.0016163320199842318,0.06622870389937631,0.0024054200793735114,0.001596510888691093
45.53425151785714,0.9231278990013723,0.0019484566028702326,0.07196065980513826,0.001615092033789778,0.0013478925568295636
46.546123773809526,0.9152373884237651,0.002404964657558942,0.07982984832854978,0.0012525852169557297,0.0012752133731705473
47.5579960297619,0.907252821068711,0.0028653228854624,0.08577237979333995,0.002212965968487277,0.0018965102839992635
48.569868285714286,0.8968205087490781,0.0034828033223936396,0.09397152987789417,0.003061681593730173,0.0026634764569037272
49.58174054166667,0.8896655960295914,0.004126215406912087,0.10026832110164893,0.0030492081441278315,0.002890659317719835
50.593612797619045,0.8778943954073731,0.0049459177632804035,0.10877475327758211,0.00441864278971021,0.003966290762054287
51.60548505357143,0.8720041920795252,0.00584396700962673,0.11906976162049375,0.0011206859285153611,0.00196139336183865
52.61735730952381,0.8598308810292792,0.006988087721902184,0.1286504963839824,0.0019681497080288033,0.002562385156807231
53.62922956547619,0.8495337301394323,0.008148549682283637,0.13723914670816342,0.0020218633452853884,0.0030567101248351438
54.64110182142857,0.8327185456854226,0.009601574289026674,0.1446079573190446,0.006002399695617658,0.007069523010888473
55.652974077380954,0.8261794037347684,0.011204112567914913,0.15756888425687676,0.0016785801589629646,0.0033690192814770266
56.66484633333333,0.8090829980483125,0.012997036930379936,0.16435819068139254,0.005787972527010019,0.007773801812905109
57.67671858928571,0.8002795575812576,0.015149491863014394,0.18061168042318537,0.0009108971882262323,0.0030483729443162486
58.688590845238096,0.7839930465254477,0.017578460232857897,0.1903656996158303,0.002914221529427212,0.005148572096436621
59.70046310119048,0.7712755623746408,0.020205784959778674,0.2031756855170725,0.0013038041724332673,0.004039162976074575
60.712335357142855,0.7487908512301836,0.023040029359638448,0.204833947301482,0.008523979092569292,0.01481119301612654
61.72420761309524,0.7405530216238205,0.02660962579429643,0.22769969839101092,0.0009635193960389234,0.004174134794833304
62.73607986904762,0.7209851703614445,0.030015894355619882,0.23168278746164855,0.005595826882630245,0.01172032093865672
63.747952125,0.7071196285548199,0.034542609495810006,0.2523912422851624,0.0010231815435903459,0.004923338120617625
64.75982438095238,0.6875370607840126,0.038977771401570493,0.2599016367691118,0.003860614940457043,0.009722916104848035
65.77169663690476,0.6716655801474182,0.044256286669090206,0.27768553895510006,0.0009319616228532046,0.005460632605538133
66.78356889285715,0.6472656717475496,0.04901987948319769,0.2712710606897698,0.00885312790596061,0.023590260173522493
67.79544114880953,0.633777566265212,0.05592793284625992,0.3009294881151013,0.0016364383291501434,0.00772857444427693
68.8073134047619,0.6147801776761839,0.06188262545308072,0.3053071559205851,0.004124082854988672,0.013905958095161687
69.81918566071428,0.5955643771732135,0.07002429253200074,0.3256097008963509,0.0012156075741756333,0.0075860218242592954
70.83105791666667,0.5743485526626964,0.07710253203402288,0.32863392389548063,0.004140995593072634,0.0157739958147275
71.84293017261905,0.5543262018231984,0.08630240272508942,0.3473974116279469,0.001697066423948812,0.010276917399816529
72.85480242857143,0.5325318985274216,0.09383714261241258,0.3386308280198627,0.006751473840688842,0.028248656999614395
73.86667468452382,0.5126996075774899,0.1049598693593,0.36378765694544857,0.0029474823582259966,0.01560538375953534
74.87854694047618,0.4954972172002449,0.11477017060912761,0.37365551643513195,0.002358734495411001,0.013718361260084546
75.89041919642857,0.4729426914857902,0.12716052450359086,0.38780868799697427,0.0013720120265682816,0.01071608398707632
76.90229145238095,0.45240552336578754,0.13747213094745792,0.38661732371638075,0.0033581211362704033,0.020146900834103747
77.91416370833333,0.4288361897612954,0.15088097615799156,0.3959295969533309,0.0031730726452304896,0.021180164482151737
78.92603596428572,0.41182191209087804,0.162867142941028,0.39657735277497846,0.003664466579527107,0.025069125613588327
79.9379082202381,0.3887851656385409,0.17735595871256699,0.40550229435298996,0.0035044739157681424,0.024852107380133763
80.94978047619048,0.3729188847521611,0.1923030591380726,0.42117292996739986,0.0011327300306049556,0.012472396111761456
81.96165273214285,0.3503283676950634,0.2083945865287448,0.42514467796828986,0.001500253907703129,0.014632113900198765
82.97352498809524,0.33242470209824704,0.2228027117948595,0.4233249095886099,0.001958592943112584,0.019489083575171148
83.98539724404762,0.3086567025233097,0.23840301028142485,0.4131802863355881,0.003967605588809039,0.03579239527086841
84.9972695,0.29544810360234064,0.25683418317905254,0.42927201578118573,0.0013226582124314554,0.0171230392249896
86.00914175595238,0.2742725674701695,0.27251060194449206,0.42057812030985686,0.0028527796430156457,0.029785930632466092
87.02101401190477,0.2594522792023109,0.29291463990749117,0.4353578607429035,0.0005592816460754695,0.011715938501218789
88.03288626785714,0.23994320863951357,0.3107915728694792,0.4280991120219275,0.0014796440209643047,0.019686462448115435
89.04475852380952,0.2254733889508323,0.33001074316558676,0.4291160359956314,0.0007625785476001805,0.014637253340349293
90.0566307797619,0.20573566562581438,0.3443151387742568,0.4007726192909327,0.0034009784079030245,0.045775597901093
91.06850303571429,0.1945226458420571,0.3694561022380096,0.4242020710656873,0.000383168840535794,0.011436012013710289
92.08037529166667,0.17869140032341738,0.3849983817585477,0.40731303147121595,0.001642174541336371,0.027355011905482625
93.09224754761905,0.16576064306135896,0.40915723732338494,0.4137137143872011,0.00031099419471456195,0.011057411033340537
94.10411980357142,0.15116359484380076,0.42610612830079087,0.39770538369759284,0.0011967474145787532,0.02382814574323689
95.1159920595238,0.13998830045051444,0.4493986364018622,0.3998210097440923,0.00024352002930132954,0.010548533374229892
96.12786431547619,0.12660815581234086,0.4609440582287532,0.36613781090120234,0.002050040571879345,0.044259934485824465
97.13973657142857,0.11698976829409355,0.4894044661896979,0.3820838113254932,0.0002602510822331494,0.011261703108482093
98.15160882738095,0.10687782636642054,0.5052071119288971,0.3669544846450007,0.0006999732546628053,0.020260603805018627
99.16348108333334,0.09698982182209681,0.529628816371582,0.3631966118856356,0.00017442119743409478,0.010010328723251364
100.17535333928572,0.08751008227538801,0.5439308280249676,0.3437231836024053,0.000743241379479591,0.024092664717759487
101.18722559523809,0.07931851151907206,0.5681218133024288,0.34118891583907646,0.00019001959505703854,0.011180739744365814
102.19909785119047,0.07174886104603714,0.5791528930577992,0.31532960952523087,0.0008736821497217452,0.03289495422121132
103.21097010714286,0.06445043598403119,0.6049210306849726,0.3167174182998601,0.00025650274501877224,0.013654612286117276
104.22284236309524,0.05860850948374301,0.6215881560108971,0.3062600266645213,0.00023728354494326797,0.013306024295895199
105.23471461904762,0.05207739429714222,0.6429306664407174,0.29577404009505975,0.00010296572377540525,0.009114933443305273
106.246586875,0.046722122243952426,0.6551588520787447,0.27818236076844133,0.0003332873398419414,0.019603377569019545
107.25845913095237,0.04128104033455861,0.6754308986450622,0.26830698463906905,0.0002063564104111457,0.014774719970899047
108.27033138690476,0.037501784398527215,0.6890754838372297,0.2539829655642193,0.00026751102258006624,0.019172255177443392
109.28220364285714,0.0329038552292118,0.7077652956822329,0.24495295272669965,0.0001689850898118177,0.014208911272043571
110.29407589880952,0.029736679747217547,0.724678198171353,0.23678226540195602,6.900547585692669e-05,0.008733851203616576
111.30594815476191,0.02597804763269275,0.741070834995664,0.22395191919054686,6.87219745547486e-05,0.00893047620654164
112.31782041071429,0.023303263058454166,0.752927094323371,0.21079921423267803,0.00010763891860107833,0.012862789466895728
113.32969266666666,0.020182776731791387,0.7658729592475111,0.1967887909504478,0.00014906480135754946,0.017006408268892152
114.34156492261904,0.0183966990233108,0.7824647693116565,0.18951795962469578,5.735522103141986e-05,0.009563216819305822
115.35343717857143,0.01597677891066515,0.794065097093759,0.17778979278587717,7.859429264456154e-05,0.012089736917054126
116.36530943452381,0.014367051281707097,0.8095319600399775,0.1697756500699833,1.971326972369514e-05,0.006305625338608569
117.37718169047619,0.012464545764862342,0.8205241565027739,0.15781606731700848,4.3175546446019875e-05,0.009152054868909314
118.38905394642858,0.0112495750979908,0.8326649975516235,0.1486472994757508,2.59567601399379e-05,0.00741217111449509
119.40092620238096,0.009722236213756051,0.8387743639003412,0.13563577123414575,7.510978806200372e-05,0.015792518863694857
120.41279845833333,0.008889659535478928,0.8554529537916886,0.1302612385061076,9.441403724080512e-06,0.005386706763000817
121.42467071428571,0.007796673219816918,0.8626739530376326,0.12057238881600195,2.8655569529351135e-05,0.008928329357019158
122.4365429702381,0.007041960602461313,0.8751000074468659,0.11288266015416656,6.620550449975012e-06,0.004968751246056338
123.44841522619048,0.006183510506375839,0.8814877137063758,0.10351734495601532,2.224492439879422e-05,0.008789185906834049
124.46028748214286,0.005663779340387148,0.8927921383738628,0.0968001731253229,5.0627340421182495e-06,0.0047388464263848455
125.47215973809524,0.005010535654888514,0.8953607982605841,0.08750403018453726,3.193979586349209e-05,0.012092696104126383
126.48403199404761,0.004627715975009249,0.9086505578005809,0.08228569207745269,3.1627784774562316e-06,0.0044328713684798505
127.49590425,0.0041865989853664375,0.9138779602425239,0.07562287975874182,8.560159162792122e-06,0.006304000854205089
128.5077765059524,0.003853411946078814,0.9226673887469067,0.06926440448762672,2.666812666050663e-06,0.004212128006722049
129.51964876190476,0.0034941166810626948,0.9261011866304014,0.06284839920103577,1.0976949991413041e-05,0.007545320537508429
130.53152101785713,0.0032687830841726757,0.9347555814959283,0.057740746290334405,1.9719046717311667e-06,0.004232917224893071
131.54339327380953,0.0030159047463707202,0.9367816010990698,0.05205698971737101,1.154289838995374e-05,0.00813396153879826
132.5552655297619,0.002831867417556729,0.9451559014761225,0.047574248537825964,2.734154813599278e-06,0.004435248413681433
133.5671377857143,0.0026605934986489287,0.9492663172765501,0.043324703858675394,2.765938238332225e-06,0.004745619427887189
134.57901004166666,0.002508558695668091,0.9547442550986773,0.038833600499795444,1.2171871049006635e-06,0.003912368518754281
135.59088229761906,0.0023609026891470595,0.9568288465548881,0.034897280633778706,5.318458169910017e-06,0.005907651664016331
136.60275455357143,0.002247106209220258,0.9619446373087608,0.03132636534129642,2.0556910827919293e-06,0.004479835449639671
137.6146268095238,0.002153028890850731,0.9643935070178171,0.028106314361364036,3.502374710792323e-06,0.005343647355257212
138.6264990654762,0.0020533280679585772,0.9686117005044065,0.02502200018127161,1.9685038190020272e-06,0.004311002742544492
139.63837132142856,0.0019805164353162543,0.9715711119835785,0.022480766685169906,1.240756973199865e-06,0.003966364138962333
140.65024357738096,0.0018996983773051758,0.974487852754486,0.01976349429577488,7.700183957224475e-07,0.003848184554038147
141.66211583333333,0.0018364139811843875,0.9760639406336766,0.01758996635078929,1.7972009159110697e-06,0.0045078818334339755
142.6739880892857,0.0017665782710653305,0.9782383946843423,0.015482492170690592,2.1143872497774486e-06,0.0045104204866521095
143.6858603452381,0.001726508491841468,0.9805615758880379,0.013774673804049979,1.1891258650896005e-06,0.00393605269020555
144.69773260119047,0.001668578385137951,0.9823031721260704,0.012060633582219284,8.572072846107889e-07,0.0039667586992875896
145.70960485714286,0.0016296675788497427,0.9840534981609875,0.010724983175138404,4.306402179766161e-07,0.003591420444806269
146.72147711309523,0.0015810266801674622,0.9852734505518713,0.009350180662902939,7.85235662939193e-07,0.0037945568693953493
147.73334936904763,0.0015499218111358765,0.986437913331121,0.008317946853886862,5.668723494278844e-07,0.0036936511315064885
148.745221625,0.0015085611101685848,0.9870039995164192,0.007318711114958237,1.1072390989650576e-06,0.0041676210193552455
149.75709388095237,0.0014845915227271254,0.9885128539166672,0.006550203239526334,2.864017430552627e-07,0.003452064919336214
150.76896613690477,0.0014528623558734727,0.989119575066813,0.005799874241629583,4.5878790072043577e-07,0.0036272295477832476
151.78083839285713,0.0014292335877623017,0.9898991428401563,0.005259683470511122,1.053902217735646e-07,0.003411834711348305
152.79271064880953,0.0014027833733459612,0.990225101396838,0.004725897846238621,4.893521824663025e-07,0.003645728031394944
153.8045829047619,0.0013850297821947572,0.9908579243719687,0.004367332408874976,1.9208572423692792e-07,0.003389521351237228
154.8164551607143,0.0013655854382763066,0.9908882637530906,0.004028353352110714,4.663740709706516e-07,0.0037173310824512216
155.82832741666667,0.0013499019765052152,0.9915021718563706,0.0038012640449910963,3.19519537698649e-08,0.0033466301701791535
156.84019967261904,0.001335620787347345,0.9916622220466523,0.003584724848095489,1.7093221375000648e-07,0.003417261385691158
157.85207192857143,0.001322661517314581,0.9918674614342123,0.003474382094346783,7.343863672421127e-08,0.003335421515489386
158.8639441845238,0.0013120893334729,0.9918724791787216,0.003360068374479236,1.1596750983197854e-07,0.003455247145816178
159.8758164404762,0.0013025111182582258,0.9920505494172676,0.00332108198285255,2.9390251502344173e-08,0.003325828091369998
160.88768869642857,0.0012959041198303185,0.992006991032146,0.003280196798320864,1.9352533483456687e-07,0.003416714524368055
161.89956095238097,0.0012883677150088131,0.992107194354048,0.0032830173312103075,2.4380182759954045e-08,0.0033213962195504034
162.91143320833334,0.0012837168794964222,0.9921087750441031,0.0032797333607658494,6.3039615408762705e-09,0.003327768411673428
163.9233054642857,0.0012788505784727283,0.9920959790735235,0.0033141343338152426,2.3505595201791914e-08,0.0033110125085931384
164.9351777202381,0.0012763004098953323,0.9920590083104003,0.0033331639402666728,5.863147921134268e-08,0.0033314687079587443
165.94704997619047,0.0012733351796474263,0.9920480037277256,0.0033684205129976942,6.452682108805438e-10,0.0033102399343610967
166.95892223214287,0.0012720891314045683,0.9920231838463646,0.0033923257794633193,2.297282328502932e-09,0.003312398945485015
167.97079448809524,0.0012706670337189786,0.9920059362956601,0.003417322720422914,1.4450573681792401e-08,0.003306059499624506
168.9826667440476,0.0012701677341832533,0.9919938358914384,0.0034309882139745827,8.417943642250422e-09,0.003304999742460035
169.994539,0.001269979589112167,0.9919878596900613,0.0034374446053751697,6.390672746019765e-09,0.0033047097247782607
