sigmaX_fidelity_import_paras.py
Current Mountain Time: 2024-12-20 17:46:37.022504-07:00
n_job= 160 , n_cpu= 50
drive_phi= False ; drive_theta =  True ; DRAG = 0
para_tot =
[20.0, 0.247986, 0.058597, -0.019272, -0.016288] ,
[25.0, 0.179494, 0.046241, -0.003228, -0.000476] ,
[30.0, 0.144862, 0.038029, 0.000865, 0.003487] ,
[35.0, 0.121768, 0.032286, 0.001859, 0.004392] ,
[39.991886, 0.104909, 0.028041, 0.002101, 0.003946] ,
[45.572781, 0.09096, 0.024445, 0.002067, 0.003452] ,
[50.273215, 0.081847, 0.022073, 0.001926, 0.003046] ,
[55.267802, 0.073999, 0.020011, 0.001734, 0.00265] ,
[59.087372, 0.068941, 0.018682, 0.001583, 0.002376] ,
[64.670051, 0.06271, 0.017022, 0.0014, 0.002053] ,
[69.959216, 0.057773, 0.015699, 0.001245, 0.001799] ,
[79.95019, 0.05031, 0.013698, 0.001001, 0.001419] ,
[89.941635, 0.044572, 0.01215, 0.000817, 0.001147] ,
[99.933208, 0.040021, 0.010919, 0.000677, 0.000941] ,
[109.925012, 0.036315, 0.009915, 0.000569, 0.000786] ,
[119.916936, 0.03325, 0.009081, 0.000486, 0.000668] ,

truc1_a= 50 ; truc1_b= 29
log of gate error (truc=29) = 
fidelity=
-1.18598831, -1.7401121, -2.28679653, -2.72179104 ,
-2.97469654, -3.29213154, -3.54788962, -3.76587676 ,
-3.89856411, -4.1201703, -4.30656342, -4.59359978 ,
-4.85034009, -5.03780904, -5.22062745, -5.4052224 ,
leakage_error=
0.02144973, 0.00430777, 0.00076273, 7.356e-05 ,
3.567e-05, 1.813e-05, 7.91e-06, 3.14e-06 ,
1.28e-06, 5.2e-07, 5.2e-07, 1.6e-07 ,
1.6e-07, 3e-08, 4e-08, 3e-08 ,
Current Mountain Time: 2024-12-20 17:46:45.389574-07:00
359.89user 140.44system 0:10.82elapsed 4620%CPU (0avgtext+0avgdata 346924maxresident)k
0inputs+16outputs (47009major+13755209minor)pagefaults 0swaps
