sigmaX_fidelity_import_paras.py
Current Mountain Time: 2024-12-20 17:50:46.332129-07:00
n_job= 480 , n_cpu= 50
drive_phi= False ; drive_theta =  True ; DRAG = 0
para_tot =
[20.0, 0.247986, 0.058597, -0.019272, -0.016288] ,
[25.0, 0.179494, 0.046241, -0.003228, -0.000476] ,
[30.0, 0.144862, 0.038029, 0.000865, 0.003487] ,
[35.0, 0.121768, 0.032286, 0.001859, 0.004392] ,
[39.991886, 0.104909, 0.028041, 0.002101, 0.003946] ,
[45.572781, 0.09096, 0.024445, 0.002067, 0.003452] ,
[50.273215, 0.081847, 0.022073, 0.001926, 0.003046] ,
[55.267802, 0.073999, 0.020011, 0.001734, 0.00265] ,
[59.087372, 0.068941, 0.018682, 0.001583, 0.002376] ,
[64.670051, 0.06271, 0.017022, 0.0014, 0.002053] ,
[69.959216, 0.057773, 0.015699, 0.001245, 0.001799] ,
[79.95019, 0.05031, 0.013698, 0.001001, 0.001419] ,
[89.941635, 0.044572, 0.01215, 0.000817, 0.001147] ,
[99.933208, 0.040021, 0.010919, 0.000677, 0.000941] ,
[109.925012, 0.036315, 0.009915, 0.000569, 0.000786] ,
[119.916936, 0.03325, 0.009081, 0.000486, 0.000668] ,

truc1_a= 300 ; truc1_b= 300
log of gate error (truc=300) = 
fidelity=
-1.63163553, -2.36566808, -3.07182969, -3.79469938 ,
-4.21294127, -4.60626864, -4.9274952, -5.08152377 ,
-5.22014734, -5.40806063, -5.57849095, -5.77797503 ,
-5.89259672, -5.91613684, -5.90679151, -5.82044349 ,
leakage_error=
0.03377333, 0.00604388, 0.00119418, 0.00022972 ,
9.109e-05, 3.636e-05, 1.758e-05, 1.234e-05 ,
8.68e-06, 5.49e-06, 3.78e-06, 2.24e-06 ,
1.65e-06, 1.48e-06, 1.47e-06, 1.48e-06 ,
Current Mountain Time: 2024-12-20 17:51:38.724127-07:00
1048.40user 192.38system 0:54.85elapsed 2261%CPU (0avgtext+0avgdata 416832maxresident)k
0inputs+16outputs (49643major+17785355minor)pagefaults 0swaps
