sigmaX_fidelity_import_paras.py
Current Mountain Time: 2024-12-20 17:47:55.620207-07:00
n_job= 160 , n_cpu= 50
drive_phi= False ; drive_theta =  True ; DRAG = 0
para_tot =
[20.0, 0.247986, 0.058597, -0.019272, -0.016288] ,
[25.0, 0.179494, 0.046241, -0.003228, -0.000476] ,
[30.0, 0.144862, 0.038029, 0.000865, 0.003487] ,
[35.0, 0.121768, 0.032286, 0.001859, 0.004392] ,
[39.991886, 0.104909, 0.028041, 0.002101, 0.003946] ,
[45.572781, 0.09096, 0.024445, 0.002067, 0.003452] ,
[50.273215, 0.081847, 0.022073, 0.001926, 0.003046] ,
[55.267802, 0.073999, 0.020011, 0.001734, 0.00265] ,
[59.087372, 0.068941, 0.018682, 0.001583, 0.002376] ,
[64.670051, 0.06271, 0.017022, 0.0014, 0.002053] ,
[69.959216, 0.057773, 0.015699, 0.001245, 0.001799] ,
[79.95019, 0.05031, 0.013698, 0.001001, 0.001419] ,
[89.941635, 0.044572, 0.01215, 0.000817, 0.001147] ,
[99.933208, 0.040021, 0.010919, 0.000677, 0.000941] ,
[109.925012, 0.036315, 0.009915, 0.000569, 0.000786] ,
[119.916936, 0.03325, 0.009081, 0.000486, 0.000668] ,

truc1_a= 300 ; truc1_b= 157
log of gate error (truc=157) = 
fidelity=
-1.63144257, -2.3656488, -3.07152935, -3.79312913 ,
-4.17963222, -4.5763261, -4.88700169, -5.19107542 ,
-5.40032661, -5.56826046, -5.66368518, -5.89357681 ,
-6.05220541, -6.07940406, -6.10511699, -6.00041164 ,
leakage_error=
0.03378784, 0.00604431, 0.00119471, 0.00023038 ,
9.848e-05, 3.908e-05, 1.931e-05, 9.57e-06 ,
5.76e-06, 3.76e-06, 3.13e-06, 1.7e-06 ,
1.11e-06, 8.9e-07, 8e-07, 7.7e-07 ,
Current Mountain Time: 2024-12-20 17:48:28.631453-07:00
736.02user 148.24system 0:35.29elapsed 2505%CPU (0avgtext+0avgdata 416404maxresident)k
0inputs+16outputs (47179major+13838847minor)pagefaults 0swaps
