[Parallel(n_jobs=2)]: Using backend LokyBackend with 2 concurrent workers.
sigmaX_fidelity_import_paras.py
Current Mountain Time: 2024-11-12 15:56:16.889150-07:00
truc1= 300 , n_job= 2 , n_cpu= 30
drive_phi= False ; drive_theta =  True
num of truncation = 157
0, 1, 2, 4, 5, 7, 8, 11, 12, 16 ,
17, 18, 21, 23, 25, 27, 30, 31, 32, 33 ,
37, 38, 40, 41, 42, 45, 46, 47, 48, 51 ,
52, 56, 59, 62, 63, 64, 65, 67, 72, 73 ,
74, 76, 78, 79, 82, 83, 85, 87, 88, 90 ,
92, 93, 96, 97, 98, 102, 103, 106, 107, 112 ,
114, 118, 119, 120, 121, 122, 123, 124, 127, 128 ,
131, 132, 133, 134, 137, 138, 142, 143, 150, 151 ,
154, 155, 156, 157, 158, 161, 162, 163, 166, 170 ,
171, 174, 175, 176, 177, 179, 180, 186, 187, 188 ,
191, 192, 195, 196, 199, 202, 203, 206, 207, 208 ,
210, 213, 214, 218, 219, 220, 221, 222, 225, 226 ,
230, 231, 232, 236, 237, 238, 242, 243, 246, 247 ,
248, 251, 252, 258, 259, 260, 262, 263, 264, 270 ,
271, 274, 275, 276, 278, 281, 283, 284, 285, 288 ,
289, 290, 292, 296, 297, 298, 299 ,
[Parallel(n_jobs=2)]: Done   2 out of   2 | elapsed:  5.2min finished

log of gate error = 
-1.31739763, -1.13117496 ,

fidelity = 
0.95184933, 0.92606926 ,
Current Mountain Time: 2024-11-12 16:01:42.683404-07:00
12934.01user 238.70system 5:32.15elapsed 3965%CPU (0avgtext+0avgdata 35445620maxresident)k
0inputs+104outputs (43major+44430122minor)pagefaults 0swaps
