[Parallel(n_jobs=3)]: Using backend LokyBackend with 3 concurrent workers.
sigmaX_fidelity_import_paras.py
Current Mountain Time: 2024-11-13 12:58:28.327617-07:00
truc1= 300 , n_job= 3 , n_cpu= 30
drive_phi= False ; drive_theta =  True

num of truncation = 157
0, 1, 2, 4, 5, 7, 8, 11, 12, 16 ,
17, 18, 21, 23, 25, 27, 30, 31, 32, 33 ,
37, 38, 40, 41, 42, 45, 46, 47, 48, 51 ,
52, 56, 59, 62, 63, 64, 65, 67, 72, 73 ,
74, 76, 78, 79, 82, 83, 85, 87, 88, 90 ,
92, 93, 96, 97, 98, 102, 103, 106, 107, 112 ,
114, 118, 119, 120, 121, 122, 123, 124, 127, 128 ,
131, 132, 133, 134, 137, 138, 142, 143, 150, 151 ,
154, 155, 156, 157, 158, 161, 162, 163, 166, 170 ,
171, 174, 175, 176, 177, 179, 180, 186, 187, 188 ,
191, 192, 195, 196, 199, 202, 203, 206, 207, 208 ,
210, 213, 214, 218, 219, 220, 221, 222, 225, 226 ,
230, 231, 232, 236, 237, 238, 242, 243, 246, 247 ,
248, 251, 252, 258, 259, 260, 262, 263, 264, 270 ,
271, 274, 275, 276, 278, 281, 283, 284, 285, 288 ,
289, 290, 292, 296, 297, 298, 299 ,
[Parallel(n_jobs=3)]: Done   3 out of   3 | elapsed:  3.6min finished


tg =  [20, 30, 40]

drive_param = 
[0.248363, 0.060381, -0.016372, -0.013767, 0] ,
[0.283221, 0.051568, -0.038113, -0.035568, 0] ,
[0.209667, 0.045522, -0.025267, -0.022739, 0] ,
log of gate error = 
-1.48302409, -1.4304243, -2.14530819 ,
fidelity = 
0.96711666, 0.96288276, 0.99284365 ,

###### with DRAG 1
drive_param = 
[0.248363, 0.060381, -0.016372, -0.013767, -0.995504] ,
[0.283221, 0.051568, -0.038113, -0.035568, 0.177783] ,
[0.209667, 0.045522, -0.025267, -0.022739, -0.666255] ,
log of gate error = 
-1.89433598, -1.44416168, -2.24525939 ,
fidelity = 
0.98724548, 0.96403846, 0.99431487 ,



#######################################################################
###### without DRAG
log of gate error (truc1=300)= 
-1.63312234,  -3.07440094, -2.30243717,
fidelity = 
0.97672564,  0.99915744,  0.99501617
drive_param = 
[20.0, 0.247986, 0.058597, -0.019272, -0.016288, 0.0, 0.0]
[30.0, 0.144862, 0.038029, 0.000865, 0.003487, 0.0, 0.0]
[40.0, 0.212623, 0.04435, -0.025295, -0.022742, 0.0, 0.0]

###### with DRAG 1
log of gate error(truc1=80) = 
-1.98447776, -2.44049239, -3.01045398 ,
fidelity = 
0.98963612, 0.99637333, 0.99902378 ,
drive_param = 
[20.0, 0.248363, 0.060381, -0.016372, -0.013767, -1.134529, 0.0]
[30.0, 0.283221, 0.051568, -0.038113, -0.035568, 0.128947, 0.0]
[40.0, 0.209667, 0.045522, -0.025267, -0.022739, -0.663081, 0.0]

###### with DRAG 2
log of gate error(truc1=80) = 
-2.02061775, -2.49547224, -2.52489358 ,
fidelity = 
0.99046365, 0.99680458, 0.99701389 ,
drive_param = 
[20.0, 0.24513, 0.059349, -0.026133, -0.023676, 0.583959, 1.962556]
[30.0, 0.277309, 0.052565, -0.033117, -0.030582, -1.986509, -1.575425]
[40.0, 0.115554, 0.106821, -0.30797, -0.255466, 1.999604, -1.986236]


