0,1,2
0.9999396277383518,0.010978830550734283,0.0002086318690126359
0.9505067492726603,0.31031064581926227,0.014771324445818468
0.9505080558502769,0.3103161738911251,0.014696845621489828
0.9999396540549708,0.010922906969519518,0.0008189381932242901
0.9999397189272321,0.010959224190125004,0.0004101124725156245
0.999939599111836,0.010962582712867852,0.0004257097570273031
0.9999396197123026,0.01097270390712831,0.00033720352766818546
0.965953324087681,0.2511863429750769,0.0587906256216932
0.7066259870459523,0.6728055429404468,0.21803181808689973
0.70488406920164,0.6954354502878195,0.1379764894081829
0.9753921498207576,0.21985416314368045,0.013637338922835932
0.9735495363692498,0.22794690809714688,0.01472887562260817
0.9064807624035012,0.4219506311238421,0.014092017398435392
0.910184139466819,0.41390697925885095,0.014159810955154487
0.9064789749727306,0.4219562106947523,0.013376002564531982
0.9101868382256249,0.4139120668656614,0.013850390187093995
0.9753888621478327,0.219852694563909,0.015025313564674559
0.9735486971640491,0.22795312588976982,0.015048383585403304
0.999941227451641,0.010671599507199949,0.0012906660326026946
0.999940092856248,0.010841045391746284,0.001004334332843655
0.9814160843515096,0.18753977228523955,0.032004053459566174
0.9999395981132603,0.010908759760096805,0.000816141458954802
0.9999396222384207,0.01091871149236356,0.0008169902002459394
0.9999396707892084,0.010944808636358482,0.0004237817798196892
0.9999396944024722,0.010954806445020731,0.0004078807407015156
0.6096701600149337,0.5895353216794597,0.5119647690998184
0.7214788750088523,0.6787985073293491,0.1267308300448873
0.8566912063176181,0.39429377609957533,0.32745279277235995
0.9917236526767381,0.12254235997370035,0.03202311641710106
0.9878229913327597,0.15294650313420846,0.02078627081075237
0.9980787326055003,0.05971879098501149,0.010134058489224957
0.9206239335592425,0.3268939063650003,0.2124024023120128
0.9355058397260271,0.315389148481181,0.15795533717953825
0.9190571253350281,0.30174633266626727,0.2520639259501651
0.9051208702845469,0.33201272844725754,0.26482451590711575
0.8605727673532728,0.49340276267404004,0.11374485760866652
0.8404061127380459,0.5225538275474119,0.14120560292818013
0.910185678356803,0.33066425551543016,0.24704196337590134
0.8885935346071084,0.39426293171740484,0.23310104547868585
0.8693311229935513,0.4896169300982439,0.04705223954809622
0.8521381397007438,0.5190822935970825,0.06245478216273549
0.9946038490106062,0.10245156770032679,0.01353313967982358
0.9980554401472993,0.05972175923302237,0.01510231845463827
0.9856295140878563,0.15081913780181846,0.06231823870222478
0.9946040462226017,0.10245514370599668,0.015250431648043211
0.9602218639442953,0.2787351177432454,0.013430898888990074
0.9614045085615897,0.27463470645823707,0.013457646945070605
0.9566041215904373,0.2909670506088751,0.014473551221631952
0.9579372218431198,0.28655397339383726,0.014505020304635668
0.8182700056752474,0.372644476406896,0.34329410600909704
0.8781609310995694,0.41080303548274105,0.21554721415589126
0.9602182452565784,0.27873303567593877,0.014138436362094615
0.9565993482132626,0.2909732797367252,0.014132273044299292
0.9614059274612182,0.27463252854628567,0.014592696700421043
0.9579375992064973,0.2865600528560198,0.014589116871475086
0.9942972229478138,0.08571383347180186,0.05200605422022786
0.999035704027202,0.0285036981157015,0.02209007171939498
0.9984934637785791,0.041753017139726116,0.024965152850550183
0.9970274316613834,0.055439797645725104,0.05051648261596728
0.6959605207271811,0.588475219599992,0.30429624876123895
0.9962109565319804,0.07928000183298833,0.026714278215196778
0.9999409411355449,0.010674098962620625,0.0012861299778422406
0.999941026249909,0.010682859018240757,0.0012874687653718375
0.7158686311816452,0.6307795030342432,0.19186959195736086
0.9805949197589652,0.15188721655364718,0.11680791861963964
0.999865780771261,0.00955904679411321,0.008591730840589569
0.9999397244182954,0.010808936695468214,0.0009963841552644481
0.9999399569739503,0.010842352471221834,0.0010000283243021847
0.9907341145672024,0.11844292084432405,0.05290866006585494
0.9967981575695873,0.07432698171352244,0.026976540319009142
0.9830658157366502,0.15689667633467844,0.07474920469768608
0.9753025607776877,0.21190777599680258,0.04584602565354203
0.9733583179122827,0.20724884061429222,0.08942762756893821
0.9663393382873603,0.2186388811034931,0.09671830512843345
0.9479905282863026,0.2881416081860149,0.0947744637496795
0.993308929195157,0.09840823332659233,0.042364176162495194
0.7394195532548659,0.6385338411502717,0.1774280059454567
0.7159408656352741,0.6597236865428147,0.18603025866470954
0.8532203395271207,0.4941272422482954,0.15840815642540138
0.871963593543037,0.4370120286322891,0.21826254752339977
0.7377607309631369,0.6561714266919364,0.12732262705142686
0.7327487627589938,0.6640113816055206,0.10873610800694875
0.8341318028905597,0.5169016439562786,0.14770632288283772
0.8511491198092969,0.4797724635710696,0.20901685357364444
0.9776951451938116,0.19408656486321135,0.07386357696047131
0.9880501127053293,0.11445093660076922,0.07591240906174224
0.9948962688683245,0.09828928807101214,0.01836881489034841
0.9896481907913353,0.13679174339747752,0.03276406082709711
0.9106339662397548,0.36763432064286655,0.17988695023223839
0.9190079098343935,0.36420731785609695,0.12643261400228487
0.9969510055494227,0.04902847532071959,0.0398413949664151
0.9838519869461367,0.17404024090627757,0.036647931212384216
0.9842236380597108,0.17257046598138345,0.033665769488451
0.908500732322335,0.30681502528391036,0.2501799632846301
0.9978283480858582,0.06372573080197613,0.0101879949738714
0.9978420850941747,0.06352404003684783,0.010190331794375484
0.9984148737277615,0.03247694861011726,0.030888594285370965
0.9969835920151636,0.05733608375475652,0.04728945565489943
0.8254724118369399,0.4803102985055198,0.23467802109432714
0.8563387807461788,0.4662710527055929,0.15112039557825008
0.9972332478866894,0.04948945948443859,0.04560542567747345
0.8636907550246335,0.4946360483943843,0.08949545732674824
0.8800513964732555,0.4599672956042076,0.1142907850823493
0.8016185215203226,0.5884800427570774,0.09910854853247515
0.8250086157338825,0.5506756300415689,0.12486055289903969
0.6084327320489088,0.5453788216803432,0.5041651674019516
0.855785564315497,0.5024344345518971,0.10582234616145068
0.9983011979170661,0.0398990177322175,0.03036778969875257
0.8699498202994533,0.472483540239861,0.13637020106580727
0.7945585089793787,0.5970207054692647,0.09520824322824116
0.8161169359157391,0.5637906195628197,0.12387174139528562
0.9954250029733775,0.08232380174915395,0.03237417697578783
0.6783562317743395,0.6735218148367282,0.18890634471197185
0.9926631093889035,0.11974594691241347,0.013487627275674728
0.9928930314069522,0.11786759517002936,0.013529340890368525
0.8006403868478755,0.5345572459777707,0.23635687731323352
0.9948484705046388,0.0579899148376378,0.04579164407984931
0.7711032747688805,0.5836732175498636,0.15520106111701135
0.9911689443165752,0.10820959060009808,0.058918394208648285
0.7725970910090567,0.4087800174435467,0.3702385228314638
0.9800236236081338,0.15179162845523117,0.08126295159334183
0.9961589860105267,0.06265873012634605,0.0438060933012831
0.9947544853626735,0.06524787311706093,0.044844500504024144
0.9977281107108918,0.06372964485692807,0.014517119791060651
0.9978253615063218,0.06352684858624767,0.014941274843961589
0.9944921596239727,0.08656998988463374,0.04912464648953944
0.9871533848264687,0.12926799264702352,0.050100033987799254
0.9829247867487712,0.1685525932019564,0.054429443410587273
0.9831466498855141,0.16744504356775453,0.05509969654965346
0.9915562145091646,0.09025657763901998,0.06780280596369315
0.9923078724509727,0.11969890630653214,0.02477710243973219
0.9901199842743679,0.10840411145052878,0.0819773420974131
0.9928965928818181,0.11787078645823922,0.014908471259381141
0.9988910227469192,0.028784343917523735,0.02664499478463739
0.987187781137313,0.14974170373972034,0.031030829720042022
0.9571972526250605,0.2287308783594271,0.11058997835718913
0.9990451390642903,0.02802573294961489,0.024610410452696546
0.9886065155342881,0.12390114402908316,0.05901996276388368
0.9246315253532086,0.30915961451147284,0.18676694528990784
0.9999388058472701,0.010750664861904445,0.0014964854806019136
0.8159638511573504,0.3852562951272413,0.25341318705853716
0.6678287360487166,0.5162625690499882,0.39390436424256037
0.8807511573485312,0.3248633903185389,0.2937204677257722
0.8275107864259824,0.4161099815710058,0.3689385702416538
0.7894426224907648,0.6046044719461824,0.07070010761192465
0.8116957842176807,0.5048939689982082,0.2652016646408825
0.995541451026315,0.08711208248628564,0.02259651542554662
0.9969063103300142,0.05785753829754437,0.04562494642477622
0.9989844082764923,0.029750183605637377,0.02251388841990599
0.9990039697222765,0.029712557140901163,0.02249840381561758
0.995444280085029,0.07550313590098313,0.051638599752981955
0.984042303124149,0.1533412242411708,0.06687381907381187
0.8664752749123377,0.44670740849636426,0.14904635586367468
0.9983848564145139,0.043789678209335485,0.025186680010075974
0.9983910870082465,0.043700526033871395,0.02519275242685217
0.9967831386770152,0.05649962094423191,0.053827223095166805
0.9967950382107833,0.05648414694053883,0.05366338861760077
0.8892920018144719,0.3953574520680846,0.214189616689682
0.9957685231453179,0.0843523225957102,0.026987051455250495
0.9957936327826807,0.08411029690865664,0.026990170853739646
0.8969163540257763,0.30972833083356277,0.2755379774570128
0.8658938828347474,0.42713703088634747,0.2425777953083025
0.9087101218413134,0.3980881991968759,0.11882671356041509
0.9944692773891523,0.08074559069271225,0.048430590518910833
0.9982468915541579,0.05486652717846672,0.010290753401545052
0.9978192323986578,0.06133472722138691,0.016297613302816226
0.9998630795319193,0.009530930111193594,0.008636621950655116
0.9998655390292712,0.009561194733250657,0.00860333384586194
0.916917283076058,0.39625074654027215,0.03733549877897512
0.9989408617955344,0.03242747101778503,0.02289775960729346
0.987826370396794,0.15305909574835247,0.018832438830717807
0.9725739918933524,0.146659009110621,0.12025734614665247
0.9859918477009483,0.14220322047467174,0.0647104525147902
0.9875897229909837,0.1379088160514815,0.05440427436971917
0.996243639385006,0.08109748743394259,0.027260746731827296
0.9962989870206953,0.08051473800184344,0.02730380941421138
0.9740545765658516,0.1922253899305086,0.11373777150009906
0.9794434764393868,0.18384695507429458,0.07575616166447745
0.9929725450823642,0.10606818932161449,0.039875165267053085
0.9993834560623966,0.031553288886998515,0.009500306781881065
0.999673292884642,0.02243507830492575,0.009747554736474328
0.945926072793802,0.28402426118234453,0.10470265803530984
0.949658874709793,0.2426401844765459,0.16066293495024422
0.8267270196261254,0.45461097086905133,0.22030743019354926
0.9999253138936413,0.008979441371031956,0.0062230892974162065
0.9994322659715666,0.027475807621092647,0.012764038281630145
0.9075793811594227,0.39522983189024274,0.10083821496245604
0.9245639287640522,0.3418838418345001,0.13686927042448158
0.9897166193279423,0.07493590617829056,0.06633419406542053
0.9865347532132697,0.14903483791791783,0.03463132482415442
0.8517958764721556,0.3955549754901964,0.24293887819079285
0.990579610553167,0.12110377139178706,0.04440015048189182
0.99112426114782,0.1173885090667147,0.04431755282768559
0.5657974789569566,0.4975678388464665,0.47243297145312896
0.9428190784507425,0.2909726562094496,0.1159502808495507
0.9580390282981432,0.26491637306137933,0.050041338493386114
0.9046172097524456,0.40359463653563177,0.10546786203280006
0.9476271012505927,0.2626687418515866,0.15607030475540024
0.9301248680057289,0.341764759253847,0.09865345782318508
0.920246960736355,0.3590972379410298,0.1447752351402444
0.9232729142688768,0.2508912130832016,0.2349676984956655
0.9370391765462557,0.33924937083784357,0.059097909513413135
0.9688336457949644,0.23713131173092072,0.06192705982163402
0.958263324384757,0.23869511073756597,0.09460263699452981
0.9404425838052226,0.26724675291615907,0.19856112264711478
0.9788849649044344,0.15349635737760664,0.10554380989074769
0.886367613592842,0.45494831372224953,0.07524615348716722
0.7055849149609934,0.601641999624986,0.24978338658043095
0.936495146757275,0.34042858811268223,0.07787857608869982
0.916865297996988,0.3734194101872839,0.1074380102516851
0.9974150861552792,0.06105045042320523,0.03225506563341185
0.8996982923839021,0.3887914543794645,0.17580496637504744
0.8890004142532455,0.4535229199937476,0.04441486129629976
0.9923149250750357,0.09527448709612901,0.05450275066722379
0.9922400540053058,0.09684053318361124,0.05314141516211731
0.9938418290592143,0.07581126122347037,0.06226827653556051
0.9900800787772556,0.1202985839061734,0.04985626975196542
0.9397219599859837,0.33947278343712595,0.02648217572761261
0.9235904215127992,0.23195588145730958,0.20353467900476488
0.9924873041390475,0.11727154087998984,0.023733048489450393
0.9852678936892857,0.10619573465879828,0.0648057495305661
0.979440187145532,0.1321113659898853,0.07606501514435408
0.9919055048704457,0.09624010485971893,0.07493345256434039
0.9367251709544254,0.31289874118151534,0.10692887811394487
0.9751380655533146,0.2208652636467712,0.011286162614516301
0.9799464068302804,0.12624879710892584,0.1002469548836698
0.9684235921781672,0.14868257277181762,0.12425252482166624
0.9866962872992855,0.11307320909183446,0.09392436294556675
0.9883979479471865,0.0915144214186856,0.07266963742275505
0.9766411464837621,0.17067543907992921,0.07038522122410325
0.963906722435916,0.23798619893868078,0.09083680883137146
0.9366283761937109,0.3129067964026484,0.14700164868432883
0.9709372867859103,0.1961307116889434,0.08046836950994705
0.9952339638255903,0.06551226491955751,0.06287203194235155
0.9965650498999492,0.06826455453808015,0.044279227872351425
0.9751364380962473,0.22086333819721113,0.013237178899845185
0.9969419226365819,0.04462259081610119,0.04240960728761266
0.9969736075737705,0.044984418066185854,0.04228184385755933
0.7638970384910687,0.43508048664095844,0.4140492395289493
0.8495151955465459,0.3839945952805517,0.27551358271720783
0.8174702812232912,0.5090598439562234,0.16493209767766667
0.9411677482378008,0.3100847798256569,0.09759240244601915
0.9704351353637185,0.1930295796689099,0.1114064738227627
0.9442662097402753,0.31047097585781047,0.06663043867535713
0.8405697203829898,0.37522206974187405,0.2879148029142961
0.9997943411403432,0.013418625194728872,0.00926506070046284
0.9983011763026803,0.03357749343654253,0.03302492761330503
0.9983051017801902,0.033430428524859,0.03302141429598838
0.9309336255475887,0.26648630769284926,0.20505036356416226
0.9630351636372286,0.226921411708803,0.10246163703124365
0.9979187117608973,0.05852301625492373,0.018982359315188015
0.9964458243018057,0.06391236748230372,0.047710268493243564
0.9965792375228835,0.06350548376899175,0.047730706592105175
0.959213244009419,0.17133290418030747,0.15195207809513156
0.9584537846923326,0.22480721806652057,0.1446536985753158
0.7664962518086373,0.44579373737753675,0.3185503845294329
0.9874298357060485,0.10471180807888186,0.09957932014389041
0.997006632850593,0.04999738490759565,0.04982021916001241
0.9970285796910409,0.050007191252037606,0.0496009940686165
0.8951818736144975,0.36160000660727226,0.15937190649606578
0.677420807702993,0.6655574566691431,0.24145448510833412
0.8433436324009336,0.3035137962075814,0.29987145416727284
0.9974539653054747,0.041530365456649405,0.0358175019900798
0.8663298404836595,0.39820650441647587,0.27187551926563913
0.9290329617643885,0.36265369593695057,0.0448094859039684
0.7663348438139479,0.5503325364007344,0.1996301390039162
0.9934935757484575,0.09462415033488294,0.037823496100767885
0.9944505972554165,0.093481303129341,0.02993515640241866
0.9982207980657449,0.040417224561821695,0.031041939834205872
0.998229236839228,0.04042012461358816,0.031030298652013434
0.9675257952012816,0.2165144250898783,0.09603413925855521
0.7019350941120485,0.6679517187734596,0.17832275679901907
0.8258095907852624,0.530896106675212,0.1779069249557878
0.9929177659995754,0.09846747753623283,0.05172056357816781
0.9991975679001779,0.027071964762758274,0.025107670272909246
0.9965692867103592,0.04524028114771938,0.044309890594551746
0.9930256467462102,0.0645261184650511,0.05138063915663432
0.9961609348160263,0.05417281750127549,0.04473826825361912
0.9937868958069261,0.06424129997929232,0.05098567126324868
0.8451847264455883,0.5242552678655386,0.08077396607882686
0.9757115200545569,0.1667050847270834,0.12277592571627194
0.9713681569299377,0.18534350340907763,0.11510259866597293
0.9792445851329764,0.12902027960268983,0.10040732876999657
0.9836534390743621,0.15850633941406447,0.0679154175814821
0.9848480892699103,0.1510599633978742,0.0670143763674646
0.9797627191108422,0.13032012363111797,0.09815081381280634
0.9911166785288262,0.07410213349771579,0.07301428492291835
0.9939099111648501,0.0733636068584611,0.04822177796655795
0.9832911058037197,0.12045378747539656,0.07450038385215872
0.9938527104479543,0.07292007207218318,0.05538982495818711
0.9941809366552458,0.07465684606073929,0.04510334953910063
0.9925159466835062,0.10107531008801542,0.04964867159225386
0.918055222210088,0.3687063816872923,0.10648144763844211
0.9643324535808533,0.18042034155238762,0.15226982150983856
0.9112907133870288,0.37879474307034083,0.13540327056858456
0.9586686639253584,0.2112509378146925,0.18195058566068592
0.9887932408123857,0.126179173320803,0.058273293851170964
0.9998608149111687,0.010421057918550839,0.009564479430330529
0.9899430849839358,0.12067767184293227,0.058177369256097185
0.982333634051317,0.1590530922377015,0.09388310812015689
0.9835950168069046,0.15167763162934184,0.0926694754108122
0.9978836906358921,0.05795145283541454,0.015063782266000003
0.9750019798694073,0.14661260474801338,0.08997064925921648
0.9957425509877935,0.08946462576924047,0.011660518326385995
0.9915409365531818,0.12094403187016689,0.02564304658758919
0.996538762119269,0.04898251252623671,0.03347257316652759
0.9963236567425912,0.054736767227453,0.03247921051979153
0.9981947346540961,0.033432295461499166,0.029197321669642826
0.9067910930788488,0.3852398136117737,0.07389974538076809
0.9426598395272752,0.2907416139800613,0.08545272433309575
0.9423388714138027,0.22455287317749079,0.13979390182721635
0.9791880489576934,0.172307021348079,0.06828095567155497
0.7893536400664298,0.4648317159531267,0.38203773569549637
0.988472757641573,0.12958673694767342,0.058148975883672904
0.9815188187074422,0.1621143773722522,0.06732960687689887
0.9134735372254241,0.33337638911020695,0.16718923559373827
0.976177859523496,0.157701488858551,0.1426435606968016
0.9105629089510334,0.38213368721922175,0.09945705658918783
0.9995494604125558,0.016587845183194085,0.015467663095388209
0.9969296972773134,0.057078911086117505,0.03138575258832525
0.8668823478391813,0.35420968206222475,0.29524777299460253
0.9990301934938697,0.028611122018898136,0.024887591624832114
0.6191900853425668,0.5173891321318813,0.4965754780848941
0.9241243890738531,0.3085634792592807,0.17167641020904617
0.9072085738839484,0.38767642981736705,0.08299546970143237
0.9997271796974079,0.014206744235505631,0.01025405776429275
0.9990523968871058,0.034989444113122714,0.020344781742121107
0.9937142846996091,0.09261448268255514,0.03712323099468074
0.9846088755627598,0.14235951609301847,0.07238581282979556
0.8696140052999046,0.3768274155816174,0.30322985150364956
0.8533973483184487,0.4981740333076318,0.08554376708272508
0.9375703799489535,0.2975610570866195,0.13740253007418107
0.9717256135342742,0.22508251978530852,0.04068494350643586
0.9721450352061276,0.21703128333277893,0.07769722037170816
0.939189619119608,0.3240213905503322,0.07438038337713335
0.9073735528552721,0.3917963931933277,0.12620517845213894
0.8346400050849303,0.4149466290704561,0.25875291785732085
0.9431899884389571,0.2590852201683293,0.1552455627001022
0.9916655758089241,0.12024065078879562,0.02285089710031024
0.9636067407599679,0.22838768041594057,0.10256801379738095
0.919834988709652,0.3848798147045157,0.054854999955443795
0.934443761219698,0.3396693663740046,0.07298210969098197
0.9727454608534246,0.12065160458805543,0.11051967378401537
0.9923850738599148,0.10241094980373214,0.03589208662875056
0.7153267200008558,0.45362291061819043,0.4439396877462148
0.9693449368975703,0.16313451608744012,0.1510507922066964
0.9603100824901232,0.26337602331128124,0.06976576835838072
0.9478722794004281,0.31222674275640777,0.047440182503078306
0.9425764614840139,0.3212896431174905,0.07277725294023737
0.9319599319647853,0.2418926060924268,0.2188461066241455
0.9953825217869345,0.07950681335487306,0.04669753499734733
0.995384665148198,0.07937006350091534,0.04704916535634143
0.908133852216988,0.33821684130546453,0.23298853698055955
0.9363686580102634,0.2898862381156463,0.1384924030216589
0.9700125401145895,0.18623220960228154,0.09085008209139205
0.9245681094136579,0.31345646709107267,0.1838074494429953
0.9505809145794375,0.28127276616224306,0.07819796252772734
0.9424817250249132,0.31620279870123125,0.08453330090518074
0.9688542541523517,0.20247797697124012,0.08454884992968523
0.9459158636860137,0.19684485415828717,0.13628058223573558
0.9746869079434008,0.13963963264408824,0.09573561737601127
0.9954450190463577,0.07084943457377031,0.0544082075162577
0.9869215108386528,0.13601517432819468,0.05179787104144487
0.9460743336949706,0.2983825776000626,0.08694496112951591
0.8861766010279964,0.4426233224371623,0.08439429230661484
0.8607623324842113,0.4603532458249177,0.13165432649487918
0.8904242918910176,0.43932556985854415,0.07721064800087517
0.9947361886676943,0.0702990780434201,0.0511562644674831
0.8567192071035515,0.41075812322858823,0.2806081793445722
0.9948777135715186,0.07156446484258229,0.05062326626488393
0.6986428942612897,0.6613697593924092,0.16527638197492578
0.9525969187337704,0.29667402843821045,0.03430568798124088
0.981104456912502,0.14452583151629733,0.08528950937098398
0.9635210022914934,0.2085345624453183,0.0934065454324069
0.8620827474032211,0.4764080556329801,0.11391002539900369
0.6273477536833333,0.6138014582959992,0.28835150140071447
0.872170633264795,0.40693224473833556,0.20434672975496057
0.6745973074841615,0.6252152506487149,0.23284865341244027
0.7145195831805922,0.625611803195113,0.18430894153902366
0.9791836432526364,0.11177558699849592,0.10158795669110188
0.9065841131021686,0.3645028754426496,0.14198891883685058
0.9988690232919399,0.03353520946830651,0.023213511815376855
0.9988679751968225,0.03350659593790957,0.023241958422398134
0.9464801885964761,0.24892001327504476,0.1447662455731552
0.892764129928406,0.24655323665358475,0.20419956196151387
0.9646152078372038,0.15050995692722435,0.12375081536631358
0.9746030265514977,0.13593380643461112,0.08386607140726333
0.99103193337991,0.08785033488870438,0.07083258060211362
0.9944690779628088,0.07064740420610544,0.06071082352163284
0.7892041906681955,0.3686660806042608,0.29338330273544655
0.9982597966222833,0.034159845715700764,0.03337006620391072
0.9834945042904635,0.10809237079256287,0.09125549603063572
0.9410914084557539,0.23044019885349434,0.1999828524825169
0.743610483178638,0.5105399248659184,0.37446108631423525
0.9934944037978277,0.08093254838248343,0.04134050389519391
0.9900741007993126,0.09534933908848561,0.0682072185575813
0.9907476546192149,0.12051117711550954,0.03734904711591332
0.9916526885253882,0.11808317076219091,0.03671305734373424
0.9772379191122874,0.11598816291011829,0.09337579474835726
0.9994752807617489,0.020618477005735075,0.018463102294328005
0.9996296119188411,0.02275756356529982,0.009508838937269283
0.9903115824873479,0.09888571722903516,0.06554889024687452
0.9993588420573396,0.03312575321705933,0.009739107299084102
0.9994073699926506,0.031969077241464146,0.009747099429903146
0.8124715008969791,0.35155662904811263,0.30397956138419985
0.9335883197781695,0.2714085600162782,0.12080065430565863
0.8049916992415901,0.5385805696059998,0.1616732632996195
0.9339955999790378,0.2881950659421246,0.15409122220503252
0.7487416695902247,0.49766812831012464,0.3081689651276537
0.9995979457470382,0.019142060357050714,0.011574932729570334
0.9999266991436312,0.00897409662163675,0.006213099241903341
0.9989824470142937,0.031614372781194035,0.01920907193453746
0.9992644316076075,0.0319971948119772,0.014640365055168025
0.9263132793033666,0.27529252124771153,0.18787698547148948
0.9879802115481834,0.07907486780920497,0.07904145085498075
0.6723948305498029,0.6115103125960154,0.33265248480292153
0.9729285321671427,0.20151724006460442,0.09238577177381316
0.8534629694092912,0.39966149671243495,0.2761818348910778
0.9954954273326336,0.06930518193030683,0.0577327763736712
0.8299438627996016,0.42807098614900846,0.19027342305922948
0.9970728251121299,0.07028004039798408,0.017561132438278556
0.9714262783782932,0.14605723826055028,0.13012369132912197
0.9899486480724174,0.12721618445971047,0.03898880917707635
0.9968701439871219,0.0721313633572715,0.023097935646645022
0.996444316514761,0.07236409536433844,0.032294286765949115
0.692235320019394,0.6750589174404894,0.15067252460123998
0.9517923445104098,0.2008047789999327,0.19044218320809345
0.8859239221017817,0.3987201054529256,0.18360071924355434
0.9769391532628623,0.11960301310590137,0.09787379400694322
0.9730961123219759,0.2029153226464154,0.0838482148630753
0.9749265696989982,0.19151951739924994,0.06964687135949467
0.9734745738411466,0.19474624947355212,0.06401188574125553
0.9461069107289445,0.21534464794944677,0.17396084563490902
0.9148012934145298,0.24777795548611706,0.24569088673074596
0.9783691756710414,0.16221535235600587,0.07363245619771945
0.9806423225811406,0.14920622988969862,0.07709759229318659
0.9765559065340556,0.1854803036762532,0.07434552659905695
0.9403616566658852,0.24454228115472143,0.13991801198456608
0.9712129001203484,0.16739160341270848,0.10220956824712271
0.9992149835414527,0.02637556794848081,0.01645281385597782
0.9775916623827049,0.11532188674135892,0.10927164222600803
0.9780924775960645,0.12385250264543854,0.1042076014595726
0.990481072951766,0.12023264467258694,0.0410775081956273
0.9947878802233173,0.0720280003487416,0.06351391678504067
0.9945099400365273,0.07576133202670063,0.06351871844016634
0.9969894500362357,0.04186915846342467,0.03755987599729058
0.9285467694353116,0.3336676496128636,0.11565182029960477
0.9910583950808214,0.11251069398935919,0.0649946846964638
0.9900338339535656,0.12110464659676269,0.06495786316616617
0.9534253229430822,0.25492125156503936,0.11628017629184116
0.9950581490201547,0.0539927224882119,0.04525026868233991
0.9309532565914269,0.29963448113416763,0.1904032469507486
0.9328931342323418,0.2924806571538716,0.19499412816770936
0.9589999761157676,0.23367909332006456,0.12022488595584101
0.8015557266677199,0.5736703215180726,0.0958465263827881
0.9869147103311248,0.11646537217383207,0.06692491939306734
0.974371325182423,0.16513513012564718,0.0767147725174338
0.9116150036747158,0.31877668453858105,0.18736284754073343
0.96494956371468,0.23245661532417652,0.09593443042264391
0.7797587321875078,0.5834300277556256,0.12794507423312146
0.9187404127115217,0.28704428850839925,0.24814484362962477
0.9849017522132207,0.1036741837274569,0.08194226475259604
0.9593349344434434,0.1537606562694086,0.15200808693428344
0.9517370417710089,0.27532360002936207,0.09237335598546524
0.8776689655183436,0.29905141589008055,0.2908368245714452
0.9286150389295451,0.2971731688443265,0.17874038817078258
0.8744472972369114,0.4548139472336324,0.10697218599321015
0.8906415267692092,0.3320503897407258,0.2444409065440028
0.8930956085712772,0.24555444454541886,0.2387491998076229
0.9707498171492377,0.19107829299958357,0.10399816671418274
0.9505362043496426,0.2635022370168212,0.12492381217193188
0.9831471026485598,0.12588069559855142,0.07563572784272986
0.9815629927588414,0.151530291837964,0.10750300168805557
0.9973585668577266,0.061659947680522686,0.03216297686294349
0.9973729347908152,0.06166122452855063,0.03214063958939234
0.9569610884651178,0.23735919658636453,0.08857732041850049
0.9224561983518913,0.2641700883389991,0.1381993935688837
0.9553135740437161,0.28020204415455946,0.06292346200650496
0.9768365639663554,0.13800139156428093,0.09882908589973925
0.8746475111594928,0.4637838483178363,0.09504796379808331
0.8508216953856637,0.36098490100044955,0.3394738954676263
0.9394541017337594,0.2521141420174671,0.18720917131800086
0.6307303249640416,0.6292153719249307,0.2899550420102286
0.731414737767991,0.5461525327596778,0.23881010154688798
0.9689836956735236,0.23065537431243135,0.05819709316947178
0.941618350444035,0.24497195409632871,0.188804683442794
0.9113997665332856,0.34043567946943204,0.1833061560738112
0.9963249889633928,0.06861869631022603,0.03305193417405859
0.9961498385189841,0.06979219126623533,0.033064192120361525
0.9141159053844966,0.3828025928094906,0.08166200332164918
0.9247570282336426,0.27798348399917844,0.21018883167693672
0.9964508029398281,0.0756098002339011,0.028685164304028656
0.9945445427934478,0.07617325658464304,0.045498913367270535
0.9099155640722293,0.3868869329715801,0.08374960635830864
0.9929515487085219,0.08125267204431681,0.07812255634542903
0.9927816344874028,0.08126612336834839,0.07754450539271006
0.9701374111758266,0.17897375853071795,0.11630692553562257
0.9165944861350003,0.2535532976151652,0.16654111734861948
0.9838835996227886,0.13465203793451713,0.08163130307648898
0.9928598333542418,0.08642509420009992,0.045478853472880776
0.9702738098521635,0.19820397788113614,0.0972105769047889
0.9563465405671402,0.14155146129688648,0.1274329297673964
0.9947966231146562,0.07214142776812957,0.05585327094444713
0.8263754947037619,0.4438273173648416,0.25325130684444075
0.9265885421246601,0.28162170224861927,0.20327469497304013
0.9968430531297031,0.05770339865742101,0.03457985171137178
0.9482528367640494,0.24572748628576552,0.12015767964931093
0.9500531320613591,0.2779346339049088,0.1187681373348778
0.8086450956341572,0.5061203073504864,0.1935079082319743
0.8759994947744919,0.2835234966473799,0.2546855153870565
0.8804809997506943,0.30678371982587765,0.2600295973397541
0.9962095017670155,0.06649255052935459,0.03943357299892041
0.9958265394948255,0.06673246004791517,0.043880674821961396
0.9418053081889176,0.24664035528794778,0.182932670403594
0.9163275912242568,0.3188253464297896,0.1721703360060145
0.929459883963762,0.2500484718444878,0.19676759095295476
0.9988772087104291,0.03406533082236551,0.01864343025594392
0.9962787205786224,0.06372448750708175,0.03563637462881132
0.8746458245775611,0.39761449336839055,0.2306946547663427
0.9971288498231883,0.06917666901199641,0.026231034576146808
0.9968382540104643,0.06942656354940759,0.030700034225610778
0.9318717827777183,0.2812842138335039,0.1990643769346906
0.9897545599713727,0.09802442937928196,0.06475626152337141
0.789189824466278,0.45521557633261545,0.27370512559536714
0.9711936240690261,0.13246090995831183,0.1288685317038441
0.9644257224766826,0.2563510527475806,0.04127487272941269
0.7449274296560326,0.4772423635608195,0.3288506895873018
0.7525910432169453,0.5759245346469833,0.18420943546132584
0.7678855778418799,0.4588998979296423,0.2965148520830371
0.9847338460043963,0.09708748772396106,0.09421688404854324
0.97827800291884,0.14409691290778695,0.10026137434204914
0.8173266927954526,0.36538462159388857,0.3286948100396279
0.9852047861960821,0.14294171801489378,0.05763976792743182
0.9718485669225708,0.2079445588253621,0.08617610736794945
0.6522145229480921,0.6069025662173757,0.38251436411347794
0.9511736316512861,0.25794733179962864,0.16128907301804157
0.9705697333055897,0.2154867933866522,0.0553979658541621
0.9920640048701724,0.094349729046566,0.05500081275995236
0.9913245755690185,0.10192371548782923,0.054990332066745855
0.9962687167566302,0.054675214349881505,0.05232089304882698
0.9883590641388171,0.13008635728377116,0.056627155070025754
0.997424977928346,0.046585785117994445,0.03970932852819369
0.9197164882285942,0.31368260369051776,0.15559911243725053
0.877958860425147,0.3415252690909376,0.2904666548260071
0.9764620161357059,0.20731266350965732,0.048118861252497154
0.9698984029661459,0.22805776825421317,0.05559044339109207
0.8623759468278427,0.4070520835943293,0.14679355679774891
0.9998028004978756,0.01247858182599355,0.009285392744783941
0.9998129168071485,0.012559920841148837,0.009289675908698412
0.9973525797477955,0.05925088075650128,0.029254347658473068
0.9978668635096577,0.05936388579146217,0.019214674013105518
0.9630750570060176,0.24091517841915325,0.055015345400380125
0.9536801813063575,0.2600080043976531,0.10677808925199693
0.9519490611007344,0.2667672057185358,0.11489014227767909
0.9912752411368644,0.08484182646886149,0.07163580233340781
0.9915014765021696,0.0862400287212685,0.07384810939201164
0.8039948371467688,0.5663500937387768,0.1389178687258134
0.8132105115140736,0.5763735805813459,0.0561941976402835
0.721989516153154,0.4984479753291578,0.4487452309544134
0.9565121134974681,0.17741478744898312,0.1507960626098593
0.9967907560756195,0.042603553848009235,0.03550344413136822
0.9970120814560427,0.043340892898180855,0.03643102661565876
0.9969025299253259,0.061503194012560054,0.02764865610926169
0.7952771059532951,0.5709640968927221,0.15449604736312447
0.998236260585209,0.038455464355485365,0.03574625571923673
0.8284615535543424,0.4298773336243914,0.3070287099739414
0.9643956672788697,0.25746689935517475,0.028969883323116296
0.9627343322011745,0.26465986601392755,0.028659227402350416
0.9489933708487148,0.2598354473137115,0.15957701842203842
0.968817632339333,0.23760543234555448,0.05061808280730785
0.9921154606279146,0.1074833545437343,0.04641481391207622
0.9922683427828105,0.1066431052126626,0.04681337367530328
0.9180180925655096,0.25156324392099655,0.1668831768594513
0.9014067887850737,0.2687041389638425,0.24639454675560843
0.959374338407772,0.2602199945410699,0.05168017409302541
0.9878712954433095,0.14097735882876114,0.039132041346031855
0.9992290085735527,0.025556899013286713,0.02461688262856252
0.959426185525696,0.16236093840241114,0.13790378841912346
0.983555699767433,0.16008979028391304,0.04147989295152863
0.8813034764368908,0.4286630474266723,0.08715806793957927
0.8647048583474943,0.4039819569892926,0.2548412237213537
0.9920039500746269,0.08100579210173915,0.06382039915053152
0.8505819519955966,0.3805270563479498,0.27061210858768103
0.6585162871081806,0.6024535127485063,0.29873479612283904
0.9498945260436881,0.2359056474985049,0.091224898723631
0.9635383169231954,0.1614813058464234,0.13061182717923026
0.679720315216676,0.5944456455188838,0.31998100798355933
0.6241072839920138,0.5422132632204071,0.4564657838200496
0.7318667764651342,0.5173326093308496,0.35289195713765525
0.8787989500027668,0.43747664571839373,0.12873306783793265
0.9039440216844695,0.28083324276443156,0.24329271976014877
0.9238773509420212,0.2687062030942254,0.1442194012573931
0.973691073266114,0.14236669633699772,0.12451917136029092
0.9836340181079015,0.1403520912924716,0.07798798581606606
0.9953843001891901,0.07254133911886762,0.05152117374096658
0.8836372523306996,0.4098965989102948,0.10050870388078997
0.9714476555437082,0.1353891142962114,0.11766253336141093
0.9227067320257886,0.23495650227694728,0.14325806237722682
0.9184931988329049,0.22565316317089196,0.1950963391087455
0.9876834418400994,0.12063573840659284,0.06016741851516308
0.9534349967614724,0.2474404082639846,0.10308712006634757
0.9504363573056868,0.18195493953144454,0.1092121141954853
0.9954266162097731,0.0647620552709527,0.05129365488074106
0.9201924077719638,0.2908547733668075,0.15562441529826362
0.9756920663522783,0.1138096500560829,0.0879008276415627
0.9956196181917257,0.0650240369094784,0.04993557927301047
0.9677120704815096,0.13733248141951918,0.13422826060342435
0.9998528896712615,0.010423691724602424,0.008899216640295648
0.9998672199820869,0.010452889901859422,0.008973551719332867
0.8485058100915808,0.4203479410655646,0.20547474550241335
0.9758181775860525,0.1471196385049248,0.1132863671708337
0.9813087031121234,0.11579951964934306,0.0910653431684269
0.9971424024700473,0.052452206387642454,0.037014824846628436
0.9977291669459428,0.05969432679456002,0.015256923434974031
0.9977703065707714,0.05968777910218852,0.015375850013345144
0.9668660113809789,0.244373225816304,0.05373114924535731
0.6065756744805357,0.5336486908635101,0.4828384003485007
0.7440835643321329,0.4197742280826092,0.25590238442412716
0.994756889195377,0.0997973724092071,0.011758237306572692
0.9986038936967826,0.029672614036818236,0.029208240669818485
0.9948234083190025,0.09919446860873259,0.011766746629477326
0.9956477066040599,0.050571020401937304,0.04203310130812837
0.9030765626462581,0.32067488440009956,0.21998070893559937
0.9963447503142675,0.05306161604467195,0.03407521428981685
0.9501516998815794,0.20785693997048363,0.11282263350310415
0.870218426379779,0.28048004498175044,0.22858727536121923
0.9959442817209545,0.05542815671695152,0.04300177014155944
0.9420145990494723,0.20086720360027005,0.17436522552641442
0.97933017942146,0.09894006116050513,0.08857650552843747
0.9728245242805248,0.18854891979623373,0.08298193168346059
0.9890657685952688,0.1404032297499186,0.02421311100840165
0.9892411446366387,0.13898426939643277,0.023020045534078975
0.9827631135144684,0.14697284319588205,0.0524951424206494
0.9981030736261558,0.033932737844651305,0.027017373112266253
0.9738961836263983,0.15175193338348245,0.11732191904695226
0.9846823562158068,0.14478284900531524,0.06993409325785638
0.9992236939320355,0.021761500457407552,0.012052267457338235
0.921415910132862,0.3303277902229758,0.10094884957898602
0.9966776721526833,0.07470530131115574,0.013759262825692545
0.9973480057591517,0.054821107957750796,0.03074447132244532
0.9789893900796088,0.1391606339003719,0.10869819787475138
0.9841761647018782,0.15002588740065761,0.052660670348982926
0.7683996538289124,0.41594755473568923,0.3257311879323364
0.8765163895133307,0.35870643064558716,0.1941114539813377
0.967696450703539,0.2040738730565266,0.1022989747492227
0.9924300429873053,0.06844795318018033,0.048163123750586616
0.9758161690314321,0.12265355044815401,0.1027957113226864
0.9053970794692078,0.3059710232892123,0.18723150534190974
0.862967106982845,0.3561663637805467,0.27699145470388614
0.931151214918596,0.2790200317781951,0.1290158950832353
0.9098063235930499,0.3357775833806843,0.19048364394319617
0.9913548844404582,0.06878235808806511,0.06735031728930613
0.9652680767829439,0.2021609879630117,0.076498878148943
0.9935416049537382,0.09141024639033486,0.036726421258820675
0.9644381603592458,0.22103904137472294,0.08579945734025426
0.9190600922213559,0.32952251465423704,0.09171932371405563
0.9437594286080793,0.26574536231395407,0.1660199898556641
0.8444175022733941,0.4913709718321695,0.11373059308521753
0.9738717097923716,0.2125204321769972,0.05161477907827364
0.782907116834233,0.47698727422651893,0.2625237803775008
0.9454964148780876,0.2055119559228826,0.19436975905432594
0.7530673720693675,0.6372008645628912,0.11139154444314991
0.615988954246381,0.5880436964873322,0.4630320728329589
0.7992240695223255,0.48883842950976103,0.1990710901135815
0.7344364511498485,0.5106975223062176,0.3872712124155063
0.9242958727839018,0.22379917241178374,0.17364144952002378
0.9031545244773508,0.299256182799661,0.24728908560934487
0.7562972682628267,0.4393695302208515,0.40428118934601265
0.8167585689035772,0.4295609143052727,0.2922951822687583
0.9622301297135324,0.21222476771576868,0.15789203399043236
0.9635433071858077,0.2049292566225791,0.16632461487046735
0.7487493002479328,0.6432482025459481,0.11418493255126011
0.7362407678757387,0.6672464465689089,0.07010352947856295
0.7741036897222858,0.621934972881434,0.06527959895169874
0.7872420368956091,0.6067136174936459,0.07638546346546314
0.9973282251808585,0.048696810079238886,0.03063662082740529
0.9847589587703633,0.1398621628624319,0.09583909149990441
0.9896518730258187,0.13906712979960983,0.019763640413632575
0.8641910774666138,0.32545077343146017,0.21338369454680917
0.9259370019015889,0.2729136333868178,0.1531245394212239
0.6346440532884406,0.43345079824113064,0.4279173176458691
0.7084832073030121,0.6592485017048835,0.22242084411327406
0.7728410019204779,0.6275137542726672,0.07423655635331951
0.8951739828919435,0.2605361200840272,0.20362821599954242
0.9601537525319089,0.19927164905791397,0.17449832607778593
0.7529424380681434,0.4309367756102037,0.3027274325166016
0.8016172596682557,0.4959637848025181,0.29347227781799184
0.8987258347096421,0.2740418138381246,0.20096095595558533
0.8894095708419391,0.3183426684240378,0.22628940499806727
0.9002156421546302,0.40409445534448657,0.1334938163535419
0.7910750510253247,0.36431336588725927,0.36051982079194816
0.827005617176593,0.5120034791762891,0.11611305618122784
0.7618037267020342,0.5859936315799117,0.14102734487422477
0.8381238544785656,0.4072630208603862,0.3137400447608351
0.6800365963502704,0.6590403339806902,0.24622706171886363
0.8205523272281574,0.3672758315593449,0.22649351288754818
0.8987452958192872,0.3585019893315133,0.13592640121495164
0.9565434603363626,0.249075712947206,0.11022391061425621
0.7569053883534012,0.4793466294999017,0.2825693938971217
0.6983896446377155,0.4442942294285529,0.3420666019891601
0.7210564388800602,0.6227332156341854,0.2729587154925995
0.9419284038142514,0.21968097320582997,0.1547842810694971
0.9823467598712761,0.16874823848848794,0.06219769775282747
0.7910305125166596,0.5279324644946614,0.23046079698295682
0.7967798545893501,0.5601454929977778,0.1217140515768425
0.9032194191734448,0.30924535604167563,0.1611599502136607
0.8950677800350412,0.341487753728881,0.219130809350106
0.7500177897768447,0.6225622904698263,0.1159379126153692
0.7736400313939615,0.5758773231538222,0.13916648771928714
0.8485417719066956,0.35571603405043883,0.25868604101011233
0.9411250919400536,0.23437631573839382,0.11077491002415317
0.9216225321635692,0.2781868153617615,0.14679651432718432
0.9214758144068788,0.28340224038924255,0.17070842896749783
0.999334817775653,0.018981042122548187,0.015917529169648777
0.8722827920032614,0.3700056723107322,0.1691931245004174
0.8197824478319751,0.33577998916794655,0.2708875397898975
0.9565409965924583,0.1739029971683395,0.14675798385643704
0.9671865166876923,0.15582833372674051,0.1140761109674995
0.7630192582821936,0.609669658519178,0.12211602355038344
0.975882955964444,0.17490842951059113,0.05762259871814739
0.930281699787887,0.18832267897011257,0.18000259841724453
0.8070805990312153,0.5512710697889145,0.12167389959254891
0.9889825290373014,0.10005512942120189,0.06986491758026586
0.9925932539157174,0.07845749711590022,0.06341249399213762
0.9888199788346504,0.09757088623028892,0.07258313971702472
0.710807834322723,0.5817207457974932,0.23397937351784195
0.9893979950343699,0.10148122244225805,0.06918147204316248
0.9724806027247807,0.18418973778449724,0.1022479160271583
0.9875731136449806,0.10429609179304573,0.07169275602318143
0.7491944088390837,0.39342685139664235,0.38028944769504086
0.9628967740265444,0.1965631689724305,0.08496057082197292
0.8517353556752154,0.33352063433357243,0.32348892701905385
0.998094439214748,0.040246093427831704,0.03015590983418818
0.9798645060570553,0.10862355462432123,0.06859828290850574
0.7700813456512673,0.45038773383796116,0.40433411451993817
0.9823645750292778,0.15061105056245117,0.07904672684644931
0.9813488675074916,0.1571349067658089,0.07845568915753728
0.9922176979755313,0.08511330590023108,0.06338491765908874
0.9882671476687758,0.06416030221481979,0.06030493903388872
0.7319333888716393,0.6143273654789624,0.2087035775723299
0.913938219330625,0.3011243457359295,0.2194960307940269
0.97772750091328,0.16848309180758658,0.1163715631856974
0.9946865250345185,0.06267292175330397,0.05325129099438015
0.8968203899936708,0.29776101593498644,0.22979306494469828
0.9827482023962191,0.1103694133181645,0.0961338134759978
0.7951033162264904,0.5235148722352678,0.20242212781095817
0.6950337072962034,0.5703776634397139,0.36672305416809986
0.938669644688468,0.2558670348057515,0.17184922264037067
0.7136463091191344,0.5680190130971304,0.2989266385503985
0.9800492379838028,0.18333132706193062,0.049226847849648814
0.9960827582205176,0.04702067383216426,0.03279482220898071
0.9997397668531113,0.01698371919297375,0.01132376577868298
0.9101534533822085,0.23415297575453686,0.20007595908909576
0.9925104205205219,0.07150110485989396,0.06211244661129644
0.9853695985453567,0.08815869728622294,0.08210873546749878
0.7631399911458644,0.6149056438443785,0.10698224767902753
0.7044387690629031,0.6299757667408477,0.2908966489242105
0.977671131156201,0.1693828890402999,0.08935629797363973
0.97533802947451,0.17297825187596022,0.09084914591754412
0.9832450291448572,0.12069509889141637,0.09191199828666899
0.9823315826911042,0.12637492299821204,0.0935177059688894
0.9682672121694942,0.13394458511238952,0.11285669101544171
0.9796289697758152,0.1698332854950678,0.06949556493668112
0.9803723018424259,0.16795211251516098,0.06242118372513594
0.9446215760573241,0.20570869869231764,0.10561785016637219
0.9687217971892681,0.1932449250354377,0.06153105300499613
0.9863005472872468,0.09329968094075135,0.07610815176171142
0.7671068184921848,0.595438449325375,0.15547738352012633
0.9855154431068087,0.1204492729936185,0.10606864315948532
0.9849257855737571,0.1259237446502128,0.10438106564480917
0.9359071953541708,0.28424815758757244,0.09969653423925891
0.9451455428900841,0.2619522579937265,0.10399761047111886
0.8587979774908879,0.44577642692804914,0.16498137518341807
0.9242424126897516,0.31984442237145433,0.11168876208434202
0.8909411295982271,0.43676467828804455,0.08226692895929663
0.9837287144745059,0.1685988385376534,0.03582941830613834
0.9830144783858056,0.172656322290567,0.0358057334344253
0.9999058785352769,0.009463140725681295,0.005734232034924669
0.9998853009350804,0.009731737756441945,0.008819800178918048
0.9619119889582737,0.2574484038352738,0.05424711288143484
0.9978571498609405,0.042712006878853175,0.02684632470208161
0.7839803635034182,0.6088346048132687,0.046821312203885634
0.9494637238220246,0.23263254438244588,0.1644732956919929
0.9959341371341595,0.06668312610092929,0.04893067665489249
0.9889839962035699,0.06606728689619082,0.06331426699180091
0.7841295145133433,0.604553316270727,0.04917835019344894
0.8890277132083534,0.34167110196701483,0.2454135588249625
0.9724726421867337,0.17281417269004914,0.08410301857199971
0.9734518381816977,0.17068738667797345,0.08573953180670654
0.9873918783734676,0.08717733082419843,0.0808774638506141
0.9870650384254258,0.08188184006773686,0.07379498158653107
0.9900317470394833,0.08891036443760784,0.08048855653320089
0.9880206757165095,0.08357268647651593,0.05745629425904901
0.8916693530177872,0.3207051833890073,0.168202832742457
0.9855678972964573,0.10896505146471039,0.08602483945846366
0.9534051510285881,0.25998477539466697,0.10619502229366148
0.9973642096576442,0.05308632573923686,0.035907089224387234
0.9956381189829253,0.07076555309350524,0.03555115095130292
0.9966931223322475,0.0625072562264142,0.03559956941586187
0.9917604843416401,0.1030364330397866,0.055840584839541005
0.9922169644184253,0.09849276972659188,0.056433051909766455
0.9789899215741092,0.13740228170824248,0.08950190236796352
0.9769433602757511,0.16705925859771473,0.06316313716235394
0.9831409949894133,0.11020240269748137,0.08000140389332834
0.9941146037547879,0.06086164900657749,0.04235781043356275
0.9850045129922214,0.09102642252367545,0.06888094464239672
0.8688887640632076,0.27640884746251015,0.26696108989013795
0.997500880397964,0.049424721234282765,0.038517305059881136
0.9891627103431455,0.09632027458188114,0.06908690286209324
0.9876282746842535,0.08345073957754674,0.07918572401232232
0.9924835321192061,0.051421839319108396,0.0485059464790703
0.989474738238397,0.0955465009809683,0.06624934504572563
0.8759477098716807,0.35905039520688725,0.23684870123564053
0.9893730186743297,0.10059676420144077,0.06631807635557234
0.971652948097228,0.13073205104795171,0.10754752451008251
0.97277437299321,0.12985932060467403,0.10634354416052615
0.9959588289758564,0.058283723584855306,0.05790978901893197
0.9939802881330246,0.07861628800848953,0.060242564689201014
0.8105853253540737,0.5617958240399924,0.10534306877049324
0.9307901485751516,0.28447120955603794,0.20500677866506853
0.7454318685495784,0.6256643390960072,0.1722193492103402
0.7772314823304202,0.5870900980361343,0.17247217742320742
0.997111503523583,0.07152753690844184,0.015448967734200575
0.9731709628683799,0.16035819207448618,0.09701809705093786
0.9937481396722455,0.05778399581355082,0.05623171791472919
0.7281721413013169,0.5987520086631493,0.2296277535090788
0.9971003235250444,0.07325720559595048,0.011436547895899074
0.746766262501572,0.5775855452427915,0.21575121161919314
0.7568954164091248,0.5653928364556433,0.2151678968838907
0.8483860246449036,0.5011412366138014,0.12590787204969503
0.8410805184119828,0.5178357177828724,0.10215141014817768
0.9386178087114246,0.2284270969392332,0.1151489423421207
0.7740342928510825,0.5689098005637953,0.22170800940579805
0.860165839803457,0.4870079864696231,0.0828937853795856
0.8895925924984572,0.4432159565976398,0.07230813944219248
0.8774565340403161,0.35850915691570096,0.18834554603031947
0.9539173574267216,0.17030657897558937,0.14461570133139307
0.9222594644333242,0.3090603228398357,0.18533377408790205
0.9940673201384062,0.06229510863184611,0.04020443626767728
0.9949027314495372,0.062037006270467224,0.05342359899323122
0.9839815016404739,0.15844990016659344,0.05844488414074349
0.9672846780072432,0.16757503101353896,0.07808582679178994
0.862902206440112,0.4933803477526534,0.0726961590416784
0.888345958459668,0.4456338794431618,0.07866740348399671
0.9960811771104412,0.07001709109051188,0.04507522453347159
0.9960731821935089,0.0700270076571056,0.04563249059591327
0.7716454738580809,0.47429208711670134,0.34248134104005834
0.9969429724785396,0.07099538378262692,0.018510981959775373
0.9969874413579481,0.07100047310558386,0.01847193047863394
0.7251972929412005,0.5610145106423232,0.2544712050254416
0.7259400243305603,0.6033078821807012,0.2165280925340236
0.996621648525207,0.07291011194898439,0.022855089047019776
0.9968489296277429,0.07288542980785384,0.019558751497732372
0.9965092246658526,0.07306389601937989,0.02901260001808827
0.9964974595120506,0.07304442893916868,0.02906872063808964
0.8126700614171453,0.5293488475760627,0.14103417033937304
0.7694560346721555,0.4895157829418118,0.21690390438645796
0.9395107987367106,0.21585019894428878,0.16467851819669263
0.8148139278518952,0.36361252181240905,0.2489372272689335
0.7320037473536866,0.640029808160844,0.16817593322333974
0.9647019305047526,0.24700003294699763,0.0484719253145468
0.9662637197477054,0.13847733161993414,0.13809656648243068
0.9967735865736038,0.07497765229156507,0.019912261503712336
0.971127807915936,0.14197709209633913,0.12925415750668515
0.9340619836304768,0.29230372856621256,0.12643293182243967
0.7086994134072271,0.607528362897834,0.20770062965874422
0.9428561323626983,0.17353252862900276,0.16929517754191153
0.7412890952048727,0.46307585004567287,0.25873499602960454
0.9965817280507113,0.07896554719494274,0.015818578355926583
0.9603645962585278,0.20039715679735198,0.17134177377982698
0.9949516572629999,0.059625690850494295,0.058239505706343286
0.914039729657059,0.24803551589284464,0.2064906393717515
0.9589395126387498,0.2445341907849909,0.09152300939434356
0.9672144694493524,0.23160309064143383,0.05525177219806836
0.9958491049083827,0.06944568054561381,0.03634697433137923
0.9991281247881834,0.027190040215882613,0.014176147845212355
0.6335646318880087,0.512266718823207,0.4652821178488794
0.9363694184398407,0.24283713337160795,0.15740582536009032
0.8285391889719904,0.3368658237063424,0.30700969668837014
0.9821454258109914,0.1260622346520786,0.07148534969318901
0.9369732326883305,0.24019023478782456,0.12829792232617465
0.9375585310440544,0.32130734765661245,0.09547363834117681
0.8622209467258338,0.2789757214152127,0.25701195861280696
0.9996488559723927,0.02182451959128244,0.01197054765975408
0.9351491991832652,0.2880459571549305,0.1466221695018197
0.9779216648971699,0.19435211465367433,0.04083909376110319
0.8359557050938999,0.5352925236811074,0.06113787711924899
0.9981678251312727,0.03398143601638318,0.033636259493996255
0.9970018578871942,0.04235860070110807,0.037611624880703846
0.9970861753253893,0.04242736880510506,0.03767936816316994
0.9409913284639694,0.20239852063554342,0.20075898229250969
0.9558688861080643,0.1855997251734623,0.15573726730890564
0.9554552495632558,0.1779677040511769,0.17535923793329897
0.9946792573453045,0.08320518957963732,0.028961380092895478
0.9421198225655422,0.3211702438583093,0.051722050019433946
0.9125645538528546,0.31770704110742326,0.15194537695590027
0.9859708191458368,0.1566704004622397,0.03179460262409478
0.6361417438109118,0.5260788266957845,0.37271585372932997
0.9107016921268373,0.22029761296610284,0.20555319926928048
0.9362939710885053,0.20224076210950848,0.19610470895515164
0.9835034234064082,0.1398967450466717,0.0642949144623685
0.9212567329549126,0.3217305638652184,0.13159400709548644
0.9796306771662079,0.11275360117871429,0.07552983967574675
0.9931008698887799,0.07131655562219626,0.058677666854221676
0.993128055072202,0.09330017769291725,0.058442195308125694
0.9019752959900147,0.4189319549687397,0.05678204814233691
0.9969654445355215,0.03798428269681072,0.026379583964918057
0.6456442966192296,0.6290353611503827,0.24711983526059772
0.950872440520839,0.1963289821861159,0.12727573310938597
0.7456337657699554,0.4810828534697838,0.37270485390087166
0.8852243939021146,0.41986259781577623,0.14403895052139454
0.9834038866210267,0.11554243569095057,0.09704162430868213
0.9849421304905173,0.1477149945256553,0.049929856259847846
0.9545957748237888,0.14670215337267542,0.13691309588983258
0.9139402647115733,0.32366182687317624,0.14851399571210191
0.8780653726126726,0.31277912987539336,0.14422929137701904
0.9757947479499881,0.17833028482034916,0.10804928360947907
0.973501120266562,0.10313651972255622,0.08538304949455464
0.9294997308996371,0.30408792439565174,0.13687047265683508
0.9294933202331078,0.3161482722188943,0.1545977764456166
0.7738390996385667,0.36022672631690567,0.3505500374582618
0.9870921635105353,0.09905588495747177,0.05448543389159641
0.6790028437715339,0.4894795411763269,0.33536692730192347
0.9766953238866536,0.1276362638052758,0.08327573564835546
0.9980411063008657,0.0424902972334572,0.03248067063006553
0.9671501737555294,0.22794573062131385,0.05598825445379478
0.817707915961103,0.4535265786554384,0.2628200956731663
0.6405615574878959,0.5044638642298691,0.3323556467747946
0.9256470694867184,0.3146618091597196,0.1273392838242699
0.9960300280116839,0.07843551235817137,0.02637013097363574
0.9949374295939369,0.07815915157008495,0.051822841732563026
0.9871827872868453,0.11143409620868809,0.04326502094431637
0.8516004288479876,0.39090673758424765,0.23274754635117068
0.701385117512028,0.6301440456522072,0.2117084209433629
0.9849242625731984,0.1553117718057549,0.05547023105524949
0.9481566993608459,0.15841964566402483,0.15618402372574935
0.6925986008928557,0.635718818607185,0.21199140033742572
0.9831798407207132,0.11653089305651691,0.09448272956125642
0.8536179481886615,0.359181702754157,0.3154880364247117
0.9355566565737545,0.21287643572368015,0.15128704471908086
0.910201184475421,0.38278445492837837,0.05560254559883125
0.9745474385165303,0.1878629680393666,0.062097964012337636
0.9951484235771337,0.07637687358533321,0.05240740439254019
0.9954011690591983,0.07631950850123286,0.04634836920774942
0.9458974540546281,0.26244010451699334,0.1136093594718944
0.9815436007908099,0.11973995765523518,0.11896515973613632
0.9959197879141335,0.06323402030822081,0.035082890090407964
0.995713658807026,0.0769358464419178,0.032338810185422326
0.9957580009708409,0.07703595243716933,0.03299403583963911
0.8897364007190803,0.3123504777580466,0.15313633264719878
0.727652316561378,0.5794589280440523,0.27649275577379223
0.972796265487757,0.12075187498511035,0.116331618252337
0.9654666628390535,0.11550127879192998,0.08447281985801337
0.9811522028633965,0.08521994532742504,0.0805851512033662
0.9717320429880278,0.1235116913029496,0.11402702282316363
0.7999541291637302,0.4909086765875147,0.24283193676988687
0.6760288561959098,0.6230505072814689,0.2800324334833751
0.9757800033024538,0.13978398801075698,0.13515365646908445
0.7389815170535895,0.525760460865436,0.3228513027299548
0.9850781803853932,0.10301992699282772,0.07834123457159828
0.9768931864911355,0.14660109435369714,0.1046064252104801
0.7308358818065251,0.5822498421379239,0.21099069825616568
0.9733755193453445,0.1390159475348302,0.08386028930319078
0.9852177151401312,0.11412555885412587,0.07088272333335022
0.9675327136947561,0.15001678184250003,0.1081692965834579
0.9559525171843767,0.28082879957367846,0.0560186192847762
0.989793203377995,0.11604458478627296,0.05806938510285264
0.9550692434104293,0.2790263508076365,0.06236893434762192
0.9913575312206788,0.11539171201219764,0.03536532523183075
0.9618106288585363,0.2579278114615411,0.06360244112370292
0.6765213886009143,0.632017949265413,0.21073774553126376
0.9701652410942593,0.13466057443437257,0.12375739226561272
0.7383297041943477,0.5970231205338065,0.18822442400531234
0.78189094729929,0.443134826855535,0.17776617318182564
0.9043558144541805,0.3404211606691476,0.12832953181343798
0.988662798808913,0.14154363367634695,0.024751595167841634
0.9947064338598446,0.07564558019672543,0.05220240611689355
0.6715788846970733,0.53599940201714,0.32329035335049716
0.8937207338587384,0.3239107126125271,0.13327142086285262
0.687440900565787,0.5818468262635399,0.2532449319743636
0.9062614452506516,0.24733249162771442,0.19369397414018977
0.6551137327514256,0.6458654774986528,0.2680442589324068
0.8131288027807645,0.394874144317416,0.318633146140488
0.8973327377669789,0.3652060309876709,0.1305212229837128
0.6046139566444928,0.3970768132233608,0.3508557483679673
0.9972074910213508,0.042999063208450636,0.031451689653845656
0.6910229795968502,0.49728337325033833,0.29564883234538214
0.9959917631479147,0.06639761693392542,0.036103297858341356
0.9960624098374234,0.06626171922795553,0.036100378871203716
0.5525915837088899,0.49308574785833414,0.45606931424476105
0.9570086259610012,0.1787900691422107,0.16006053779424578
0.9693329785885828,0.15439183852190017,0.13374571846932204
0.6761072004103791,0.5965690474425348,0.2906470017680531
0.7188893092273551,0.4777211155422912,0.3234549723458309
0.8839064725151966,0.30882557282769146,0.29698209620808214
0.8344473937998018,0.31934461887098103,0.30525605335372374
0.9948019369271456,0.052741029439732384,0.043212559354540235
0.9321787525958406,0.3468407346649872,0.07081593570166402
0.9025672176498802,0.4177264694005284,0.08325052578180912
0.7265655432533863,0.4257168763210006,0.41789900814517894
