Xgate_noise.py
Current Mountain Time: 2025-06-28 19:20:07.003091-06:00
drive_phi= False ; drive_theta = True ; n_full = 500
n_charge = 256
num_cpus =  4 ;   n_job =  1

hspace_charge (500\256) = np.array([
0, 1, 2, 4, 5, 7, 8, 11, 12, 16 ,
17, 18, 21, 23, 25, 27, 30, 31, 32, 33 ,
37, 38, 40, 41, 42, 45, 46, 47, 48, 51 ,
52, 56, 59, 62, 63, 64, 65, 67, 72, 73 ,
74, 76, 78, 79, 82, 83, 85, 87, 88, 90 ,
92, 93, 96, 97, 98, 102, 103, 106, 107, 112 ,
114, 118, 119, 120, 121, 122, 123, 124, 127, 128 ,
131, 132, 133, 134, 137, 138, 142, 143, 150, 151 ,
154, 155, 156, 157, 158, 161, 162, 163, 166, 170 ,
171, 174, 175, 176, 177, 179, 180, 186, 187, 188 ,
191, 192, 195, 196, 199, 202, 203, 206, 207, 208 ,
210, 213, 214, 218, 219, 220, 221, 222, 225, 226 ,
230, 231, 232, 236, 237, 238, 242, 243, 246, 247 ,
248, 251, 252, 258, 259, 260, 262, 263, 264, 270 ,
271, 274, 275, 279, 280, 281, 283, 284, 285, 288 ,
289, 290, 294, 296, 297, 298, 299, 300, 301, 302 ,
307, 308, 312, 313, 314, 315, 324, 325, 326, 327 ,
328, 333, 334, 337, 338, 339, 340, 345, 346, 347 ,
348, 350, 351, 354, 355, 358, 359, 364, 365, 366 ,
367, 372, 373, 374, 375, 376, 377, 378, 381, 384 ,
385, 388, 389, 390, 398, 399, 400, 401, 407, 408 ,
410, 411, 413, 414, 418, 419, 420, 425, 426, 427 ,
428, 431, 432, 433, 436, 437, 438, 439, 442, 446 ,
447, 450, 451, 452, 453, 454, 455, 459, 460, 463 ,
464, 467, 468, 472, 473, 474, 475, 476, 486, 488 ,
489, 492, 493, 494, 496, 497 ,
])

params = np.array([
[119.917464, 0.033248, 0.00908, 0.000489, 0.000672] ,
])
T1 = Tphi = 170000.0 ns

 Ideal: max_step = 0.0001, nsteps = 10000.0

 len(c_op_list)=0
U_noise.istp=False
U_noise.iscp=True
U_noise=Quantum object: dims = [[2], [2]], shape = (2, 2), type = oper, isherm = False
Qobj data =
[[-3.82907424e-05-1.58984991e-04j  5.00868613e-01-8.65523238e-01j]
 [ 5.00894832e-01-8.65508057e-01j -1.09917923e-04-4.06398558e-05j]]
fidelity= 0.9999998906288274

f_ideal_256 = np.array([
-6.961097131810401 ,
])
Current Mountain Time: 2025-06-28 19:22:11.435798-06:00

 Noisy: max_step = 0.0001, nsteps = 10000.0
Command terminated by signal 15
261.32user 5.86system 20:41:07elapsed 0%CPU (0avgtext+0avgdata 851272maxresident)k
0inputs+160outputs (0major+565702minor)pagefaults 0swaps
