Xgate_noise.py
Current Mountain Time: 2025-06-17 11:38:45.251365-06:00
drive_phi= False ; drive_theta = True ; n_full = 450
n_charge = 231
num_cpus =  4 ;   n_job =  5

hspace_charge (450\231) = np.array([
0, 1, 2, 4, 5, 7, 8, 11, 12, 16 ,
17, 18, 21, 23, 25, 27, 30, 31, 32, 33 ,
37, 38, 40, 41, 42, 45, 46, 47, 48, 51 ,
52, 56, 59, 62, 63, 64, 65, 67, 72, 73 ,
74, 76, 78, 79, 82, 83, 85, 87, 88, 90 ,
92, 93, 96, 97, 98, 102, 103, 106, 107, 112 ,
114, 118, 119, 120, 121, 122, 123, 124, 127, 128 ,
131, 132, 133, 134, 137, 138, 142, 143, 150, 151 ,
154, 155, 156, 157, 158, 161, 162, 163, 166, 170 ,
171, 174, 175, 176, 177, 179, 180, 186, 187, 188 ,
191, 192, 195, 196, 199, 202, 203, 206, 207, 208 ,
210, 213, 214, 218, 219, 220, 221, 222, 225, 226 ,
230, 231, 232, 236, 237, 238, 242, 243, 246, 247 ,
248, 251, 252, 258, 259, 260, 262, 263, 264, 270 ,
271, 274, 275, 279, 280, 281, 283, 284, 285, 288 ,
289, 290, 294, 296, 297, 298, 299, 300, 301, 302 ,
307, 308, 312, 313, 314, 315, 324, 325, 326, 327 ,
328, 333, 334, 337, 338, 339, 340, 345, 346, 347 ,
348, 350, 351, 354, 355, 358, 359, 364, 365, 366 ,
367, 372, 373, 374, 375, 376, 377, 378, 381, 384 ,
385, 388, 389, 390, 398, 399, 400, 401, 407, 408 ,
410, 411, 413, 414, 418, 419, 420, 425, 426, 427 ,
428, 431, 432, 433, 436, 437, 438, 439, 442, 446 ,
447 ,
])

params = np.array([
[15.074864, 0.303821, 0.065666, -0.036206, -0.016563] ,
[34.999249, 0.121737, 0.032287, 0.001883, 0.004348] ,
[55.267933, 0.073988, 0.020007, 0.001756, 0.002668] ,
[79.950621, 0.050323, 0.013699, 0.001008, 0.001432] ,
[119.917464, 0.033248, 0.00908, 0.000489, 0.000672] ,
])
T1 = Tphi = 170000.0 ns
RuntimeWarning: invalid value encountered in log10
 /home/zlqed/two_qubit_gate/zeropi/two_qubit_gate_for_zero_pi_qubit/X_gate/../utils_2Q_gate_zp.py: 938RuntimeWarning: invalid value encountered in log10
 /home/zlqed/two_qubit_gate/zeropi/two_qubit_gate_for_zero_pi_qubit/X_gate/../utils_2Q_gate_zp.py: 938RuntimeWarning: invalid value encountered in log10
 /home/zlqed/two_qubit_gate/zeropi/two_qubit_gate_for_zero_pi_qubit/X_gate/../utils_2Q_gate_zp.py: 938
f_ideal_231 = np.array([
-0.8896451770341811, -3.7816781839569336, -4.960364532068968, -5.7547858644581025 ,
-6.144514897364522 ,
])
Current Mountain Time: 2025-06-17 11:39:17.352152-06:00

f_170us_231 = np.array([
-0.8895537746092979, -3.671402433054669, nan, nan ,
nan ,
])
Current Mountain Time: 2025-06-17 16:25:40.102903-06:00
3453874.45user 506087.62system 4:46:57elapsed 23000%CPU (0avgtext+0avgdata 4761932maxresident)k
0inputs+32outputs (662major+79904775minor)pagefaults 0swaps
