get_fidelity_2q.py

Current China Time: 2026-01-12 22:58:35.327550+08:00

============================================================
 Configuration 
============================================================

[cz_run]
    True

[n_truc_list]
    type: np.ndarray, shape=(7,)
    preview: [300, 400, 500, 600, 700, 800, 900]

[reduced_model]
    charge_pick

[calculate_ideal]
    True

[calculate_noise]
    False

[max_step_ideal]
    0.001

[max_step_noisy]
    0.001

[num_cpus]
    4

[folder_load]
    ../data/December_17_2025_Sorted_Untruc

[tg_list]
    type: np.ndarray, shape=(30,)
    preview: [0, 6, 12, 18, 24, 30, 36, 42, 48, 54, 60, 66, 72, 78, 84, 90, 96, 102, 108, 114, 120, 126, 132, 138, 144, 150, 156, 162, 168, 174]

[params]
    type: np.ndarray, shape=(30, 3)
      [20.0396, 0.042986, 0.024999]
      [26.093888, 0.014711, 0.005774]
      [32.051075, 0.038251, 0.013537]
      [38.051728, 0.042323, 0.017513]
      [44.045552, 0.032456, 0.024949]
      [50.061226, 0.0273, 0.027376]
      [56.069465, 0.022632, 0.026119]
      [62.05419, 0.021118, 0.016864]
      [68.034924, 0.018637, 0.016083]
      [74.047574, 0.016614, 0.015243]
      [80.077779, 0.022211, 0.025875]
      [86.105841, 0.019796, 0.025541]
      [91.948301, 0.017913, 0.02519]
      [97.911043, 0.016379, 0.024548]
      [104.063579, 0.015087, 0.022589]
      [110.011572, 0.014146, 0.020779]
      [116.081819, 0.013307, 0.020056]
      [121.899104, 0.012552, 0.019398]
      [127.989493, 0.011846, 0.018614]
      [134.04404, 0.011216, 0.01771]
      [140.029224, 0.010651, 0.016991]
      [146.026626, 0.010146, 0.016335]
      [151.995423, 0.009679, 0.01572]
      [158.03957, 0.009263, 0.015107]
      [164.005209, 0.008876, 0.014574]
      [170.004681, 0.008521, 0.01407]
      [176.000245, 0.00819, 0.013584]
      [182.010007, 0.00788, 0.013127]
      [188.012436, 0.007596, 0.01271]
      [193.987562, 0.007333, 0.012326]

[n_job]
    10

============================================================


params = np.array([
[20.0396, 0.042986, 0.024999] ,
[26.093888, 0.014711, 0.005774] ,
[32.051075, 0.038251, 0.013537] ,
[38.051728, 0.042323, 0.017513] ,
[44.045552, 0.032456, 0.024949] ,
[50.061226, 0.0273, 0.027376] ,
[56.069465, 0.022632, 0.026119] ,
[62.05419, 0.021118, 0.016864] ,
[68.034924, 0.018637, 0.016083] ,
[74.047574, 0.016614, 0.015243] ,
[80.077779, 0.022211, 0.025875] ,
[86.105841, 0.019796, 0.025541] ,
[91.948301, 0.017913, 0.02519] ,
[97.911043, 0.016379, 0.024548] ,
[104.063579, 0.015087, 0.022589] ,
[110.011572, 0.014146, 0.020779] ,
[116.081819, 0.013307, 0.020056] ,
[121.899104, 0.012552, 0.019398] ,
[127.989493, 0.011846, 0.018614] ,
[134.04404, 0.011216, 0.01771] ,
[140.029224, 0.010651, 0.016991] ,
[146.026626, 0.010146, 0.016335] ,
[151.995423, 0.009679, 0.01572] ,
[158.03957, 0.009263, 0.015107] ,
[164.005209, 0.008876, 0.014574] ,
[170.004681, 0.008521, 0.01407] ,
[176.000245, 0.00819, 0.013584] ,
[182.010007, 0.00788, 0.013127] ,
[188.012436, 0.007596, 0.01271] ,
[193.987562, 0.007333, 0.012326] ,
])

===== n_truc = 300 =====

f_ideal_300 = np.array([
-0.61368203, -0.31183478, -0.39044688, -0.44622710 ,
-1.01602326, -1.14452192, -1.00867954, -1.03720349 ,
-1.19214802, -1.31892423, -1.63413369, -2.23898612 ,
-2.88153399, -2.37083949, -2.09805459, -2.31903081 ,
-2.81815810, -3.15017148, -2.99551971, -3.05095819 ,
-3.27391122, -3.33610019, -3.32153624, -3.48658523 ,
-3.71877976, -3.82884704, -3.97392802, -4.26826516 ,
-4.40727894, -4.34382225 ,
])

Current China Time: 2026-01-12 22:59:32.112292+08:00

===== n_truc = 400 =====

f_ideal_400 = np.array([
-0.61544806, -0.31183723, -0.39099275, -0.43786222 ,
-1.01602357, -1.14534500, -1.00824575, -1.03864916 ,
-1.19182097, -1.31847673, -1.63257842, -2.23638929 ,
-2.87545099, -2.37114019, -2.09867313, -2.31925452 ,
-2.81777772, -3.14884686, -2.99425781, -3.04936290 ,
-3.27200628, -3.33496705, -3.32102121, -3.48651617 ,
-3.71842938, -3.82847917, -3.97361440, -4.26782363 ,
-4.40673541, -4.34327559 ,
])

Current China Time: 2026-01-12 23:00:56.387419+08:00

===== n_truc = 500 =====

f_ideal_500 = np.array([
-0.61470161, -0.31183802, -0.38977200, -0.43286119 ,
-1.00770230, -1.14149463, -1.00819751, -1.03886164 ,
-1.19179933, -1.31846093, -1.63160851, -2.23707413 ,
-2.89245568, -2.37600737, -2.09863771, -2.31851457 ,
-2.81671332, -3.14806784, -2.99415142, -3.04944811 ,
-3.27204500, -3.33491463, -3.32093052, -3.48636439 ,
-3.71835678, -3.82840884, -3.97363708, -4.26780076 ,
-4.40674646, -4.34321918 ,
])

Current China Time: 2026-01-12 23:02:58.769652+08:00

===== n_truc = 600 =====

f_ideal_600 = np.array([
-0.61464023, -0.31183887, -0.38978319, -0.43119708 ,
-1.00666193, -1.14118759, -1.00820855, -1.03863761 ,
-1.19189681, -1.31848445, -1.63165777, -2.23619925 ,
-2.89116684, -2.37611468, -2.09858945, -2.31832416 ,
-2.81657200, -3.14809570, -2.99435555, -3.04953226 ,
-3.27177286, -3.33458820, -3.32069127, -3.48608222 ,
-3.71785353, -3.82798550, -3.97329622, -4.26720550 ,
-4.40627161, -4.34295796 ,
])

Current China Time: 2026-01-12 23:05:51.446310+08:00

===== n_truc = 700 =====

f_ideal_700 = np.array([
-0.61469304, -0.31183826, -0.38961806, -0.43148403 ,
-1.00696380, -1.14105274, -1.00819274, -1.03881051 ,
-1.19191999, -1.31849109, -1.63145015, -2.23614982 ,
-2.89204833, -2.37640269, -2.09855001, -2.31840062 ,
-2.81654522, -3.14797689, -2.99427467, -3.04948637 ,
-3.27171384, -3.33447308, -3.32057124, -3.48592205 ,
-3.71788036, -3.82724239, -3.97329989, -4.26717280 ,
-4.40621063, -4.34303580 ,
])

Current China Time: 2026-01-12 23:09:36.519230+08:00

===== n_truc = 800 =====

f_ideal_800 = np.array([
-0.61478200, -0.31183146, -0.38962934, -0.43161964 ,
-1.00682880, -1.14101256, -1.00819628, -1.03882557 ,
-1.19191923, -1.31848566, -1.63139192, -2.23606827 ,
-2.89222803, -2.37627035, -2.09846715, -2.31837914 ,
-2.81646101, -3.14760429, -2.99418619, -3.04939207 ,
-3.27156253, -3.33425873, -3.32025653, -3.48577994 ,
-3.71743746, -3.82784855, -3.97316288, -4.26693079 ,
-4.40616345, -4.34300095 ,
])

Current China Time: 2026-01-12 23:14:28.744876+08:00

===== n_truc = 900 =====

f_ideal_900 = np.array([
-0.61473406, -0.31183054, -0.38948654, -0.43161802 ,
-1.00760319, -1.14115477, -1.00821119, -1.03874871 ,
-1.19191039, -1.31847758, -1.63144235, -2.23620018 ,
-2.89260051, -2.37643447, -2.09866488, -2.31829640 ,
-2.81631485, -3.14770755, -2.99409827, -3.04938118 ,
-3.27204811, -3.33467162, -3.32043818, -3.48559768 ,
-3.71750123, -3.82769393, -3.97314626, -4.26691943 ,
-4.40617017, -4.34306262 ,
])

Current China Time: 2026-01-12 23:20:41.990901+08:00

fidelity_list = np.array([
[-0.6136820303030324, -0.3118347834169225, -0.39044688270726463, -0.44622709691632334, -1.016023258082769, -1.1445219178395312, -1.0086795433917877, -1.037203487328061, -1.1921480225605434, -1.318924234936488, -1.6341336876723038, -2.2389861209161137, -2.8815339893295726, -2.370839485200357, -2.098054588020641, -2.3190308076220703, -2.8181580956906083, -3.150171479725346, -2.9955197107333116, -3.0509581850524143, -3.273911217658287, -3.3361001933731216, -3.3215362377765976, -3.4865852250393545, -3.718779762466855, -3.828847041840972, -3.9739280183720114, -4.26826516283298, -4.4072789356977005, -4.343822250642838] ,
[-0.6154480639170178, -0.31183722715816603, -0.39099274541242746, -0.43786221983324025, -1.0160235676413558, -1.1453450040517712, -1.0082457475537774, -1.038649163995107, -1.191820971337912, -1.3184767287515586, -1.6325784247650443, -2.2363892912996404, -2.8754509931312855, -2.371140186663298, -2.098673128221848, -2.3192545199450607, -2.817777716599259, -3.1488468625708608, -2.9942578056669764, -3.0493629038980545, -3.27200627513953, -3.334967046510314, -3.321021207474095, -3.4865161702296525, -3.7184293755508975, -3.8284791666819276, -3.973614403318576, -4.2678236267467895, -4.406735406077966, -4.343275585207561] ,
[-0.6147016068561619, -0.31183802048909587, -0.3897719997047693, -0.43286118717032707, -1.0077023012703052, -1.1414946267049728, -1.008197507561291, -1.038861638169342, -1.1917993264631153, -1.3184609334078472, -1.6316085064340395, -2.237074131634178, -2.892455682148589, -2.3760073666543433, -2.0986377101595206, -2.318514570168217, -2.8167133211684185, -3.1480678441273144, -2.994151424675272, -3.049448109341626, -3.272045002100958, -3.334914626192848, -3.320930519713742, -3.486364386313963, -3.718356775585128, -3.828408840682532, -3.9736370763580764, -4.267800756726691, -4.406746463803223, -4.343219181217819] ,
[-0.6146402338646061, -0.31183887374871044, -0.38978318953954416, -0.43119708415522107, -1.006661934275534, -1.1411875889750052, -1.008208549045733, -1.0386376051834425, -1.1918968144021491, -1.318484445011416, -1.631657765278481, -2.236199246778545, -2.8911668358059073, -2.3761146779076827, -2.098589453872378, -2.318324161424001, -2.81657200421676, -3.148095703489554, -2.994355552073458, -3.049532263258225, -3.271772856711496, -3.334588197330968, -3.32069126665805, -3.4860822201624018, -3.7178535284788192, -3.8279854981195984, -3.973296223107765, -4.267205502071433, -4.406271611576194, -4.342957963489631] ,
[-0.614693042816844, -0.3118382625573108, -0.3896180591682865, -0.43148402846589085, -1.0069637988611437, -1.141052740130259, -1.008192744278752, -1.0388105139785133, -1.191919990724391, -1.3184910905823575, -1.6314501496149163, -2.2361498207623045, -2.8920483331101305, -2.376402694584333, -2.098550011702763, -2.318400622364795, -2.81654522465448, -3.14797688523374, -2.994274666036289, -3.0494863706763455, -3.271713837654713, -3.334473084048252, -3.3205712426524503, -3.4859220456246445, -3.717880363226512, -3.8272423936332274, -3.9732998885100113, -4.267172797532615, -4.406210633508866, -4.343035798253214] ,
[-0.6147820004410252, -0.31183145662133754, -0.38962934404550453, -0.4316196351945804, -1.0068288015795301, -1.1410125601343553, -1.0081962752841271, -1.03882556906173, -1.1919192255883446, -1.318485657708522, -1.631391918978837, -2.2360682742787166, -2.8922280279364183, -2.3762703465825807, -2.0984671507080694, -2.3183791404579575, -2.8164610091938953, -3.1476042881594646, -2.9941861910054817, -3.0493920661934593, -3.271562530465241, -3.3342587313931307, -3.320256534862438, -3.485779944973264, -3.7174374627411715, -3.8278485485361573, -3.97316288299588, -4.266930792721964, -4.406163454010532, -4.343000947204738] ,
[-0.6147340635576535, -0.3118305382016509, -0.38948654491099455, -0.4316180200580354, -1.0076031940603698, -1.1411547650815979, -1.0082111929239357, -1.0387487143128302, -1.1919103918705312, -1.3184775779524436, -1.6314423495824855, -2.2362001800868803, -2.8926005132402843, -2.3764344661036287, -2.098664878623865, -2.3182964021429133, -2.8163148516566827, -3.1477075500868756, -2.994098273048948, -3.0493811810585334, -3.2720481134099577, -3.3346716173247617, -3.32043818436146, -3.4855976784862808, -3.717501225448341, -3.8276939330178172, -3.9731462633793573, -4.2669194346612995, -4.406170170505263, -4.343062623944231] ,
])
41526.28user 360.96system 22:09.10elapsed 3151%CPU (0avgtext+0avgdata 6148368maxresident)k
0inputs+32outputs (20412major+71672512minor)pagefaults 0swaps
