get_fidelity_2q.py

Current China Time: 2026-01-12 22:57:19.234583+08:00

============================================================
 Configuration 
============================================================

[cz_run]
    True

[n_truc_list]
    type: np.ndarray, shape=(16,)
    preview: [50, 60, 70, 80, 90, 100, 110, 120, 130, 140, 150, 160, 170, 180, 190, 200]

[reduced_model]
    charge_pick

[calculate_ideal]
    True

[calculate_noise]
    False

[max_step_ideal]
    0.001

[max_step_noisy]
    0.001

[num_cpus]
    4

[folder_load]
    ../data/December_17_2025_Sorted_Untruc

[tg_list]
    type: np.ndarray, shape=(30,)
    preview: [0, 6, 12, 18, 24, 30, 36, 42, 48, 54, 60, 66, 72, 78, 84, 90, 96, 102, 108, 114, 120, 126, 132, 138, 144, 150, 156, 162, 168, 174]

[params]
    type: np.ndarray, shape=(30, 3)
      [20.0396, 0.042986, 0.024999]
      [26.093888, 0.014711, 0.005774]
      [32.051075, 0.038251, 0.013537]
      [38.051728, 0.042323, 0.017513]
      [44.045552, 0.032456, 0.024949]
      [50.061226, 0.0273, 0.027376]
      [56.069465, 0.022632, 0.026119]
      [62.05419, 0.021118, 0.016864]
      [68.034924, 0.018637, 0.016083]
      [74.047574, 0.016614, 0.015243]
      [80.077779, 0.022211, 0.025875]
      [86.105841, 0.019796, 0.025541]
      [91.948301, 0.017913, 0.02519]
      [97.911043, 0.016379, 0.024548]
      [104.063579, 0.015087, 0.022589]
      [110.011572, 0.014146, 0.020779]
      [116.081819, 0.013307, 0.020056]
      [121.899104, 0.012552, 0.019398]
      [127.989493, 0.011846, 0.018614]
      [134.04404, 0.011216, 0.01771]
      [140.029224, 0.010651, 0.016991]
      [146.026626, 0.010146, 0.016335]
      [151.995423, 0.009679, 0.01572]
      [158.03957, 0.009263, 0.015107]
      [164.005209, 0.008876, 0.014574]
      [170.004681, 0.008521, 0.01407]
      [176.000245, 0.00819, 0.013584]
      [182.010007, 0.00788, 0.013127]
      [188.012436, 0.007596, 0.01271]
      [193.987562, 0.007333, 0.012326]

[n_job]
    10

============================================================


params = np.array([
[20.0396, 0.042986, 0.024999] ,
[26.093888, 0.014711, 0.005774] ,
[32.051075, 0.038251, 0.013537] ,
[38.051728, 0.042323, 0.017513] ,
[44.045552, 0.032456, 0.024949] ,
[50.061226, 0.0273, 0.027376] ,
[56.069465, 0.022632, 0.026119] ,
[62.05419, 0.021118, 0.016864] ,
[68.034924, 0.018637, 0.016083] ,
[74.047574, 0.016614, 0.015243] ,
[80.077779, 0.022211, 0.025875] ,
[86.105841, 0.019796, 0.025541] ,
[91.948301, 0.017913, 0.02519] ,
[97.911043, 0.016379, 0.024548] ,
[104.063579, 0.015087, 0.022589] ,
[110.011572, 0.014146, 0.020779] ,
[116.081819, 0.013307, 0.020056] ,
[121.899104, 0.012552, 0.019398] ,
[127.989493, 0.011846, 0.018614] ,
[134.04404, 0.011216, 0.01771] ,
[140.029224, 0.010651, 0.016991] ,
[146.026626, 0.010146, 0.016335] ,
[151.995423, 0.009679, 0.01572] ,
[158.03957, 0.009263, 0.015107] ,
[164.005209, 0.008876, 0.014574] ,
[170.004681, 0.008521, 0.01407] ,
[176.000245, 0.00819, 0.013584] ,
[182.010007, 0.00788, 0.013127] ,
[188.012436, 0.007596, 0.01271] ,
[193.987562, 0.007333, 0.012326] ,
])

===== n_truc = 50 =====

f_ideal_50 = np.array([
-0.21059780, -0.30822165, -0.40813483, -0.43764510 ,
-0.72483262, -0.80268978, -0.81129660, -0.90932622 ,
-1.06406822, -1.19277586, -1.87386689, -2.21183274 ,
-2.20788820, -2.00630764, -1.97832982, -2.28974270 ,
-2.67132051, -2.79390246, -2.73603220, -2.85643873 ,
-3.01084968, -3.07832396, -3.08421320, -3.25707305 ,
-3.40125663, -3.49989107, -3.62264389, -3.77925284 ,
-3.87696264, -3.89799148 ,
])

Current China Time: 2026-01-12 22:57:33.651934+08:00

===== n_truc = 60 =====

f_ideal_60 = np.array([
-0.36874608, -0.31298903, -0.42261634, -0.76845000 ,
-1.13856539, -1.12772269, -0.99288234, -1.04163816 ,
-1.19719575, -1.32228756, -1.67704299, -2.29915221 ,
-3.06910213, -2.44864879, -2.14425220, -2.35454827 ,
-2.85784026, -3.17110381, -2.99764102, -3.05399917 ,
-3.27984117, -3.34268564, -3.32580018, -3.49197204 ,
-3.72260983, -3.83007856, -3.97350698, -4.26339414 ,
-4.39744394, -4.33251525 ,
])

Current China Time: 2026-01-12 22:57:43.776721+08:00

===== n_truc = 70 =====

f_ideal_70 = np.array([
-0.39046699, -0.31316755, -0.44645345, -0.70636460 ,
-1.15344737, -1.15167375, -1.00341667, -1.05440090 ,
-1.20910028, -1.33277623, -1.65144806, -2.26445005 ,
-3.05960228, -2.46454232, -2.14652061, -2.34837348 ,
-2.84908223, -3.17217467, -3.00198748, -3.05448739 ,
-3.28322385, -3.34759426, -3.33247257, -3.49593635 ,
-3.73107283, -3.83866269, -3.98128796, -4.27691468 ,
-4.41230023, -4.34455681 ,
])

Current China Time: 2026-01-12 22:57:54.543018+08:00

===== n_truc = 80 =====

f_ideal_80 = np.array([
-0.40538691, -0.31242697, -0.43404144, -0.77275891 ,
-1.08253751, -1.14146630, -1.00383501, -1.04764551 ,
-1.20227340, -1.32675186, -1.64313727, -2.25690691 ,
-3.05249609, -2.46400861, -2.14741800, -2.35112420 ,
-2.85401862, -3.17465010, -3.00131564, -3.05412257 ,
-3.28075064, -3.34405071, -3.32853207, -3.49214161 ,
-3.72514796, -3.83329057, -3.97687995, -4.27192154 ,
-4.41005286, -4.34526085 ,
])

Current China Time: 2026-01-12 22:58:06.001465+08:00

===== n_truc = 90 =====

f_ideal_90 = np.array([
-0.31452540, -0.31034684, -0.40946318, -0.68310877 ,
-0.96358264, -1.03934572, -0.95877973, -1.01320591 ,
-1.16853040, -1.29612844, -1.74518121, -2.36798170 ,
-2.98349283, -2.39993941, -2.13485976, -2.36183883 ,
-2.86839937, -3.16308499, -2.98832995, -3.04975020 ,
-3.26895463, -3.33028446, -3.31362478, -3.48149344 ,
-3.70737137, -3.81677863, -3.96259502, -4.25199585 ,
-4.39384028, -4.33678064 ,
])

Current China Time: 2026-01-12 22:58:18.442893+08:00

===== n_truc = 100 =====

f_ideal_100 = np.array([
-0.53616240, -0.31147126, -0.40943523, -0.50610323 ,
-1.06175146, -1.13224878, -0.99324714, -1.03487457 ,
-1.18950370, -1.31470993, -1.67606330, -2.28225272 ,
-2.92870237, -2.41671052, -2.13628952, -2.34602103 ,
-2.83690854, -3.14283006, -2.98846775, -3.05006892 ,
-3.27596765, -3.33973292, -3.32386279, -3.48952872 ,
-3.72011754, -3.82858273, -3.97287598, -4.26574689 ,
-4.40458176, -4.34198187 ,
])

Current China Time: 2026-01-12 22:58:32.027593+08:00

===== n_truc = 110 =====

f_ideal_110 = np.array([
-0.58140473, -0.31152176, -0.40999289, -0.48310858 ,
-1.10474965, -1.16321133, -1.00364934, -1.03983852 ,
-1.19362304, -1.31808583, -1.65095897, -2.25727042 ,
-2.93471718, -2.42808814, -2.13840390, -2.34435251 ,
-2.83482714, -3.14451575, -2.99034587, -3.05049695 ,
-3.27725488, -3.34123161, -3.32565947, -3.49040841 ,
-3.72196594, -3.83037707, -3.97445892, -4.26861699 ,
-4.40787525, -4.34478166 ,
])

Current China Time: 2026-01-12 22:58:46.892234+08:00

===== n_truc = 120 =====

f_ideal_120 = np.array([
-0.55599751, -0.31155426, -0.41795366, -0.51795100 ,
-1.11314269, -1.16102220, -1.00306000, -1.04019021 ,
-1.19410338, -1.31864883, -1.65277640, -2.25930649 ,
-2.94068041, -2.42965952, -2.13882437, -2.34449687 ,
-2.83518416, -3.14540834, -2.99083435, -3.05065731 ,
-3.27761069, -3.34169705, -3.32622502, -3.49087652 ,
-3.72279016, -3.83119434, -3.97519833, -4.26962993 ,
-4.40859422, -4.34503380 ,
])

Current China Time: 2026-01-12 22:59:03.374684+08:00

===== n_truc = 130 =====

f_ideal_130 = np.array([
-0.54696195, -0.31153257, -0.42357210, -0.52619117 ,
-1.13889175, -1.16455117, -1.00305458, -1.04018198 ,
-1.19409378, -1.31861101, -1.65192796, -2.25867199 ,
-2.94097401, -2.42976095, -2.13886853, -2.34466425 ,
-2.83549272, -3.14562780, -2.99086297, -3.05070592 ,
-3.27756023, -3.34157532, -3.32605312, -3.49080649 ,
-3.72266525, -3.83108298, -3.97504206, -4.26921486 ,
-4.40811307, -4.34470078 ,
])

Current China Time: 2026-01-12 22:59:21.292823+08:00

===== n_truc = 140 =====

f_ideal_140 = np.array([
-0.53927112, -0.31158895, -0.40832149, -0.54599580 ,
-1.04342535, -1.11725600, -0.99912003, -1.03833154 ,
-1.19237559, -1.31760924, -1.65980169, -2.26209522 ,
-2.93440534, -2.42803493, -2.13778406, -2.34222055 ,
-2.83109368, -3.14171797, -2.99005464, -3.05060315 ,
-3.27748045, -3.34145966, -3.32590059, -3.49073251 ,
-3.72250003, -3.83092796, -3.97490536, -4.26893014 ,
-4.40771442, -4.34430980 ,
])

Current China Time: 2026-01-12 22:59:39.945507+08:00

===== n_truc = 150 =====

f_ideal_150 = np.array([
-0.53811773, -0.31158366, -0.40614077, -0.54894046 ,
-1.03716926, -1.11403641, -0.99861089, -1.03740197 ,
-1.19261783, -1.31830022, -1.65878579, -2.25130595 ,
-2.89077075, -2.41676526, -2.13563587, -2.34622519 ,
-2.84681526, -3.16468526, -2.99753764, -3.05334933 ,
-3.27870776, -3.34178348, -3.32596924, -3.49075145 ,
-3.72252551, -3.83096349, -3.97494885, -4.26901325 ,
-4.40782581, -4.34440564 ,
])

Current China Time: 2026-01-12 23:00:00.658404+08:00

===== n_truc = 160 =====

f_ideal_160 = np.array([
-0.49181248, -0.31157757, -0.39564452, -0.68388370 ,
-1.05804302, -1.10840632, -0.99534218, -1.02225304 ,
-1.18770320, -1.31744778, -1.65952946, -2.19204584 ,
-2.55389173, -2.28624593, -2.10377951, -2.33399269 ,
-2.83715234, -3.16063110, -2.99719588, -3.05329110 ,
-3.27869022, -3.34176990, -3.32596808, -3.49071475 ,
-3.72249312, -3.83095550, -3.97495919, -4.26907849 ,
-4.40793852, -4.34454217 ,
])

Current China Time: 2026-01-12 23:00:23.455934+08:00

===== n_truc = 170 =====

f_ideal_170 = np.array([
-0.53832397, -0.31179043, -0.39159842, -0.59123825 ,
-1.06869012, -1.12940280, -1.00339637, -1.02636763 ,
-1.19100097, -1.32004467, -1.64235815, -2.18206060 ,
-2.56004048, -2.29083081, -2.10420074, -2.33267276 ,
-2.83542505, -3.16055564, -2.99764340, -3.05331060 ,
-3.27899014, -3.34215637, -3.32641472, -3.49098602 ,
-3.72295341, -3.83135903, -3.97528265, -4.26949845 ,
-4.40823994, -4.34468055 ,
])

Current China Time: 2026-01-12 23:00:47.251073+08:00

===== n_truc = 180 =====

f_ideal_180 = np.array([
-0.58474231, -0.31183042, -0.38118482, -0.51310069 ,
-1.06632369, -1.13486150, -1.00430036, -1.02872448 ,
-1.19092980, -1.31998364, -1.63372501, -2.16067055 ,
-2.59190806, -2.31255657, -2.10260987, -2.32570824 ,
-2.82498441, -3.15360061, -2.99672271, -3.05314570 ,
-3.27906842, -3.34232310, -3.32663024, -3.49115418 ,
-3.72322730, -3.83162440, -3.97553565, -4.26979630 ,
-4.40839248, -4.34473137 ,
])

Current China Time: 2026-01-12 23:01:12.723345+08:00

===== n_truc = 190 =====

f_ideal_190 = np.array([
-0.57978107, -0.31183391, -0.36668553, -0.55277494 ,
-1.08936594, -1.13973318, -1.00254945, -1.03069890 ,
-1.19196529, -1.32028752, -1.62357683, -2.13127614 ,
-2.56934782, -2.31836979, -2.10671297, -2.32767596 ,
-2.82669527, -3.15453605, -2.99689401, -3.05318343 ,
-3.27911241, -3.34236936, -3.32669032, -3.49119019 ,
-3.72326382, -3.83165406, -3.97558736, -4.26985773 ,
-4.40836703, -4.34471349 ,
])

Current China Time: 2026-01-12 23:01:40.673421+08:00

===== n_truc = 200 =====

f_ideal_200 = np.array([
-0.57869856, -0.31183365, -0.36858025, -0.54081560 ,
-1.08117868, -1.14273116, -1.00308178, -1.03069604 ,
-1.19226352, -1.32044211, -1.62309273, -2.13110617 ,
-2.56922559, -2.31802376, -2.10624342, -2.32821763 ,
-2.82834420, -3.15629906, -2.99726097, -3.05324702 ,
-3.27912526, -3.34237526, -3.32668199, -3.49118442 ,
-3.72329262, -3.83169000, -3.97556855, -4.26986772 ,
-4.40850694, -4.34475560 ,
])

Current China Time: 2026-01-12 23:02:10.230060+08:00

fidelity_list = np.array([
[-0.21059779914448828, -0.3082216540477334, -0.40813483416437973, -0.43764510339914564, -0.7248326162214501, -0.8026897814582583, -0.8112966029957958, -0.9093262239635743, -1.0640682238803598, -1.1927758605224168, -1.873866886589692, -2.2118327388080807, -2.2078881981554606, -2.0063076361805665, -1.9783298213148248, -2.289742698299927, -2.6713205123009494, -2.7939024629822304, -2.7360321964646044, -2.856438728264409, -3.0108496788246186, -3.078323955016029, -3.084213195066648, -3.2570730504847645, -3.4012566336752954, -3.4998910722205254, -3.622643892341074, -3.779252837974967, -3.8769626441216554, -3.8979914840439585] ,
[-0.36874608048121277, -0.3129890296217964, -0.42261634275993654, -0.7684500043169011, -1.1385653887316416, -1.1277226861281255, -0.992882337499041, -1.0416381555795053, -1.1971957516508667, -1.3222875573971615, -1.6770429896950299, -2.2991522073835444, -3.069102134823142, -2.4486487908733716, -2.1442522041969427, -2.3545482701761467, -2.8578402624243133, -3.1711038069612685, -2.9976410190811897, -3.053999167458588, -3.2798411665108897, -3.342685642405779, -3.3258001753413726, -3.491972036540148, -3.7226098328877835, -3.8300785643269433, -3.973506980310879, -4.263394143910064, -4.397443939514863, -4.332515251222885] ,
[-0.3904669905306007, -0.3131675475614197, -0.44645344592879965, -0.7063646032934692, -1.153447372400182, -1.1516737461130093, -1.0034166704804088, -1.0544009019805818, -1.2091002780787188, -1.332776234159243, -1.6514480579255304, -2.264450054524415, -3.0596022825239917, -2.4645423204065113, -2.1465206089901256, -2.3483734828305725, -2.8490822308129675, -3.172174672747406, -3.0019874815075296, -3.0544873902639247, -3.2832238509920724, -3.3475942635369913, -3.332472571860807, -3.495936348588549, -3.731072826398941, -3.8386626899439693, -3.9812879556318626, -4.276914682753038, -4.412300233041115, -4.344556810976798] ,
[-0.40538690738448746, -0.31242696905845346, -0.43404143799577133, -0.7727589076145416, -1.0825375148447374, -1.1414662951131997, -1.0038350119269503, -1.0476455088665624, -1.2022733984409815, -1.326751863332574, -1.6431372674516096, -2.256906908100646, -3.0524960862580848, -2.464008609350177, -2.1474180034635877, -2.351124202379951, -2.854018624779305, -3.174650099010111, -3.0013156354779915, -3.0541225709453586, -3.2807506380174947, -3.344050705273263, -3.328532069339664, -3.492141614634016, -3.7251479592718293, -3.833290572650239, -3.9768799474393193, -4.271921538887983, -4.41005285512502, -4.345260846694404] ,
[-0.31452540028512704, -0.31034684180865396, -0.40946318244325575, -0.683108769808321, -0.9635826369341136, -1.0393457182505585, -0.9587797322149016, -1.0132059143962213, -1.168530403441095, -1.2961284394368442, -1.74518120565634, -2.3679816986515165, -2.983492830679375, -2.399939411692986, -2.1348597641412623, -2.3618388302729527, -2.8683993714658045, -3.1630849892225203, -2.988329953814153, -3.0497502001433405, -3.268954626838235, -3.330284455654266, -3.313624781415026, -3.481493441218935, -3.7073713727116266, -3.816778634903637, -3.9625950233686993, -4.2519958453962925, -4.393840283111003, -4.336780636242364] ,
[-0.5361624000313359, -0.3114712553933835, -0.409435232646511, -0.5061032327138422, -1.0617514569524042, -1.1322487782170008, -0.9932471361219569, -1.0348745706593243, -1.1895036999937827, -1.3147099307158328, -1.6760632963508995, -2.2822527156296246, -2.928702366024374, -2.416710522758261, -2.136289520209319, -2.346021032750502, -2.836908541063522, -3.142830058042706, -2.9884677498117895, -3.050068915003, -3.275967645486963, -3.3397329192113268, -3.3238627864251336, -3.4895287237215222, -3.720117541292102, -3.828582730905644, -3.972875981546125, -4.265746893708289, -4.404581762910664, -4.341981867980744] ,
[-0.5814047332448724, -0.3115217585149934, -0.4099928871928865, -0.48310857737843654, -1.104749651185102, -1.1632113343009043, -1.003649336871502, -1.0398385205018061, -1.1936230407983657, -1.3180858285762755, -1.6509589692801885, -2.2572704206713192, -2.934717176837488, -2.4280881406271746, -2.1384038984653433, -2.344352507307293, -2.8348271358063633, -3.144515751155244, -2.9903458733936157, -3.05049695382258, -3.277254882441497, -3.3412316114003238, -3.325659469931354, -3.4904084079100732, -3.7219659440692103, -3.8303770735436777, -3.9744589235205567, -4.268616990643435, -4.407875245292144, -4.344781663645352] ,
[-0.5559975107100746, -0.31155425773622186, -0.4179536622470884, -0.5179510032808917, -1.113142687379345, -1.1610222022238232, -1.003059996507709, -1.0401902127673315, -1.1941033804018018, -1.318648834637981, -1.6527764025246512, -2.2593064934605755, -2.9406804076635775, -2.4296595189442263, -2.13882437402325, -2.3444968672808546, -2.835184157731576, -3.145408335757037, -2.990834345829234, -3.0506573060335302, -3.277610687921127, -3.3416970546193996, -3.326225018434282, -3.49087651632306, -3.722790158883942, -3.8311943383270273, -3.9751983323433864, -4.269629933163333, -4.408594220571998, -4.345033797368652] ,
[-0.5469619482926891, -0.31153257139073326, -0.42357210003163315, -0.5261911653463919, -1.1388917532719485, -1.1645511694305097, -1.0030545788471568, -1.0401819767186782, -1.1940937831655873, -1.3186110146605658, -1.6519279622727576, -2.2586719895204563, -2.940974013284567, -2.4297609530887803, -2.1388685289310465, -2.3446642454126625, -2.835492723858505, -3.1456277995678565, -2.9908629716855217, -3.050705918843565, -3.2775602256970657, -3.3415753161495907, -3.326053116885957, -3.4908064882936207, -3.7226652504792224, -3.831082979683349, -3.9750420571605485, -4.2692148570462605, -4.408113074783238, -4.344700779299869] ,
[-0.5392711223920875, -0.3115889480111424, -0.4083214880828492, -0.5459958003600901, -1.0434253521001162, -1.1172559979116734, -0.9991200270661927, -1.0383315415142425, -1.192375585061293, -1.3176092363155125, -1.659801693905412, -2.262095216961691, -2.9344053391907514, -2.428034930235032, -2.1377840560675616, -2.3422205533538514, -2.8310936764716024, -3.141717969098828, -2.990054643767219, -3.0506031484661515, -3.277480452150633, -3.341459661791271, -3.3259005927143326, -3.4907325127237256, -3.7225000264010193, -3.8309279586128087, -3.974905362083406, -4.268930141528479, -4.407714417922654, -4.344309803712432] ,
[-0.5381177282641655, -0.31158366227570927, -0.40614076606003674, -0.5489404598432194, -1.0371692572437528, -1.114036412446954, -0.9986108852191474, -1.0374019725060841, -1.1926178334882116, -1.318300220680844, -1.6587857884355026, -2.2513059495326853, -2.8907707514850305, -2.416765260538881, -2.1356358739873618, -2.346225193763801, -2.8468152552267556, -3.1646852597287856, -2.9975376406559904, -3.0533493340302478, -3.2787077605612693, -3.3417834831399706, -3.32596923571898, -3.490751451027747, -3.7225255123233763, -3.8309634870537863, -3.9749488503603385, -4.269013251091145, -4.407825812220573, -4.344405638547897] ,
[-0.4918124799005369, -0.31157756790533336, -0.39564452142623363, -0.683883695559182, -1.058043016665977, -1.10840632022164, -0.995342175203966, -1.022253038840563, -1.1877031960306086, -1.3174477776189892, -1.65952945642, -2.1920458409125514, -2.5538917296217973, -2.2862459314596495, -2.1037795143062334, -2.333992692160458, -2.8371523352757917, -3.1606311040637753, -2.997195879695759, -3.053291104439319, -3.2786902173334944, -3.3417698987234474, -3.32596807921211, -3.4907147493279362, -3.7224931150369227, -3.830955499958231, -3.9749591941961295, -4.269078490533756, -4.407938517871117, -4.34454217169317] ,
[-0.5383239715133679, -0.3117904341993452, -0.39159842310194865, -0.59123824849114, -1.0686901219148515, -1.1294028020970197, -1.0033963704507103, -1.0263676268283113, -1.1910009711681944, -1.3200446701979633, -1.6423581467367363, -2.182060603095892, -2.560040480033265, -2.2908308140375775, -2.104200741781888, -2.332672764005494, -2.835425052982861, -3.160555635115341, -2.997643403107813, -3.0533106007811184, -3.2789901441830422, -3.3421563737817004, -3.3264147201866376, -3.4909860190718103, -3.722953409084054, -3.8313590251219902, -3.975282649535834, -4.269498445146386, -4.408239944687672, -4.344680547399178] ,
[-0.5847423110901816, -0.31183042264152766, -0.3811848198034048, -0.5131006871925681, -1.066323686608065, -1.1348615035735896, -1.0043003633084178, -1.0287244801334143, -1.1909298034125728, -1.3199836403747118, -1.6337250130764946, -2.1606705538225053, -2.5919080554168916, -2.312556565090117, -2.102609868826835, -2.325708242310238, -2.8249844149716563, -3.1536006059205746, -2.9967227099488336, -3.053145695692161, -3.279068421333281, -3.3423230972748375, -3.3266302447757328, -3.49115417693964, -3.723227300683168, -3.831624403899439, -3.975535652963119, -4.26979629507236, -4.408392475076508, -4.344731366473656] ,
[-0.5797810662982883, -0.31183390938227284, -0.36668552825531087, -0.5527749436166804, -1.0893659426620486, -1.1397331751227364, -1.0025494515161086, -1.0306988973551643, -1.1919652920567545, -1.3202875197276898, -1.6235768338914534, -2.13127614119737, -2.569347820039311, -2.318369786784997, -2.106712969964503, -2.327675955362686, -2.8266952729245185, -3.1545360486300424, -2.996894014223624, -3.0531834255589385, -3.279112409179541, -3.3423693557773078, -3.3266903174365763, -3.4911901929783444, -3.7232638157499283, -3.8316540558273484, -3.975587361447871, -4.269857732268307, -4.408367026175324, -4.344713490631447] ,
[-0.5786985612991261, -0.3118336459458437, -0.36858024856289184, -0.5408155985348041, -1.081178683539482, -1.1427311631112491, -1.0030817848798665, -1.0306960371554277, -1.1922635242707513, -1.3204421098440644, -1.6230927268087545, -2.1311061685522255, -2.569225592057018, -2.318023762926391, -2.106243420567271, -2.3282176303032838, -2.828344195401368, -3.1562990593555567, -2.997260974490645, -3.0532470177840056, -3.2791252577027867, -3.3423752574456715, -3.3266819949533195, -3.491184421602014, -3.7232926154911854, -3.831690000386909, -3.9755685450373477, -4.269867719816549, -4.408506942537683, -4.344755601493991] ,
])
8669.49user 685.82system 4:53.37elapsed 3188%CPU (0avgtext+0avgdata 5107880maxresident)k
0inputs+320outputs (59661major+112374746minor)pagefaults 0swaps
