get_fidelity_2q.py

Current China Time: 2025-12-22 21:35:25.852238+08:00

============================================================
 Configuration 
============================================================

[apply_decay]
    True

[apply_dephase]
    True

[calculate_ideal]
    True

[calculate_noise]
    False

[cz_run]
    True

[decay_enlarge]
    1

[filter_ratio]
    0.3

[folder_load]
    ../../data/_truc_3000

[max_step_ideal]
    0.001

[max_step_noisy]
    0.001

[n_job]
    30

[n_truc_list]
    [200, 1000]

[num_cpus]
    16

[params]
    type: np.ndarray, shape=(30, 3)
      [20.0396, 0.042986, 0.024999]
      [26.093888, 0.014711, 0.005774]
      [32.051075, 0.038251, 0.013537]
      [38.051728, 0.042323, 0.017513]
      [44.045552, 0.032456, 0.024949]
      ...

[t1_tphi_other]
    3

[tg_list]
    type: np.ndarray, shape=(30,)
    preview: [0, 6, 12, 18, 24]

[truc_model_name]
    cz_short_500_detune1

[use_truc_model]
    False

============================================================


params = np.array([
[20.0396, 0.042986, 0.024999] ,
[26.093888, 0.014711, 0.005774] ,
[32.051075, 0.038251, 0.013537] ,
[38.051728, 0.042323, 0.017513] ,
[44.045552, 0.032456, 0.024949] ,
[50.061226, 0.0273, 0.027376] ,
[56.069465, 0.022632, 0.026119] ,
[62.05419, 0.021118, 0.016864] ,
[68.034924, 0.018637, 0.016083] ,
[74.047574, 0.016614, 0.015243] ,
[80.077779, 0.022211, 0.025875] ,
[86.105841, 0.019796, 0.025541] ,
[91.948301, 0.017913, 0.02519] ,
[97.911043, 0.016379, 0.024548] ,
[104.063579, 0.015087, 0.022589] ,
[110.011572, 0.014146, 0.020779] ,
[116.081819, 0.013307, 0.020056] ,
[121.899104, 0.012552, 0.019398] ,
[127.989493, 0.011846, 0.018614] ,
[134.04404, 0.011216, 0.01771] ,
[140.029224, 0.010651, 0.016991] ,
[146.026626, 0.010146, 0.016335] ,
[151.995423, 0.009679, 0.01572] ,
[158.03957, 0.009263, 0.015107] ,
[164.005209, 0.008876, 0.014574] ,
[170.004681, 0.008521, 0.01407] ,
[176.000245, 0.00819, 0.013584] ,
[182.010007, 0.00788, 0.013127] ,
[188.012436, 0.007596, 0.01271] ,
[193.987562, 0.007333, 0.012326] ,
])

===== n_truc = 200 =====

f_ideal_200 = np.array([
-0.39516535, -0.31225390, -0.43363650, -0.79887598 ,
-1.08481272, -1.13452608, -1.00141289, -1.04445849 ,
-1.19919096, -1.32439132, -1.64537447, -2.25893618 ,
-3.05384076, -2.46502168, -2.14796896, -2.35080408 ,
-2.85317323, -3.17576666, -3.00279969, -3.05352044 ,
-3.28096543, -3.34514520, -3.33200862, -3.49197861 ,
-3.72844220, -3.83727628, -3.97969779, -4.27980685 ,
-4.41978601, -4.35693318 ,
])

Current China Time: 2025-12-22 21:35:40.159701+08:00

===== n_truc = 1000 =====

f_ideal_1000 = np.array([
-0.61462101, -0.31179452, -0.39185500, -0.44358466 ,
-1.01974248, -1.14666353, -1.00882727, -1.03836484 ,
-1.19243087, -1.31921655, -1.63226285, -2.23608081 ,
-2.88199226, -2.37381900, -2.09842458, -2.31760094 ,
-2.81547140, -3.14931936, -2.99602704, -3.04986747 ,
-3.27390397, -3.33746016, -3.32469565, -3.48757570 ,
-3.72264490, -3.83313881, -3.97752246, -4.27628336 ,
-4.41677341, -4.35297723 ,
])

Current China Time: 2025-12-22 21:38:25.595809+08:00

fidelity_list = np.array([
[-0.39516535204917774, -0.3122538998484216, -0.4336365004216618, -0.7988759773596112, -1.0848127168553328, -1.134526079291656, -1.0014128877156645, -1.0444584853992702, -1.199190962408888, -1.3243913160177974, -1.6453744669795605, -2.258936176489654, -3.053840761159118, -2.4650216793038164, -2.1479689628804497, -2.350804076070302, -2.8531732307645257, -3.1757666613269104, -3.0027996855691095, -3.053520441994195, -3.280965427383655, -3.3451451988233782, -3.332008623859353, -3.4919786120309113, -3.728442195867591, -3.83727628259533, -3.979697785166999, -4.279806853277076, -4.419786007595186, -4.356933179874318] ,
[-0.6146210103959703, -0.311794521320379, -0.39185500230413917, -0.44358466288192083, -1.0197424808018107, -1.1466635267895953, -1.0088272692753697, -1.0383648418414895, -1.1924308701227622, -1.3192165511230518, -1.632262847156805, -2.236080812169015, -2.88199226309202, -2.373819004036686, -2.098424575679699, -2.3176009352208466, -2.8154713972550396, -3.1493193641139827, -2.9960270411873697, -3.0498674704553514, -3.273903974939463, -3.3374601581292755, -3.3246956483405574, -3.487575698722008, -3.7226448950176025, -3.8331388050108566, -3.977522457544347, -4.27628336137637, -4.416773405051069, -4.3529772345444275] ,
])
13251.58user 605.34system 3:02.28elapsed 7601%CPU (0avgtext+0avgdata 6290128maxresident)k
0inputs+24outputs (161018major+27810175minor)pagefaults 0swaps
