get_fidelity_2q.py

Current China Time: 2025-12-31 11:16:27.304482+08:00

============================================================
 Configuration 
============================================================

[cz_run]
    False

[n_truc_list]
    type: np.ndarray, shape=(10,)
    preview: [200, 220, 240, 260, 280]

[use_truc_model]
    True

[truc_model_name]
    n_theta_dress_charge_truc

[calculate_ideal]
    True

[calculate_noise]
    False

[max_step_ideal]
    0.001

[max_step_noisy]
    0.001

[num_cpus]
    4

[folder_load]
    ../data/December_17_2025_Sorted_Untruc

[tg_list]
    type: np.ndarray, shape=(26,)
    preview: [0, 1, 2, 3, 4]

[params]
    type: np.ndarray, shape=(26, 5)
      [29.994376, 0.099205, 0.057109, -0.028523, -0.027362]
      [40.003004, 0.096609, 0.049579, -0.028325, -0.026694]
      [50.009627, 0.086208, 0.045334, -0.026182, -0.024551]
      [59.995626, 0.077544, 0.041816, -0.024491, -0.02316]
      [70.001584, 0.070142, 0.037217, -0.020717, -0.019962]
      ...

[n_job]
    10

============================================================


params = np.array([
[29.994376, 0.099205, 0.057109, -0.028523, -0.027362] ,
[40.003004, 0.096609, 0.049579, -0.028325, -0.026694] ,
[50.009627, 0.086208, 0.045334, -0.026182, -0.024551] ,
[59.995626, 0.077544, 0.041816, -0.024491, -0.02316] ,
[70.001584, 0.070142, 0.037217, -0.020717, -0.019962] ,
[79.999318, 0.064654, 0.035147, -0.019493, -0.019465] ,
[90.004152, 0.05837, 0.033131, -0.016679, -0.016419] ,
[99.993121, 0.054087, 0.03088, -0.01407, -0.013906] ,
[110.006914, 0.04942, 0.029523, -0.012467, -0.012274] ,
[120.002847, 0.046972, 0.028541, -0.012215, -0.011723] ,
[130.008905, 0.044967, 0.027755, -0.011844, -0.011358] ,
[140.001622, 0.043144, 0.027082, -0.011653, -0.011332] ,
[150.007858, 0.039792, 0.025436, -0.010327, -0.00999] ,
[159.993478, 0.037136, 0.023904, -0.00912, -0.008799] ,
[169.994539, 0.035013, 0.022727, -0.008229, -0.007889] ,
[179.994327, 0.032879, 0.021406, -0.007326, -0.006974] ,
[190.005655, 0.031012, 0.020307, -0.006613, -0.006325] ,
[199.99683, 0.029348, 0.019253, -0.005939, -0.005642] ,
[209.999963, 0.027811, 0.018316, -0.005361, -0.005105] ,
[220.001258, 0.026491, 0.017488, -0.004918, -0.004691] ,
[229.990815, 0.025142, 0.016545, -0.00441, -0.004176] ,
[240.00977, 0.024099, 0.015795, -0.003997, -0.003807] ,
[249.998675, 0.02298, 0.015082, -0.003623, -0.003456] ,
[260.001744, 0.021969, 0.014451, -0.003319, -0.003154] ,
[269.992401, 0.021155, 0.013872, -0.003069, -0.002914] ,
[279.998122, 0.020361, 0.013365, -0.00284, -0.002704] ,
])

===== n_truc = 200 =====
