tg,drive_amp,detune,f_200
20.03724,0.078654,-0.079759,-0.40255205
21.046446,0.075151,-0.083218,-0.44610764
22.041681,0.071895,-0.084778,-0.49651979
23.097382,0.068162,-0.084361,-0.5351758
24.097707,0.064557,-0.08297,-0.56795055
25.076018,0.061314,-0.082221,-0.60437459
26.088301,0.05834,-0.081085,-0.63153562
27.095533,0.055772,-0.080061,-0.62960304
28.075484,0.053392,-0.078801,-0.59782328
29.096412,0.018907,-0.079198,-0.55017256
30.065656,0.018508,-0.078375,-0.57259661
31.096952,0.018287,-0.078655,-0.59422751
32.039003,0.017912,-0.078169,-0.6126345
33.090841,0.01768,-0.07852,-0.6327835
34.093869,0.017508,-0.078234,-0.65315355
35.06102,0.017334,-0.07809,-0.67419717
36.038188,0.017241,-0.078488,-0.6976987
36.932729,0.017237,-0.079259,-0.72063159
38.040673,0.048046,-0.062861,-0.69537046
39.034216,0.016867,-0.078606,-0.77960182
40.038999,0.016923,-0.079451,-0.80771513
41.095893,0.016764,-0.079665,-0.83546834
42.027405,0.016575,-0.079636,-0.85737241
43.079911,0.016266,-0.0787,-0.87842636
44.032301,0.016101,-0.078268,-0.89321285
45.058046,0.015936,-0.07805,-0.90500006
46.046686,0.015764,-0.077864,-0.91310868
47.036818,0.015538,-0.076782,-0.91920423
48.03035,0.015276,-0.075694,-0.92629632
49.092376,0.015018,-0.074404,-0.93706315
50.06287,0.014858,-0.073971,-0.94992065
50.935803,0.014609,-0.072413,-0.96497834
52.096629,0.014445,-0.071433,-0.98640201
53.088309,0.014282,-0.071438,-1.00618864
54.090071,0.014233,-0.071116,-1.02714608
55.027563,0.014091,-0.070911,-1.04659835
56.077587,0.013955,-0.070236,-1.06792867
57.034327,0.0138,-0.069998,-1.086185
58.045957,0.013672,-0.069536,-1.10403064
59.080097,0.013576,-0.069493,-1.12191173
60.094909,0.013475,-0.06917,-1.13954491
61.047036,0.013334,-0.068851,-1.15711806
62.064096,0.01324,-0.068392,-1.17727305
63.018825,0.013191,-0.068506,-1.19800644
64.024357,0.013071,-0.068049,-1.22035956
65.041821,0.012969,-0.068125,-1.24371748
66.025264,0.012823,-0.067602,-1.26551399
67.038845,0.012768,-0.067496,-1.28819673
68.046051,0.012719,-0.067495,-1.30978366
69.042307,0.012634,-0.067484,-1.33014706
70.052354,0.012537,-0.067202,-1.34987883
71.044099,0.012453,-0.06712,-1.36845882
72.054772,0.012351,-0.06674,-1.3874435
73.042423,0.0123,-0.066601,-1.40679716
74.043025,0.012167,-0.066386,-1.42865885
75.003542,0.012108,-0.066377,-1.45136719
76.057403,0.01205,-0.06619,-1.4785931
77.096594,0.011975,-0.066005,-1.5057557
78.104593,0.011853,-0.065705,-1.53103688
79.09765,0.011844,-0.065873,-1.55653349
80.079255,0.011774,-0.065779,-1.57970267
81.08878,0.011673,-0.065484,-1.60280718
82.097364,0.011625,-0.065411,-1.62506681
83.078097,0.011558,-0.065326,-1.6457968
84.097025,0.011491,-0.065096,-1.66763553
85.022093,0.011435,-0.065081,-1.68828345
86.103755,0.013326,-0.089718,-1.49084759
87.021542,0.01131,-0.064867,-1.73807429
87.914101,0.01129,-0.06481,-1.76326805
88.910646,0.011218,-0.064682,-1.79344761
89.922019,0.011165,-0.064576,-1.82409659
90.944234,0.011102,-0.064504,-1.85458226
91.94797,0.011054,-0.064398,-1.88256854
93.017585,0.012852,-0.089462,-1.67517597
93.918445,0.010943,-0.064228,-1.93324499
94.935226,0.010896,-0.064115,-1.95752544
95.903351,0.010836,-0.064014,-1.98169169
96.930062,0.01259,-0.089319,-1.81930535
97.922054,0.010742,-0.063899,-2.03457694
99.040808,0.010675,-0.063752,-2.06736816
99.914994,0.010624,-0.063651,-2.09478296
100.958467,0.010602,-0.063666,-2.1287652
102.047022,0.012251,-0.089154,-1.91689262
103.07238,0.010498,-0.063495,-2.200305
104.073352,0.010443,-0.063398,-2.23128286
105.041898,0.010396,-0.063329,-2.25814629
106.0719,0.010375,-0.06334,-2.28470634
107.083149,0.010322,-0.06321,-2.310738
108.098398,0.010258,-0.063104,-2.33754042
109.092239,0.011842,-0.088882,-2.06384114
110.014061,0.010195,-0.063005,-2.39890557
111.034637,0.010152,-0.062962,-2.43650511
112.100765,0.015039,-0.059069,-2.21717814
113.091524,0.010059,-0.062774,-2.5231965
114.089251,0.014869,-0.058979,-2.29982204
115.055533,0.009994,-0.062671,-2.61091888
116.081881,0.009945,-0.06257,-2.65203825
117.029814,0.009926,-0.062618,-2.68618867
118.093422,0.009905,-0.062619,-2.71578946
118.965145,0.00986,-0.062504,-2.74005949
119.917429,0.009815,-0.06244,-2.76566084
121.010951,0.009784,-0.062403,-2.79990441
121.917737,0.011136,-0.088463,-2.3798322
122.96084,0.014134,-0.058252,-2.6826537
123.932457,0.009685,-0.062249,-2.93463733
124.965111,0.00965,-0.062187,-2.99624744
125.915345,0.013925,-0.058084,-2.82795655
127.010297,0.009579,-0.062067,-3.1254241
127.988718,0.01376,-0.057891,-2.88448597
129.058759,0.009538,-0.062086,-3.23700508
130.081861,0.009496,-0.062008,-3.27868116
130.992169,0.009474,-0.062004,-3.30470465
132.065566,0.009445,-0.061963,-3.33222691
133.043261,0.009412,-0.061902,-3.36295609
134.044061,0.009366,-0.061776,-3.40682781
134.945692,0.009351,-0.061804,-3.46154231
136.087127,0.009316,-0.061733,-3.55465527
137.098457,0.00929,-0.061695,-3.65060523
138.065759,0.013099,-0.057252,-3.24550267
138.955783,0.009244,-0.061653,-3.83880556
140.01912,0.012977,-0.057134,-3.24456983
141.012876,0.009197,-0.061632,-3.98180353
142.017727,0.009166,-0.061574,-4.00150973
142.977809,0.009141,-0.061539,-3.99167437
144.036765,0.012748,-0.056914,-3.41105016
144.999924,0.009078,-0.06141,-3.94458175
146.028585,0.012632,-0.056795,-3.63181695
146.987581,0.009004,-0.061214,-3.96127063
148.023708,0.008964,-0.061101,-4.00666259
149.005507,0.008931,-0.061012,-4.06142931
150.055766,0.008892,-0.060896,-4.10313597
150.993445,0.008851,-0.060765,-4.10689811
151.985836,0.012306,-0.056453,-3.70554069
153.000557,0.008796,-0.060657,-4.0373359
154.001948,0.008763,-0.060581,-3.99115943
155.027762,0.008733,-0.060512,-3.95329174
156.011639,0.008679,-0.060317,-3.93321757
156.998525,0.008648,-0.060232,-3.92882949
158.048351,0.009671,-0.087773,-3.32184371
159.042996,0.008573,-0.060005,-3.97533637
159.99901,0.008536,-0.059899,-4.0236609
161.004395,0.008503,-0.059808,-4.08622058
162.005838,0.008477,-0.059757,-4.15276627
163.009372,0.008439,-0.059649,-4.209094
164.025036,0.008412,-0.059583,-4.25731827
165.008567,0.00838,-0.059497,-4.28606601
165.963883,0.008354,-0.059435,-4.30508102
167.010032,0.008319,-0.059336,-4.31980152
167.993845,0.008285,-0.059236,-4.3266547
169.040616,0.008251,-0.059141,-4.33170946
170.000438,0.008224,-0.059075,-4.33005025
170.991429,0.008192,-0.05899,-4.32752654
172.010529,0.008161,-0.058912,-4.32648523
172.996487,0.008131,-0.058825,-4.33334115
173.996697,0.008097,-0.058728,-4.33695438
174.997415,0.008073,-0.058677,-4.33974613
175.99825,0.00805,-0.058634,-4.33464383
177.004449,0.020472,-0.060349,-2.28839262
177.989813,0.008001,-0.058516,-4.30064233
179.01007,0.009036,-0.087486,-3.6892762
180.000137,0.011049,-0.055175,-4.03269241
181.011428,0.007929,-0.058368,-4.24802525
182.012736,0.007899,-0.058279,-4.24574123
182.997195,0.007888,-0.058283,-4.25920196
183.995827,0.007854,-0.058182,-4.30051211
185.009848,0.007833,-0.058136,-4.35925978
186.004797,0.007801,-0.058052,-4.46046848
187.002312,0.007773,-0.05797,-4.57745692
188.012212,0.007746,-0.057901,-4.70719627
189.001819,0.007729,-0.057884,-4.80663977
190.000105,0.007699,-0.057796,-4.82244071
190.992645,0.007675,-0.057737,-4.7526368
191.998135,0.007647,-0.057663,-4.64787915
192.993521,0.007619,-0.057589,-4.55687176
193.990281,0.007591,-0.057516,-4.49989272
194.992304,0.008625,-0.087313,-4.07312055
195.995144,0.007544,-0.057397,-4.49224597
196.995074,0.007519,-0.05733,-4.52415584
197.996979,0.0075,-0.057299,-4.56889587
198.982891,0.007481,-0.05726,-4.59866051
199.993085,0.007456,-0.057195,-4.59657095
