tg,drive_amp,detune,f_200,f_1000
20.0396,0.042986,0.024999,-1.56779467,-1.58814701
21.058807,0.042997,0.024972,-1.49598975,-1.51192562
22.046788,0.042942,0.024992,-1.42641178,-1.44028786
23.086027,0.042942,0.024992,-1.35559152,-1.36415633
24.077438,0.026968,0.018682,-1.28746843,-1.2897972
25.070609,0.025027,0.017555,-1.22911672,-1.22831413
26.093888,0.014711,0.005774,-1.16946489,-1.1601878
27.088848,0.014377,0.005434,-1.11382224,-1.0996873
28.068485,0.013799,0.005027,-1.09447095,-1.07599761
29.106397,0.013619,0.005099,-1.08628788,-1.07202947
30.060953,0.013619,0.005099,-1.07775014,-1.06162821
31.094459,0.03961,0.010993,-1.06819199,-1.05293854
32.051075,0.038251,0.013537,-1.05810472,-1.04390246
33.110126,0.038228,0.017434,-1.04704763,-1.03210896
34.092476,0.042971,0.017219,-1.03756863,-1.02325447
35.05881,0.042983,0.017567,-1.02645338,-1.01254801
36.036415,0.042983,0.017567,-1.01589886,-1.00187294
36.925473,0.042993,0.017465,-1.00540034,-0.99432378
38.051728,0.042323,0.017513,-0.9943993,-0.983564
39.030669,0.039506,0.019336,-0.9848229,-0.97791193
40.044918,0.037144,0.021018,-0.97445712,-0.96650948
41.095095,0.035794,0.02236,-0.96712311,-0.96151114
42.026098,0.034773,0.023105,-0.98271171,-0.97628073
43.087738,0.033565,0.024043,-1.00141332,-0.99046615
44.045552,0.032456,0.024949,-1.02326007,-1.01743141
45.061874,0.031564,0.02498,-1.04473135,-1.04068861
46.044288,0.030769,0.02499,-1.06788258,-1.06570233
47.029826,0.029918,0.024977,-1.09185927,-1.08596365
48.006405,0.029027,0.024981,-1.11676199,-1.12046429
49.07183,0.027853,0.02499,-1.13445441,-1.13047219
50.061226,0.0273,0.027376,-1.13452577,-1.13111437
50.937986,0.026648,0.027726,-1.11755215,-1.11993783
52.091384,0.025686,0.027721,-1.09185927,-1.08596365
53.086364,0.025049,0.027659,-1.06788258,-1.06570233
54.091874,0.02418,0.02731,-1.04473135,-1.04068861
55.034951,0.023416,0.026587,-1.02326007,-1.01743141
56.069465,0.022632,0.026119,-1.00141332,-0.99046615
57.035578,0.021965,0.02539,-0.98271171,-0.97628073
58.044191,0.021731,0.023387,-0.96712311,-0.96151114
59.085365,0.021822,0.020069,-0.97445712,-0.96650948
60.099544,0.021799,0.017785,-0.99876082,-0.98967322
61.063681,0.021431,0.017372,-1.02057913,-1.01141225
62.05419,0.021118,0.016864,-1.0444572,-1.03144581
63.017675,0.020658,0.016731,-1.06912037,-1.05485724
64.015513,0.020282,0.016535,-1.09491292,-1.07949431
65.038385,0.019851,0.016526,-1.12169907,-1.10407509
66.018886,0.0194,0.016411,-1.14732241,-1.12870268
67.037836,0.018932,0.016232,-1.17359612,-1.1542447
68.034924,0.018637,0.016083,-1.19919076,-1.17883463
69.036192,0.018285,0.0161,-1.22340407,-1.20186852
70.041281,0.017949,0.015703,-1.24689973,-1.22471327
71.04142,0.017475,0.015447,-1.26860297,-1.24599993
72.044589,0.01714,0.015578,-1.28903673,-1.26276427
73.044942,0.016903,0.015326,-1.3077524,-1.27950187
74.047574,0.016614,0.015243,-1.32438806,-1.29051252
75.008058,0.016202,0.015116,-1.33863128,-1.31104811
76.054801,0.02414,0.026088,-1.35453029,-1.36391683
77.106183,0.023486,0.025883,-1.42371296,-1.43723528
78.096512,0.023203,0.026031,-1.4946311,-1.51169749
79.093417,0.022735,0.025978,-1.56837316,-1.58833771
80.077779,0.022211,0.025875,-1.64537539,-1.66735745
81.092042,0.021792,0.025844,-1.72951068,-1.76235076
82.105831,0.021423,0.025793,-1.81870927,-1.85566962
83.078255,0.020919,0.025667,-1.91224904,-1.95261482
84.085947,0.020558,0.025627,-2.01728877,-2.06149988
85.037152,0.020206,0.025658,-2.1257718,-2.17331976
86.105841,0.019796,0.025541,-2.25893672,-2.29821385
87.013064,0.01951,0.025553,-2.3809848,-2.44316989
87.906771,0.019162,0.025408,-2.51206761,-2.53205183
88.916658,0.018828,0.025418,-2.67114496,-2.66810236
89.915569,0.01851,0.025337,-2.83161047,-2.78040864
90.9375,0.018202,0.025255,-2.97515101,-2.84951147
91.948301,0.017913,0.02519,-3.05385656,-2.852281
93.014189,0.017611,0.025103,-3.03281355,-2.75817215
93.911374,0.017371,0.025015,-2.94652805,-2.6705968
94.926276,0.017128,0.024959,-2.81628865,-2.58984707
95.910255,0.016844,0.024808,-2.68674175,-2.43830828
96.920065,0.016639,0.024751,-2.56730405,-2.36485617
97.911043,0.016379,0.024548,-2.46501419,-2.28690497
99.038946,0.016183,0.024445,-2.36644706,-2.2040653
99.905959,0.015939,0.024154,-2.30364801,-2.16758998
100.952316,0.015715,0.023862,-2.23997267,-2.12978291
102.050362,0.015478,0.023661,-2.18808769,-2.07770222
103.065573,0.015313,0.023106,-2.15984397,-2.06997084
104.063579,0.015087,0.022589,-2.14796798,-2.07472581
105.04587,0.014913,0.022187,-2.15189379,-2.09096985
106.071549,0.014753,0.021893,-2.17075398,-2.12006349
107.072959,0.014603,0.021621,-2.20152464,-2.15882097
108.08863,0.01444,0.021254,-2.24520839,-2.21379543
109.088723,0.014304,0.021016,-2.29686835,-2.27243148
110.011572,0.014146,0.020779,-2.35080957,-2.32939925
111.01862,0.014026,0.020663,-2.41821419,-2.40291232
112.104264,0.013861,0.020538,-2.49798199,-2.48255508
113.089189,0.013712,0.020449,-2.57616693,-2.55922478
114.084367,0.013565,0.020272,-2.66407704,-2.64547332
115.056909,0.013425,0.020146,-2.7544212,-2.73115812
116.081819,0.013307,0.020056,-2.85318737,-2.83218807
117.027343,0.013172,0.019927,-2.94149754,-2.91274069
118.100265,0.013037,0.019835,-3.03209521,-2.99613142
118.955654,0.01292,0.019714,-3.09230661,-3.02226792
119.912572,0.012803,0.019606,-3.14182492,-3.05700187
121.010727,0.012668,0.019521,-3.17273408,-3.05790575
121.899104,0.012552,0.019398,-3.17577666,-3.04780724
122.954443,0.012435,0.019284,-3.15850361,-3.06367672
123.922428,0.012324,0.019169,-3.12956268,-3.05870106
124.958846,0.012176,0.018982,-3.09245349,-2.98162161
125.905442,0.012079,0.018908,-3.05890303,-2.96255246
127.004846,0.011959,0.018737,-3.02510951,-2.92816499
127.989493,0.011846,0.018614,-3.00281138,-2.93048677
129.070721,0.01172,0.018366,-2.9905725,-2.92532731
130.084681,0.011615,0.018234,-2.98990914,-2.93066666
130.992162,0.011523,0.018162,-2.99476991,-2.93184015
132.075088,0.011414,0.017943,-3.0081892,-2.96303846
133.039336,0.011315,0.01788,-3.02604034,-2.95438804
134.04404,0.011216,0.01771,-3.05347878,-3.00247298
134.944667,0.011126,0.017594,-3.08265647,-3.00913765
136.092276,0.011003,0.017408,-3.12530712,-3.00703518
137.091012,0.010911,0.017312,-3.16701504,-3.06970517
138.082992,0.010827,0.017209,-3.20933948,-3.1165899
138.956093,0.010746,0.0171,-3.24431531,-3.14962646
140.029224,0.010651,0.016991,-3.28098789,-3.20980019
141.011911,0.01056,0.016873,-3.30585599,-3.19782539
142.018324,0.010485,0.016776,-3.32485224,-3.27035638
142.96703,0.010398,0.016646,-3.33627458,-3.22827754
144.043172,0.010313,0.016563,-3.34601541,-3.29444792
144.999307,0.01024,0.016459,-3.34750207,-3.20529549
146.026626,0.010146,0.016335,-3.34513451,-3.24816665
146.987862,0.010081,0.016272,-3.33520096,-3.21314061
148.014861,0.009985,0.016116,-3.32744786,-3.24826355
149.00504,0.009903,0.015988,-3.31814918,-3.21711431
150.05425,0.00983,0.015909,-3.31990295,-3.13556312
150.996298,0.009767,0.015845,-3.32259866,-3.22739773
151.995423,0.009679,0.01572,-3.33197628,-3.22008308
153.000503,0.009614,0.015602,-3.34977449,-3.23936556
154.003702,0.009544,0.015508,-3.36938807,-3.27054611
155.033328,0.009466,0.01541,-3.39327889,-3.28963633
156.022816,0.009401,0.015319,-3.41959975,-3.29322311
157.003472,0.009333,0.015204,-3.45183039,-3.29754257
158.03957,0.009263,0.015107,-3.49200392,-3.27067367
159.044458,0.00919,0.015017,-3.53656193,-3.28089647
160.008577,0.009129,0.014917,-3.58213874,-3.31123055
161.006093,0.009063,0.014832,-3.62637174,-3.3732909
162.01007,0.009,0.014743,-3.665685,-3.30783047
163.019087,0.008938,0.014663,-3.6988802,-3.34620597
164.005209,0.008876,0.014574,-3.72840938,-3.25499801
165.010757,0.00881,0.014477,-3.75525995,-3.20597775
165.97334,0.008754,0.0144,-3.78001933,-3.42900574
167.008219,0.008692,0.014314,-3.80265157,-3.39483353
167.993224,0.008634,0.014231,-3.81971451,-3.28437834
169.039632,0.008573,0.01415,-3.83111236,-3.49377179
170.004681,0.008521,0.01407,-3.83740315,-3.56424606
171.004772,0.008458,0.013981,-3.84425884,-3.56334005
171.99241,0.008408,0.013908,-3.85639078,-3.43105058
172.988849,0.00835,0.013819,-3.87871544,-3.45243611
174.000117,0.008294,0.013737,-3.90956011,-3.40235805
174.998965,0.008242,0.013667,-3.94396993,-3.41049756
176.000245,0.00819,0.013584,-3.98000593,-3.37345965
177.005661,0.008136,0.013508,-4.01667239,-3.52069648
178.00529,0.008083,0.013425,-4.05598566,-3.61937725
179.002622,0.008031,0.013349,-4.10195472,-3.78083448
180.007637,0.007981,0.013274,-4.15544076,-3.75343227
181.016421,0.007929,0.013205,-4.21725259,-3.72985429
182.010007,0.00788,0.013127,-4.27986584,-3.70459594
182.997495,0.007831,0.013059,-4.336042,-3.79159791
184.007056,0.007784,0.012988,-4.3766425,-3.77594428
185.003435,0.007736,0.012922,-4.39573856,-3.80985936
185.990597,0.00769,0.012852,-4.40251635,-3.86797805
187.009155,0.007643,0.012779,-4.40777439,-3.4431565
188.012436,0.007596,0.01271,-4.41976552,-3.38723121
188.992337,0.007553,0.012652,-4.4304175,-3.49050133
190.000742,0.007508,0.012583,-4.42844165,-3.70068997
191.00684,0.007461,0.012511,-4.41105668,-3.69228186
192.010468,0.007421,0.012451,-4.38607748,-3.70359322
192.988995,0.007375,0.012387,-4.37040534,-3.43844586
193.987562,0.007333,0.012326,-4.3568198,-3.49956147
194.987058,0.007292,0.012263,-4.34927314,-3.48930301
195.988153,0.007249,0.012201,-4.34600263,-3.4601241
197.002242,0.007207,0.012139,-4.34114798,-3.54879459
197.996214,0.007166,0.012078,-4.32919841,-3.29037856
198.998445,0.007127,0.012024,-4.30691047,-3.32431055
