Single Qubit Data Summary:
scqubits version: 4.3.1
First 10 Eigenvalues (GHz): [ 6.40985243  8.91705679  9.81237552  9.83618009 11.255261   12.2083289
 12.28456142 13.39244223 14.21679562 14.50986142]
hspace theta size: 507
hspace phi size: 1000
hspace mixed size: 1000
n_theta matrix elements for bottom 10 states (GHz):
 [[ 0.     1.304  0.    -0.    -0.     0.015  0.     0.052 -0.     0.   ]
 [ 1.304 -0.    -0.037  0.    -1.777 -0.    -0.    -0.     0.126 -0.   ]
 [ 0.    -0.037 -0.     0.    -0.     1.262  0.    -0.191  0.    -0.   ]
 [-0.     0.     0.    -0.    -0.    -0.     1.288  0.     0.    -0.   ]
 [-0.    -1.777 -0.    -0.     0.    -0.429 -0.    -1.996  0.    -0.   ]
 [ 0.015 -0.     1.262 -0.    -0.429  0.     0.    -0.    -1.396 -0.   ]
 [ 0.    -0.     0.     1.288 -0.     0.     0.    -0.    -0.     1.725]
 [ 0.052 -0.    -0.191  0.    -1.996 -0.    -0.     0.     1.681 -0.   ]
 [-0.     0.126  0.     0.     0.    -1.396 -0.     1.681 -0.     0.   ]
 [ 0.    -0.    -0.    -0.    -0.    -0.     1.725 -0.     0.    -0.   ]]
