cz_generate_data.py
Start Mountain Time: 2025-02-11 10:53:44.396712-07:00
truc1= 300 ; truc_tot =  1000 ; charge_pick =  True
truc_tot_2 =  1000
num_cpus =  1 ;   n_job =  181
[20.04086, 0.020382, 0.010145] ,
[21.061542, 0.018972, 0.010127] ,
[22.045118, 0.018391, 0.010238] ,
[23.096864, 0.04495, 0.018141] ,
[24.095409, 0.044896, 0.02054] ,
[25.086178, 0.044988, 0.023088] ,
[26.098106, 0.044966, 0.024699] ,
[27.099366, 0.044974, 0.025848] ,
[28.083072, 0.044797, 0.026937] ,
[29.093358, 0.044196, 0.02751] ,
[30.050055, 0.042896, 0.028728] ,
[31.092363, 0.04181, 0.029066] ,
[32.037041, 0.040619, 0.029897] ,
[33.091038, 0.03947, 0.03033] ,
[34.083258, 0.038499, 0.03096] ,
[35.065595, 0.037388, 0.031446] ,
[36.031132, 0.036025, 0.030871] ,
[36.929648, 0.034935, 0.030847] ,
[38.040493, 0.033867, 0.030922] ,
[39.027167, 0.032508, 0.030337] ,
[40.028463, 0.031573, 0.030516] ,
[41.08563, 0.030338, 0.029939] ,
[42.019843, 0.029298, 0.029281] ,
[43.067774, 0.028525, 0.029387] ,
[44.027144, 0.027548, 0.028865] ,
[45.046907, 0.026781, 0.028811] ,
[46.035207, 0.025857, 0.02809] ,
[47.036468, 0.025132, 0.027686] ,
[48.014316, 0.02453, 0.027741] ,
[49.084018, 0.023794, 0.027558] ,
[50.068813, 0.023237, 0.027131] ,
[50.934509, 0.022718, 0.026834] ,
[52.095302, 0.037344, 0.026121] ,
[53.081824, 0.036353, 0.026541] ,
[54.087263, 0.035636, 0.026511] ,
[55.033137, 0.034889, 0.026668] ,
[56.085257, 0.034177, 0.026727] ,
[57.033335, 0.033441, 0.026692] ,
[58.039369, 0.032705, 0.026604] ,
[59.078408, 0.032004, 0.026694] ,
[60.099753, 0.031284, 0.026689] ,
[61.047357, 0.030595, 0.026495] ,
[62.044966, 0.030106, 0.026755] ,
[63.008615, 0.029532, 0.026946] ,
[64.021621, 0.028667, 0.026551] ,
[65.04302, 0.028058, 0.026858] ,
[66.022109, 0.027563, 0.026705] ,
[67.027695, 0.026986, 0.026572] ,
[68.030227, 0.0264, 0.026588] ,
[69.029107, 0.025841, 0.026608] ,
[70.049033, 0.025335, 0.026644] ,
[71.044385, 0.024842, 0.026691] ,
[72.046846, 0.024364, 0.026565] ,
[73.044702, 0.023822, 0.0265] ,
[74.046742, 0.023287, 0.026334] ,
[75.004434, 0.022872, 0.026373] ,
[76.054156, 0.022434, 0.026211] ,
[77.096412, 0.021936, 0.026209] ,
[78.09539, 0.021561, 0.026137] ,
[79.090017, 0.021146, 0.02611] ,
[80.066409, 0.020755, 0.026077] ,
[81.087884, 0.020315, 0.025914] ,
[82.096781, 0.019967, 0.025793] ,
[83.062961, 0.019629, 0.02581] ,
[84.083803, 0.019258, 0.025771] ,
[85.030813, 0.018978, 0.025727] ,
[86.096915, 0.0186, 0.025627] ,
[87.015579, 0.018312, 0.025554] ,
[87.909058, 0.018062, 0.025458] ,
[88.91043, 0.017742, 0.025358] ,
[89.908419, 0.01747, 0.025175] ,
[90.939939, 0.017242, 0.025148] ,
[91.94988, 0.016916, 0.025071] ,
[93.002217, 0.016678, 0.024952] ,
[93.902338, 0.016426, 0.024712] ,
[94.938499, 0.016262, 0.024667] ,
[95.91528, 0.016025, 0.024463] ,
[96.931853, 0.015798, 0.024168] ,
[97.929516, 0.015551, 0.023813] ,
[99.046538, 0.015368, 0.023491] ,
[99.910128, 0.015221, 0.023232] ,
[100.962476, 0.015001, 0.022815] ,
[102.056984, 0.014838, 0.022471] ,
[103.081756, 0.014647, 0.021971] ,
[104.0629, 0.014504, 0.021787] ,
[105.049856, 0.014364, 0.021594] ,
[106.066168, 0.014248, 0.021321] ,
[107.064199, 0.014043, 0.021214] ,
[108.089868, 0.01393, 0.020902] ,
[109.089025, 0.013769, 0.020875] ,
[110.007451, 0.013628, 0.020692] ,
[111.025833, 0.013512, 0.020689] ,
[112.095834, 0.013342, 0.020549] ,
[113.076351, 0.013228, 0.020472] ,
[114.090124, 0.013063, 0.020303] ,
[115.052601, 0.012913, 0.020109] ,
[116.082672, 0.012811, 0.020111] ,
[117.030491, 0.012688, 0.019947] ,
[118.089421, 0.012554, 0.019843] ,
[118.95485, 0.012453, 0.01979] ,
[119.921644, 0.012343, 0.019647] ,
[121.007779, 0.012199, 0.019545] ,
[121.918164, 0.012092, 0.019372] ,
[122.961579, 0.011983, 0.019272] ,
[123.935493, 0.011861, 0.019084] ,
[124.958919, 0.011768, 0.018976] ,
[125.90857, 0.011659, 0.018825] ,
[127.009247, 0.011535, 0.01868] ,
[127.983086, 0.011416, 0.018489] ,
[129.07161, 0.011328, 0.01838] ,
[130.085814, 0.011217, 0.018243] ,
[130.987409, 0.011129, 0.01812] ,
[132.073895, 0.011021, 0.017919] ,
[133.043996, 0.010912, 0.017816] ,
[134.045327, 0.010845, 0.017713] ,
[134.951928, 0.010752, 0.017603] ,
[136.083149, 0.010661, 0.017524] ,
[137.086579, 0.01057, 0.017383] ,
[138.083554, 0.010479, 0.017253] ,
[138.966669, 0.010399, 0.017181] ,
[140.01874, 0.010322, 0.017078] ,
[141.04181, 0.010227, 0.016935] ,
[142.011209, 0.010154, 0.016861] ,
[142.966892, 0.010081, 0.016738] ,
[144.036679, 0.010001, 0.016617] ,
[145.018103, 0.009931, 0.016541] ,
[146.026116, 0.009837, 0.016406] ,
[146.98614, 0.009772, 0.016303] ,
[148.008545, 0.009697, 0.01619] ,
[148.989487, 0.009604, 0.016063] ,
[150.047226, 0.009538, 0.015974] ,
[150.996676, 0.00948, 0.015894] ,
[151.989666, 0.009403, 0.015775] ,
[152.99957, 0.009333, 0.015682] ,
[154.040126, 0.00927, 0.015566] ,
[155.021505, 0.009189, 0.015455] ,
[156.010754, 0.009132, 0.015368] ,
[157.002288, 0.009066, 0.015277] ,
[158.041956, 0.009003, 0.015175] ,
[159.047629, 0.008939, 0.015104] ,
[160.032761, 0.008881, 0.015014] ,
[161.018786, 0.008814, 0.014909] ,
[162.040978, 0.00875, 0.014828] ,
[162.962765, 0.008699, 0.014731] ,
[164.008911, 0.008636, 0.014649] ,
[164.962848, 0.008576, 0.014555] ,
[165.979751, 0.008521, 0.014483] ,
[167.007842, 0.008466, 0.014397] ,
[168.04714, 0.008404, 0.014303] ,
[169.038815, 0.008352, 0.014224] ,
[170.026627, 0.008296, 0.01413] ,
[171.002465, 0.008243, 0.01405] ,
[171.994903, 0.00819, 0.01397] ,
[172.993537, 0.00814, 0.013908] ,
[173.998768, 0.008086, 0.013824] ,
[175.000433, 0.008033, 0.013741] ,
[175.997167, 0.00798, 0.013643] ,
[177.004051, 0.007933, 0.013582] ,
[177.995843, 0.007883, 0.013502] ,
[179.000104, 0.007836, 0.013431] ,
[179.998304, 0.007785, 0.013358] ,
[181.009723, 0.007738, 0.013283] ,
[182.000542, 0.007692, 0.013224] ,
[183.003554, 0.007645, 0.013143] ,
[184.001514, 0.007599, 0.013075] ,
[185.002419, 0.007555, 0.013008] ,
[185.9973, 0.007508, 0.012934] ,
[187.007428, 0.007467, 0.012864] ,
[187.994814, 0.007422, 0.012795] ,
[188.995398, 0.00738, 0.012733] ,
[189.99448, 0.007336, 0.012671] ,
[191.00361, 0.007296, 0.012611] ,
[192.006705, 0.007253, 0.012553] ,
[192.994733, 0.00721, 0.012477] ,
[194.002917, 0.007169, 0.012408] ,
[194.99981, 0.007132, 0.012352] ,
[196.002503, 0.007091, 0.012286] ,
[197.00513, 0.007048, 0.012224] ,
[198.009321, 0.007014, 0.012163] ,
[199.000188, 0.006974, 0.012112] ,
[200.001076, 0.006936, 0.012052] ,
Current Mountain Time: 2025-02-11 10:53:44.749277-07:00

f_ideal = [
-0.29236216906006984, -0.29755600597742043, -0.3027080874714349, -0.38478989699378696 ,
-0.428881588240115, -0.4934204250442906, -0.5734383869634447, -0.6600897363496535 ,
-0.7370510504979314, -0.7914902352578628, -0.8208033545580463, -0.842208718988024 ,
-0.8528795664435163, -0.8600886609172897, -0.8630000254291961, -0.8628419826946992 ,
-0.8646157711508167, -0.86734798745072, -0.8709621142764723, -0.8776348640120215 ,
-0.8815805125944983, -0.8869661609021182, -0.8903868292928558, -0.8927664126048063 ,
-0.8947056435254881, -0.8955475866462288, -0.8956808559645321, -0.8951556034392758 ,
-0.8942514929523342, -0.8921591416833481, -0.8894238356135039, -0.8866161858737909 ,
-0.9098667413687226, -0.9476566899951127, -0.9874423135079575, -1.0240276817689091 ,
-1.0646376835249938, -1.1015416734769705, -1.1411847994962154, -1.1824045155411582 ,
-1.2241977318997914, -1.2630783535339072, -1.3045038136957958, -1.3440404031405628 ,
-1.38939501219593, -1.4322154430571445, -1.4782952077244012, -1.524943233200537 ,
-1.5739997108892576, -1.6239547681411037, -1.677365874767496, -1.7308264135167724 ,
-1.787983272355822, -1.8472913740623453, -1.9085233492282285, -1.9710180634358951 ,
-2.0447755552148115, -2.1265519052675446, -2.21104567496646, -2.3025621624100565 ,
-2.3983055794476824, -2.5030253250911985, -2.610943058684419, -2.726824465787071 ,
-2.8493179213546656, -2.951186250235347, -3.0375689409076854, -3.056710438735914 ,
-3.023799277270857, -2.939307169941118, -2.8311459914957755, -2.720491880745419 ,
-2.6191411324231777, -2.526058570108862, -2.440855069389782, -2.3777285279479465 ,
-2.316376867321935, -2.2548931359016366, -2.2123931545814393, -2.1828330692622004 ,
-2.1731814863570436, -2.1649619268578912, -2.177194140086683, -2.197650079720072 ,
-2.2291423017663115, -2.2685721059382087, -2.3162834416627014, -2.37019835716771 ,
-2.4354174684279117, -2.508333866455196, -2.578575805643726, -2.6584682918742266 ,
-2.7498123681619737, -2.830462645246623, -2.9222741427631456, -2.9973615750731426 ,
-3.075883030448336, -3.1318326410771196, -3.1616981969904594, -3.1675289241028204 ,
-3.1704655741936856, -3.1455300642668966, -3.1030755208082574, -3.0737821295478307 ,
-3.048828375359844, -3.028776299079109, -3.0135620342882614, -3.0011879765733465 ,
-2.998159150672631, -3.011256281794427, -3.0283029328607536, -3.051007827143596 ,
-3.0859857265994894, -3.110435894391059, -3.156710523907939, -3.187493186013477 ,
-3.223905573095608, -3.264742667298032, -3.3021372638399447, -3.3200139788687855 ,
-3.346729586662712, -3.3555315181578322, -3.353145521019683, -3.356442855098345 ,
-3.3545390910160724, -3.3489183448146296, -3.346153317592513, -3.3489385058421246 ,
-3.3518970192727116, -3.3649585576717853, -3.3603495373133523, -3.392887391350682 ,
-3.3989264112571522, -3.427386320366566, -3.4747175142436744, -3.5011994719938 ,
-3.5482729451178043, -3.5837202783443582, -3.633081517989575, -3.6664697028018685 ,
-3.717381548790843, -3.757161550639184, -3.778495860264616, -3.8203751748602097 ,
-3.8303903599134035, -3.8354358654572858, -3.8447960481982326, -3.866086535597689 ,
-3.880591157890818, -3.905033936864442, -3.927046324378216, -3.943185133956222 ,
-3.958702702268419, -3.9725102159571364, -4.006301410808, -4.05022742058226 ,
-4.107120566127036, -4.148254956212021, -4.188169181977851, -4.219625024617669 ,
-4.216101119588349, -4.241385309514492, -4.23225983447614, -4.257819101237438 ,
-4.255890243909747, -4.239001519251677, -4.201971208240459, -4.198512533921339 ,
-4.169531072291018, -4.151974203103905, -4.118518301357789, -4.108252052783174 ,
-4.068539050028329, -4.060145618163629, -4.042343578963023, -4.025673521316367 ,
-4.002938128119239, -3.9681604746086254, -3.969049205133603, -3.930219880289054 ,
-3.9031970619664844 ,
]
Current Mountain Time: 2025-02-11 11:28:46.611907-07:00

Current Mountain Time: 2025-02-11 11:28:46.617241-07:00
231142.17user 674.60system 35:05.46elapsed 11010%CPU (0avgtext+0avgdata 347648maxresident)k
224inputs+32outputs (72major+12731161minor)pagefaults 0swaps
