cz_generate_data.py
Start Mountain Time: 2025-02-13 13:30:32.202797-07:00
truc1= 300 ; truc_tot =  1000 ; charge_pick =  False
truc_tot_2 =  150
num_cpus =  16 ;   n_job =  31
[20.047153, 0.019435, 0.007273] ,
[26.101697, 0.045995, 0.027267] ,
[32.046892, 0.040078, 0.029708] ,
[38.041642, 0.033338, 0.030435] ,
[44.030707, 0.027548, 0.028865] ,
[50.072552, 0.023108, 0.026995] ,
[56.09293, 0.03395, 0.026046] ,
[62.05406, 0.030092, 0.026695] ,
[68.038002, 0.026412, 0.026634] ,
[74.046742, 0.023287, 0.026334] ,
[80.075366, 0.020755, 0.026011] ,
[86.098006, 0.018598, 0.025596] ,
[91.94156, 0.016951, 0.02508] ,
[97.927037, 0.015593, 0.023897] ,
[104.0629, 0.014504, 0.021787] ,
[110.014433, 0.01363, 0.020714] ,
[116.087948, 0.012801, 0.020071] ,
[121.917538, 0.012092, 0.019415] ,
[127.982544, 0.011424, 0.018543] ,
[134.045327, 0.010845, 0.017713] ,
[140.019538, 0.01031, 0.01705] ,
[146.02026, 0.009837, 0.016406] ,
[151.989666, 0.009403, 0.015775] ,
[158.042842, 0.008999, 0.015168] ,
[164.010081, 0.008634, 0.014647] ,
[170.026627, 0.008296, 0.01413] ,
[175.990284, 0.007985, 0.01366] ,
[182.000383, 0.007692, 0.013213] ,
[187.99595, 0.007421, 0.0128] ,
[194.002917, 0.007169, 0.012408] ,
[200.001076, 0.006936, 0.012052] ,
Current Mountain Time: 2025-02-13 13:30:33.820024-07:00

f_ideal = [
-0.2779811276654763, -0.33689619029535284, -0.43261559447807885, -0.6553283754302498 ,
-0.858264248872592, -0.9327403677220739, -0.46754546780941886, -0.6353571279013914 ,
-0.8774036893709307, -1.1732329419565486, -1.5493212746311016, -2.0021330093728054 ,
-2.3433385291072777, -2.179319338588241, -2.0585203284471465, -2.279901785330679 ,
-2.549548385993209, -2.604643425719525, -2.570247138068142, -2.6600856582648 ,
-2.6979591287081215, -2.7270218985755093, -2.7578485556142605, -2.825023532560723 ,
-2.866424620788637, -2.910379518040227, -2.949273582851358, -2.973050934542659 ,
-2.9834987813338474, -2.9996901647904766, -3.0043947738584293 ,
]
Current Mountain Time: 2025-02-13 13:30:53.925347-07:00

Current Mountain Time: 2025-02-13 13:30:53.925823-07:00
419.61user 21.92system 0:24.97elapsed 1767%CPU (0avgtext+0avgdata 484672maxresident)k
4520inputs+16outputs (76major+2337097minor)pagefaults 0swaps
