cz_fidelity_optimize_noise.py
Current Mountain Time: 2025-01-25 12:53:33.169079-07:00
truc1= 300 ; truc_tot =  100 ; charge_pick =  False
n_cpu =  1 ;   n_job =  100 ;   truc_tot_2 =  50
gamma_decay_logi =  6.25e-07 gamma_dephase_logi =  0
gamma_decay_other =  0.0005 gamma_dephase_other =  0.0025
T1_2 = 1599999.9999999998 ns
T1_other = 2000.0 ns
Tphi_other = 400.0 ns
[20.047153, 0.019435, 0.007273] ,
[26.101697, 0.045995, 0.027267] ,
[32.046892, 0.040078, 0.029708] ,
[38.041642, 0.033338, 0.030435] ,
[44.030707, 0.027548, 0.028865] ,
[50.072552, 0.023108, 0.026995] ,
[56.09293, 0.03395, 0.026046] ,
[62.05406, 0.030092, 0.026695] ,
[68.038002, 0.026412, 0.026634] ,
[74.046742, 0.023287, 0.026334] ,
[80.075366, 0.020755, 0.026011] ,
[86.098006, 0.018598, 0.025596] ,
[91.94156, 0.016951, 0.02508] ,
[97.927037, 0.015593, 0.023897] ,
[104.0629, 0.014504, 0.021787] ,
[110.014433, 0.01363, 0.020714] ,
[116.087948, 0.012801, 0.020071] ,
[121.917538, 0.012092, 0.019415] ,
[127.982544, 0.011424, 0.018543] ,
[134.045327, 0.010845, 0.017713] ,
[140.019538, 0.01031, 0.01705] ,
[146.02026, 0.009837, 0.016406] ,
[151.989666, 0.009403, 0.015775] ,
[158.042842, 0.008999, 0.015168] ,
[164.010081, 0.008634, 0.014647] ,
[170.026627, 0.008296, 0.01413] ,
[175.990284, 0.007985, 0.01366] ,
[182.000383, 0.007692, 0.013213] ,
[187.99595, 0.007421, 0.0128] ,
[194.002917, 0.007169, 0.012408] ,
[200.001076, 0.006936, 0.012052] ,

f_ideal = [
-0.12493898242177919, -0.12493918098328036, -0.1249390867264168, -0.12493899955788414 ,
-0.12493887670088089, -0.12493881537874031, -0.1249389232433307, -0.12493882000397999 ,
-0.12493886422020072, -0.1249387908269049, -0.1249387958914558, -0.12493879282503434 ,
-0.12493879108508162, -0.124938740857602, -0.12493879335056554, -0.12493877956709712 ,
-0.1249387481215397, -0.12493874962582105, -0.12493877032119895, -0.12493874739954489 ,
-0.12493875124861403, -0.12493875626026593, -0.12493875776928376, -0.12493874947312228 ,
-0.12493875083804454, -0.12493875032843686, -0.12493874745161092, -0.12493874830203314 ,
-0.12493874911556462, -0.12493874426432663, -0.12493874159758674 ,
]

f_noise = [
-0.12493610832945633, -0.1249212576652357, -0.12492221735256501, -0.12492488312520791 ,
-0.1249274148165851, -0.1249293372209824, -0.12491742896156438, -0.12491988867697357 ,
-0.12492255988611901, -0.12492467952679831, -0.12492636137748511, -0.12492773777435211 ,
-0.12492869354505645, -0.12492936805460744, -0.1249298990145436, -0.12493023808900597 ,
-0.12493055105401167, -0.12493083231086431, -0.1249310964589615, -0.12493126553403408 ,
-0.12493144627223622, -0.12493158306069359, -0.12493170209373194, -0.1249317943975932 ,
-0.12493187488961265, -0.12493193897899581, -0.12493198829842653, -0.1249320303270391 ,
-0.12493206273548738, -0.12493208099152733, -0.12493208939338869 ,
]
Current Mountain Time: 2025-01-25 21:12:10.618316-07:00
941590.18user 68800.65system 8:18:39elapsed 3376%CPU (0avgtext+0avgdata 1826176maxresident)k
0inputs+24outputs (602major+14581006728minor)pagefaults 0swaps
