Single Qubit Data Summary:
scqubits version: 4.3.1
First 10 Eigenvalues (GHz): [ 6.44402911  8.95050359  9.17599674 10.54036045 11.28672926 11.61738198
 12.92773315 13.42894825 13.79111224 14.92268894]
hspace theta size: 1000
hspace phi size: 521
hspace mixed size: 1000
n_theta matrix elements for bottom 10 states (GHz):
 [[ 0.     1.304  0.     0.    -0.     0.011  0.017  0.051  0.    -0.   ]
 [ 1.304 -0.     0.022 -0.042 -1.776  0.    -0.    -0.     0.109  0.086]
 [ 0.     0.022 -0.    -0.    -0.    -1.284  0.048  0.081  0.     0.   ]
 [ 0.    -0.042 -0.    -0.     0.     0.011  1.233 -0.329 -0.     0.   ]
 [-0.    -1.776 -0.     0.     0.    -0.255 -0.578 -1.932 -0.     0.   ]
 [ 0.011  0.    -1.284  0.011 -0.255  0.    -0.     0.    -1.628  0.361]
 [ 0.017 -0.     0.048  1.233 -0.578 -0.     0.    -0.     0.161 -1.163]
 [ 0.051 -0.     0.081 -0.329 -1.932  0.    -0.    -0.     1.185  1.562]
 [ 0.     0.109  0.    -0.    -0.    -1.628  0.161  1.185  0.     0.   ]
 [-0.     0.086  0.     0.     0.     0.361 -1.163  1.562  0.    -0.   ]]
