Xgate_noise.py
Current Mountain Time: 2025-06-09 14:35:48.446229-06:00
truc =  500
num_cpus =  4 ;   n_job =  38
params =
[20.000087, 0.249753, 0.216297, 0.43883, 0.490612] ,
[30.002512, 0.222626, 0.201971, 0.389445, 0.425332] ,
[40.006173, 0.223179, 0.160035, 0.358809, 0.386917] ,
[50.000191, 0.215248, 0.148153, 0.354356, 0.376483] ,
[60.000967, 0.213711, 0.14419, 0.358967, 0.378127] ,
[70.001044, 0.209788, 0.131851, 0.353189, 0.36997] ,
[80.007155, 0.210573, 0.122946, 0.355789, 0.37113] ,
[90.009744, 0.219753, 0.113433, 0.351332, 0.376525] ,
[100.001683, 0.212233, 0.113924, 0.340021, 0.36258] ,
[110.009928, 0.211658, 0.106989, 0.341806, 0.362874] ,
[120.004766, 0.209273, 0.104767, 0.341188, 0.360503] ,
[130.002315, 0.201238, 0.098495, 0.3428, 0.353056] ,
[140.008725, 0.211735, 0.099358, 0.338134, 0.362321] ,
[150.002399, 0.205268, 0.094552, 0.339607, 0.355509] ,
[160.000656, 0.209132, 0.090941, 0.337889, 0.359183] ,
[170.00663, 0.212306, 0.087921, 0.33633, 0.362475] ,
[180.006237, 0.21108, 0.084566, 0.335734, 0.36059] ,
[190.009275, 0.209698, 0.083495, 0.335382, 0.359146] ,
[200.005395, 0.208582, 0.081626, 0.335171, 0.357777] ,

hspace_select_index (len=100) = [
0, 2, 10, 19, 37, 40, 42, 33, 15, 9 ,
31, 47, 28, 77, 70, 20, 76, 51, 46, 66 ,
62, 56, 69, 39, 83, 23, 35, 57, 67, 55 ,
91, 53, 60, 24, 86, 85, 81, 121, 18, 79 ,
128, 25, 101, 64, 95, 100, 123, 43, 92, 49 ,
98, 102, 120, 108, 118, 116, 3, 16, 104, 154 ,
143, 126, 88, 112, 96, 113, 146, 73, 133, 132 ,
11, 110, 136, 170, 139, 137, 166, 130, 156, 181 ,
145, 153, 106, 230, 151, 169, 183, 167, 209, 174 ,
162, 194, 158, 148, 179, 220, 159, 279, 253, 205 ,
]

f_ideal = [
-0.5457919864973114, -0.6147653373825204, -0.9887082949814238, -1.0530346619586917 ,
-1.4148802922355912, -1.4809433239177017, -1.5492300189912267, -1.5394118534606438 ,
-1.4719661075938155, -1.945884636468114, -1.868432764743287, -1.4651073728454116 ,
-2.1563466604427477, -1.6266525458490086, -2.266258337065535, -2.336737074552021 ,
-2.4496676066459617, -2.656186444445301, -2.512659884638486 ,
]
291.25user 35.40system 0:17.82elapsed 1832%CPU (0avgtext+0avgdata 849916maxresident)k
880inputs+16outputs (1058major+5305554minor)pagefaults 0swaps
