Xgate_noise.py
Current Mountain Time: 2025-06-10 13:45:53.077543-06:00
drive_phi= False ; drive_theta =  True ; truc =  700
hspace_len= 700
params =
[10.108462, 0.41212, 0.073451, -0.084451, -0.044706] ,
[15.074864, 0.303821, 0.065666, -0.036206, -0.016563] ,
[20.041257, 0.241329, 0.059044, -0.019402, -0.009802] ,
[25.020473, 0.180208, 0.046132, -0.003789, 0.001544] ,
[30.008342, 0.14538, 0.037985, 0.000555, 0.004004] ,
[34.999249, 0.121737, 0.032287, 0.001883, 0.004348] ,
[39.991616, 0.105045, 0.028058, 0.002171, 0.003988] ,
[45.572873, 0.091013, 0.02446, 0.002106, 0.003479] ,
[50.273181, 0.081831, 0.022089, 0.001944, 0.003051] ,
[55.267933, 0.073988, 0.020007, 0.001756, 0.002668] ,
[59.087483, 0.068953, 0.018674, 0.001617, 0.002406] ,
[64.670376, 0.062708, 0.017016, 0.001421, 0.002077] ,
[69.959457, 0.05777, 0.0157, 0.001257, 0.001811] ,
[79.950621, 0.050323, 0.013699, 0.001008, 0.001432] ,
[89.941952, 0.044576, 0.012149, 0.000826, 0.001154] ,
[99.933664, 0.040022, 0.010918, 0.000683, 0.000949] ,
[109.925465, 0.036325, 0.009915, 0.000575, 0.000792] ,
[119.917464, 0.033248, 0.00908, 0.000489, 0.000672] ,
num_cpus =  4 ;   n_job =  36

f_ideal = [
-0.47689846834235705, -0.8896715184296968, -1.9406888506995372, -2.7917535450512303 ,
-3.3614688529894585, -3.767005570860691, -4.107959685735577, -4.450135764637316 ,
-4.685627698961644, -4.905614062181384, -5.04696767843294, -5.216399748488768 ,
-5.360053232487924, -5.501715724828387, -5.569698785245428, -5.621985216765386 ,
-5.617470589548146, -5.656845808367973 ,
]
Current Mountain Time: 2025-06-10 14:10:02.198683-06:00
33831.32user 314.02system 24:26.70elapsed 2328%CPU (0avgtext+0avgdata 845948maxresident)k
0inputs+16outputs (32major+11467079minor)pagefaults 0swaps
