,00,02,20,22,50,01,10,08,80,14,41,05,12,82,45,21,28,25,52,91
0,0.0,1.0,0.0,0.0,0.0,0.0,0.0,0.0,0.0,0.0,0.0,0.0,0.0,0.0,0.0,0.0,0.0,0.0,0.0,0.0
1,3.576100143792023e-22,0.999997777992351,2.113097803590657e-21,1.0161432890011707e-14,5.810655804246698e-13,8.863374877615934e-13,7.203032446109377e-14,1.3701599157726412e-10,1.267663220527214e-12,1.239345649768729e-12,2.4452026820069745e-13,9.80467108927419e-08,1.599521331807465e-06,4.03018460037075e-07,1.2080976403448803e-07,2.3060079869455907e-15,7.433875289765801e-13,2.948741690071391e-11,4.240671178498037e-10,1.5765166091614394e-11
2,5.869495373409673e-19,0.9999714519660209,6.717798742186558e-19,1.6596769643756097e-12,7.024135510736285e-12,3.715230091246706e-12,2.935351626629694e-13,5.271610769806406e-09,1.0186517223619548e-11,5.388906539643743e-12,3.604423154111556e-14,9.969595915482192e-07,2.0215477329874942e-05,6.18478474085731e-06,1.144088749081227e-06,2.25153290436962e-14,6.031440688666276e-12,8.179824437511373e-11,1.0823479436151511e-09,2.534520819727479e-10
3,2.2791496214252304e-17,0.9999444187608584,1.2100539603156903e-17,1.6117111494013033e-11,8.340065463011416e-12,1.128729162047527e-11,8.065928789970885e-13,4.37175144752947e-09,5.457266837982941e-11,3.4562104955860125e-11,1.718298226257385e-12,1.373568640246811e-06,2.3942704949399787e-05,2.8267668930036104e-05,1.9865547473848677e-06,2.7887374155760192e-14,1.2116625961592931e-11,2.8763469212997144e-10,4.632710152025803e-09,1.310229804013771e-09
4,4.913489566559083e-16,0.9997619935551012,2.1184831740260673e-16,2.8954759419924836e-10,5.359569148201113e-11,4.337951791093541e-11,3.1459319592026873e-12,1.9572647586792426e-08,9.451700882307907e-11,1.61887191944266e-11,5.62024052040635e-13,7.186092914601464e-06,0.0001511711269101604,7.717050874931483e-05,2.446967114701039e-06,1.793755349378691e-13,1.3601313059489266e-11,3.969100927650235e-10,7.138352485358893e-09,4.126581496440475e-09
5,2.191667529639944e-15,0.9997375185285988,8.286326756279782e-16,7.533945051545768e-10,3.400678509422813e-11,3.0385041407775263e-11,2.2812499297116956e-12,1.2321313386005258e-08,1.8990379092198093e-10,4.6917801998195786e-11,3.240476580641739e-12,4.828975884599274e-06,9.67781577294688e-05,0.00015569494104817973,5.14261723836694e-06,1.1777065953798004e-13,2.9230018171109324e-11,7.621356020659345e-10,1.2438799563056748e-08,1.0167771553993674e-08
6,8.878876560616308e-15,0.9993642311388194,5.013576753251114e-15,5.671018180165663e-09,1.2839632618608178e-10,1.1475030188539894e-10,8.548232544110753e-12,4.898368273392631e-08,2.207750945406901e-10,7.092640268213182e-11,5.0458443860570734e-12,1.7463948103094476e-05,0.00036031529574874884,0.00024949575908961573,8.39683092318994e-06,4.1606789199924185e-13,5.065139252402382e-11,1.1779220704203826e-09,1.969440925852389e-08,2.0900759471853983e-08
7,1.604985132384579e-14,0.9994609846869995,1.2084523909212812e-14,9.320311400383256e-09,6.117833771484976e-11,3.00983060471905e-11,2.205484441398867e-12,4.5499436277923987e-08,2.3669258409050015e-10,8.981820378454728e-11,4.106318625559401e-12,7.392812347655571e-06,0.0001716948554501877,0.00034969779148857276,1.0114701970609243e-05,1.868878425059764e-13,5.269156105035608e-11,1.21755492830531e-09,2.0133550232244207e-08,3.8503884672815635e-08
8,2.6169348042315503e-14,0.999169534087392,2.9814360455405663e-14,3.580956015812081e-08,1.3462892721806708e-10,1.4261987627555713e-10,1.0836883270381865e-11,4.072847056943667e-08,4.2003866265419124e-10,2.3934832792303955e-10,1.67852353023962e-11,1.9619097624486365e-05,0.0003826759127253294,0.0004153270369410657,1.266160542314924e-05,4.5197541048908923e-13,7.79838114822507e-11,2.480076453810776e-09,3.741650956254939e-08,6.478252815677815e-08
9,2.6432329807347357e-14,0.9992795298879901,5.974673621819456e-14,4.634182112864876e-08,7.653701175271409e-11,9.490889868088541e-12,4.5146380480938227e-13,6.136857287519133e-08,3.2905018617521335e-10,1.4231529403853035e-10,6.393352279895018e-12,8.350384145271185e-06,0.00021559954518170238,0.00047505559718270216,2.1219804662897496e-05,2.1870885836087855e-13,1.0821957455050228e-10,1.8855164753015127e-09,3.282363443621473e-08,1.0168852911741245e-07
10,3.222211235219091e-14,0.9992838968539668,1.0752772443687774e-13,1.209239212811957e-07,6.462311425220465e-11,1.0337930033067601e-10,7.91058075261694e-12,4.078062207208958e-08,9.638515643881775e-10,3.9678132763879565e-10,3.18718730887327e-11,1.0937318902100887e-05,0.0001857563053975933,0.0004959320262643373,2.3096125059329405e-05,2.4836085670193794e-13,1.370193132506354e-10,3.913804207615688e-09,6.202002354580348e-08,1.5202621319563999e-07
11,4.570579817562366e-14,0.9986080674005797,2.078773109817966e-13,1.412805621029755e-07,2.7090731912728346e-10,1.6244149115525916e-10,1.179627122125344e-11,1.4713209738465297e-07,6.15169001852691e-10,1.7093088563076457e-10,8.152923222441125e-12,3.3680918330151685e-05,0.000768689839569422,0.000560987151728021,2.8004009567794204e-05,8.25778267922172e-13,1.4643398940302923e-10,3.631492059539312e-09,6.175479484069345e-08,2.154943669841942e-07
12,9.471541036962899e-14,0.9992577436074255,3.2672192011566817e-13,3.0992320850824073e-07,1.3161675059051772e-11,5.121632272247006e-11,4.031926618427373e-12,3.491969092857268e-08,1.6202356584973512e-09,6.834803906389663e-10,4.482244235231632e-11,3.312371483216479e-06,3.4315561506888775e-05,0.000666837302232497,3.705174114749911e-05,6.585360863043695e-14,2.1307553532416212e-10,5.436007586243013e-09,8.903322813682543e-08,2.9747355810558326e-07
13,1.3870851483493015e-13,0.9964670327269294,5.647971643799236e-13,3.7986209680153796e-07,8.727120423614954e-10,7.039257253128068e-10,5.2517432807245043e-11,2.9796687970672207e-07,6.170860027856422e-10,1.2856502139936351e-10,3.288681339352737e-12,0.0001177035440734055,0.0025001587745611467,0.0008682562129018667,4.565588110553273e-05,2.8463810120039748e-12,2.585024371097762e-10,7.017239164390758e-09,1.1187497937786504e-07,3.934990865320747e-07
14,2.7884754349429215e-13,0.9987458534624292,8.188842633062077e-13,7.573235486192285e-07,1.0624251391578824e-11,2.4432758555118856e-11,1.7735596945668594e-12,7.721370114415908e-08,1.9052855018419844e-09,7.966183425395503e-10,5.605499606724569e-11,1.8538992106976975e-06,3.0019446565559676e-05,0.00117106097102306,4.9735582518738145e-05,4.445354182607381e-14,2.7378575459088304e-10,7.546213868431943e-09,1.1961960193135147e-07,5.118654708447205e-07
15,3.5696914709793715e-13,0.9938327262466127,1.2986564564448677e-12,1.0230682048565162e-06,1.529101257223334e-09,1.3227869576750307e-09,9.785100524774995e-11,5.045984211073936e-07,5.750582059761921e-10,1.1584864937217966e-10,2.698362230513827e-12,0.00021268837048860512,0.004371918133030087,0.001520613138073083,5.9686607881920186e-05,5.0614714386806e-12,3.583696956656352e-10,1.1322909948424757e-08,1.7920307181307006e-07,6.453028742071593e-07
16,5.220938065317023e-13,0.9979319472565632,1.794481489676853e-12,1.760399983067635e-06,2.2643312547690473e-11,6.2120056189950975e-12,3.549278460339043e-13,1.0326847101024127e-07,2.371191967607438e-09,1.1273987088452285e-09,7.0583721241661e-11,2.731222931783066e-06,6.960993577116577e-05,0.0019157738287536937,7.70954574507381e-05,6.442241742281032e-14,4.1875974551728966e-10,1.019803207741729e-08,1.6394530806374924e-07,8.004672093083581e-07
17,5.38420338724656e-13,0.9932057674638441,2.561820733993555e-12,2.5172961501738715e-06,1.5038150538512077e-09,1.2761827014339793e-09,9.504873321046644e-11,5.317079776936449e-07,1.6414693002156252e-09,5.188962256347938e-10,2.7940425628758294e-11,0.00020695716314203693,0.004252835318332999,0.0022480000441293508,8.216856691215942e-05,5.161184203530905e-12,4.661833763030023e-10,1.4007953000724895e-08,2.277772375248429e-07,9.751165237961607e-07
18,5.725807975346241e-13,0.9971506058537993,3.5190756670609466e-12,3.596190281024237e-06,7.121828371291497e-11,5.7380535359671435e-11,4.296474183182049e-12,1.6307198308574574e-07,3.6019531389814423e-09,1.4402616546731532e-09,9.563770224166694e-11,9.877681314795565e-06,0.0002100170845032876,0.0025296050830523483,9.472668789907234e-05,2.612076389239869e-13,5.199004860076155e-10,1.362259529229472e-08,2.2539447451514856e-07,1.1635350957734003e-06
19,8.318623701176765e-13,0.9947290285137907,4.603195131050868e-12,5.174415971628228e-06,8.095583492767658e-10,5.740572890093101e-10,4.2835581040527436e-11,4.1000226992777834e-07,3.337956344279474e-09,1.1075223029931177e-09,6.835607390853761e-11,0.00010479567248365663,0.0022827972588483456,0.0027582260801327367,0.00011793312124641444,2.8017199559869223e-12,6.320608244548286e-10,1.415890556222616e-08,2.3239385804505188e-07,1.3818019089989409e-06
20,1.3194362052216421e-12,0.9953485114047643,6.5596399275869565e-12,6.270573854692362e-06,5.319268141988139e-10,5.479348798417649e-10,4.1303005504831473e-11,2.572237609865025e-07,4.52608357089841e-09,1.786592207805195e-09,1.2385284461519472e-10,7.657755281731877e-05,0.001506214423366803,0.002931280919996897,0.00012890016970180506,1.942980728556053e-12,7.252476660241512e-10,2.276257915419357e-08,3.565265234608929e-07,1.6001498719058159e-06
21,1.960034250606388e-12,0.9955192348123698,8.474335690368438e-12,9.124901487783095e-06,3.566258826361395e-10,6.409899944340046e-11,3.7346425660175514e-12,3.989747522418064e-07,4.29680711285504e-09,1.7555641642863234e-09,9.695071361708597e-11,3.920296426521169e-05,0.0010261683188761746,0.0032583196284824965,0.0001453849517133384,1.0469523875026308e-12,7.418104923787152e-10,1.6656776552907406e-08,2.7872632670699497e-07,1.8627378762920308e-06
22,2.4668854272411465e-12,0.9900963117504484,1.1973289464798845e-11,9.783713257169186e-06,2.0758012671433085e-09,1.974977042831223e-09,1.4760821999229494e-10,6.937972315605501e-07,4.040667475776455e-09,1.7008458552640648e-09,1.1586932695097956e-10,0.0002929151710149788,0.005845026354109856,0.003591899965467418,0.00016050318840151625,6.986970053158419e-12,1.007819870655677e-09,4.6963738005618865e-08,6.924846227470976e-07,2.1155266920530956e-06
23,2.9252818669392405e-12,0.9939987782238455,1.445430846188326e-11,1.5404701196553194e-05,4.981506473123918e-10,2.1200087488433473e-10,1.4789000314661527e-11,4.497177123247801e-07,5.547230753650672e-09,2.168076691877027e-09,1.3272139706935124e-10,6.004449044975681e-05,0.001446100947445596,0.004280744185892765,0.00019562633447089777,1.5430609376328203e-12,9.999389089126689e-10,2.380474793694103e-08,3.959999792805793e-07,2.422002428019728e-06
24,2.8186969445612232e-12,0.9821322687676065,1.8796491381348334e-11,1.5423902778750266e-05,4.240693927606579e-09,3.755315056428293e-09,2.761050981043328e-10,1.2856027608890634e-06,3.1219447308232803e-09,8.656227806854918e-10,5.3413595782209013e-11,0.0005882061609352768,0.012064410513526701,0.0049955414592170394,0.00019880979995243612,1.2569988389879207e-11,1.2824641617044663e-09,8.506358029161658e-08,1.2268900726577768e-06,2.7282098258593056e-06
25,4.065808742348232e-12,0.99185000525674,2.208057875871868e-11,2.6189437139499596e-05,6.436061333155634e-10,6.120814350388934e-10,4.72400174014384e-11,4.5956692471315006e-07,8.627921401274124e-09,3.4844692748547457e-09,2.204645663663799e-10,9.028450983758862e-05,0.0018354174302491692,0.005966407173338115,0.0002276731518996102,2.5039154692079326e-12,1.2346656525714333e-09,2.663684312472324e-08,4.4181182295971417e-07,3.0801261075270196e-06
26,3.970764279697672e-12,0.9780740715194025,2.6263814831555722e-11,2.5891291667753067e-05,4.888668896819908e-09,3.93728535468852e-09,2.8307678144665974e-10,1.7358270545836235e-06,3.538997465572203e-09,6.223157802582114e-10,1.9761543566911414e-12,0.0006613061041684271,0.013984438067808512,0.006980890052089225,0.00026649065155328293,1.3382485712868659e-11,1.6642202091263252e-09,1.0949341610992314e-07,1.5794378461581753e-06,3.4725748358913606e-06
27,6.668280050433746e-12,0.9903219805610611,3.0517707317784486e-11,4.2892642997399264e-05,5.273855277221972e-10,9.559598143233224e-10,7.481437637870168e-11,2.629592243213613e-07,1.237433811209931e-08,5.093234859794946e-09,3.595503461955026e-10,9.10203126852882e-05,0.0014278971182412005,0.007831267103912435,0.0002804078608036534,2.4985803090929317e-12,1.4554553938570578e-09,1.8536150681416046e-08,3.511747698021879e-07,3.880849730670352e-06
28,8.561190897576508e-12,0.981215303186127,3.379511331423047e-11,4.3002352326392154e-05,3.204530469082544e-09,1.826490946305376e-09,1.3120139107908555e-10,1.5567835581471986e-06,5.5107181974823815e-09,1.2709326120990698e-09,1.8063330287677555e-11,0.0004015582833698611,0.009081252737133217,0.00892622023490839,0.0003251780873213404,9.336723509835593e-12,1.8442375475403655e-09,9.240373900711848e-08,1.4231396270979427e-06,4.398934022785759e-06
29,1.2396940667781556e-11,0.9882672564554169,4.000137237790646e-11,6.430091469098511e-05,6.446023988116577e-10,1.5028276040719243e-09,1.1901954729208507e-10,1.8754170170748345e-07,1.5359057323776177e-08,6.8448811623852955e-09,4.992097840306297e-10,0.0001262619788906766,0.0017702430401435707,0.009430193075902088,0.0003362303006392923,3.4522932434763487e-12,1.8511211349870045e-09,1.9407738038719024e-08,3.8284515889126726e-07,4.897563148224822e-06
30,1.433992252875584e-11,0.9832796412073463,4.2573793172120944e-11,6.573163234176009e-05,1.9216091375052152e-09,2.337129041380759e-10,1.3556475908020564e-11,1.471444535863248e-06,7.716432061436954e-09,2.2744424322461e-09,4.7594443601014834e-11,0.00020671292676673538,0.005411860929281996,0.010607091323148927,0.00042043668580643676,5.7147155605416095e-12,2.149492054048585e-09,8.363302767388579e-08,1.3739904464536026e-06,5.58180782946398e-06
31,1.686363306418502e-11,0.9829281182120608,5.2606783356442075e-11,8.791544118690128e-05,1.8686549704409664e-09,2.7947225565298573e-09,2.2062167033170783e-10,4.337496613231952e-07,1.7438814668255584e-08,7.731099707541977e-09,5.578729415470157e-10,0.0003036905301584076,0.005189275857262152,0.011085299242417494,0.00039770485035360104,8.70192383945206e-12,2.267484761465123e-09,8.287928306886433e-08,1.2023847769944389e-06,6.24389539607309e-06
32,1.56428576172945e-11,0.9759364944047421,5.289512941230218e-11,9.423695453171686e-05,3.684504250503049e-09,1.902876220962082e-09,1.2656850975442594e-10,1.9399731405435178e-06,9.746322126262761e-09,2.4465615149168796e-09,6.437181826776356e-11,0.0004521083466992463,0.01042337473360473,0.012600247986037495,0.00048158617743372493,8.464836390299604e-12,2.8307951773658125e-09,1.8134239236256804e-07,2.669923679064907e-06,7.139278736891345e-06
33,1.9993374442582996e-11,0.9726723954001558,6.619369030909201e-11,0.00011393603052813959,4.4478443834060575e-09,4.682680400630822e-09,3.5992769241707217e-10,1.3184355453309549e-06,1.7342262684338245e-08,6.462580373838929e-09,4.5583447276540187e-10,0.0006371768009125053,0.012344485677995287,0.013718561512724896,0.0005002755025303811,1.704273175764759e-11,3.0954410111763257e-09,2.576487505302429e-07,3.4708976222233814e-06,8.08514343386776e-06
34,2.4594067154663547e-11,0.9647292516112195,6.564710451451653e-11,0.00013879826685143636,6.341503437512145e-09,5.150156705223132e-09,3.835248314494873e-10,2.2684812070144373e-06,1.3792193184515545e-08,4.092352987331862e-09,1.9528250185622345e-10,0.0008519689732345106,0.017984858296100796,0.01571749883288163,0.0005610695596287074,1.9879520717621918e-11,3.3786715022002966e-09,3.410347715997434e-07,4.654373726906193e-06,9.257126571988934e-06
35,3.0749875025418345e-11,0.9625393097601458,8.423166135096082e-11,0.00015226406368780497,6.2949783962034106e-09,5.266979655718767e-09,3.777917246723629e-10,2.2117924609923816e-06,1.5093696028273693e-08,4.745069410205441e-09,2.448600834099654e-10,0.0008537285612263987,0.017898272719730123,0.017940423320852602,0.0005963754891065245,1.8068474214587143e-11,4.098157199382589e-09,4.616948338321909e-07,6.27500409850454e-06,1.064133927501425e-05
36,4.439877323298425e-11,0.9604888134297114,9.306937203569982e-11,0.00021645541925073355,6.271823784310344e-09,6.3515487992965305e-09,5.108411318304929e-10,1.8691227841661013e-06,2.2082714134012985e-08,8.120927303563958e-09,5.278388897103072e-10,0.0008925367192879582,0.017552801128289514,0.02019582497049581,0.0006344112091984397,2.8869929613515922e-11,3.6679247288237513e-09,3.624085658737877e-07,4.672852199986886e-06,1.2205040259827907e-05
37,4.7278541036406786e-11,0.9602723196148314,1.2545881595962641e-10,0.00021914750923291557,5.0578019351798155e-09,2.8250700944085325e-09,1.7637786892052704e-10,2.5819421377895267e-06,1.5191589427095644e-08,3.952569680163502e-09,1.1464859920516068e-10,0.0006396024427385729,0.014642938328196752,0.023446055643433522,0.0007558951647693154,1.0660374872357401e-11,4.689056879536855e-09,4.727294641705012e-07,6.767464763086169e-06,1.4186969920498566e-05
38,6.452608923319268e-11,0.9623793105141872,1.5696302600000178e-10,0.0003302821518835498,3.761158501309081e-09,5.086999390857191e-09,4.2117493214193104e-10,8.5405086821136e-07,3.3240555538290523e-08,1.3150122560223165e-08,9.226093941662233e-10,0.0005859583764048701,0.010348362075000402,0.025608205082282464,0.0007282319636840931,2.4744655327978104e-11,3.587396136412421e-09,1.8628529768498133e-07,2.2078177105839754e-06,1.6341266430904447e-05
39,6.79306619183911e-11,0.9591026153747498,2.2483625579841252e-10,0.0003136835851192848,3.4443261140564334e-09,4.4868844598404614e-10,3.044269421144678e-11,2.5194001081989553e-06,1.9185880092850142e-08,4.929609331908063e-09,1.0960543060878222e-10,0.00037759936566996393,0.009882845500728462,0.02942144671041383,0.0008735080756555803,1.3557839315693428e-11,5.473177150925792e-09,3.9700488297816693e-07,6.272076886722387e-06,1.9078977731345704e-05
40,8.090015058342114e-11,0.9623060760366092,3.132573321623013e-10,0.00046635109603317544,1.6098271458432521e-09,3.411894701715566e-09,2.8141773503326805e-10,3.430695597969408e-07,4.3274582370159606e-08,1.699456945123967e-08,1.165006157758185e-09,0.00030589538389062885,0.004482320549234914,0.03155115032537641,0.0008654823433897531,1.5440736308147415e-11,3.5979631526783285e-09,3.693258973523958e-08,1.5391531547915356e-07,2.2119603142525408e-05
41,7.940662694035495e-11,0.9400945576965644,4.479974854885236e-10,0.000417306157846462,7.486344129200872e-09,4.505891390937712e-09,2.938631317426322e-10,3.468545529668316e-06,2.1112493060176022e-08,4.506958554712479e-09,6.712265729166864e-11,0.0009707228596717149,0.021890017207051162,0.035558748865052066,0.001023118419207492,2.6422578758167228e-11,7.4080914936063044e-09,1.0872269443356227e-06,1.5110836023581378e-05,2.5816251518460517e-05
42,1.0457246006787392e-10,0.9562119321067615,6.541535713671094e-10,0.0006183189474783888,1.2915282089970796e-09,2.5836522203511967e-09,2.1635442904572308e-10,4.948308248162729e-07,4.8910599640029856e-08,1.754451605872045e-08,1.1737098700539914e-09,0.0002395334639219526,0.0035460280966345373,0.03834846173891331,0.0010033724187160742,1.5134335553940085e-11,4.5749676803359614e-09,1.421786198592651e-07,1.5317028514445847e-06,3.0107446088626706e-05
43,1.0474722415678839e-10,0.9051793105071022,8.95775401354971e-10,0.0005459498380763289,1.5863676995999942e-08,1.400822634322673e-08,8.797312681163145e-10,5.353958387674769e-06,2.0238636735799333e-08,2.8742422614820962e-09,4.308333385675964e-13,0.0022915246808588915,0.04814049963913956,0.04264096027806912,0.001118791636354408,3.955574054539746e-11,1.0605468982827739e-08,3.0576654756090245e-06,3.941295547285196e-05,3.507333057161145e-05
44,1.6427594789838545e-10,0.9448323717916274,1.3311698224311505e-09,0.0008050838853841414,1.93694419076359e-09,2.1721737636321742e-09,1.8161585143733344e-10,1.1801747889569405e-06,5.0164932380253436e-08,1.6838896561483446e-08,1.0082112995142096e-09,0.00029358760667067647,0.005736464458044526,0.04707695538891385,0.0012064753226797124,2.090320726888288e-11,6.2505759029310885e-09,4.872642071425214e-07,6.331573290217519e-06,4.098246469519124e-05
45,1.7842112663333562e-10,0.8833876441848386,1.7529831447631328e-09,0.00078937724007485,1.9258533032746592e-08,1.9131289354755984e-08,1.3196469566269322e-09,5.679474463624956e-06,2.779119971623287e-08,5.562699233820169e-09,1.9873333107101378e-10,0.002910661094963946,0.05934095461216522,0.052186034081800364,0.0012646366099735803,8.587733734882797e-11,1.2978382699645467e-08,4.993823806357317e-06,6.228014889228977e-05,4.765047125522341e-05
46,2.353312825466442e-10,0.9321324251099055,2.562570024496024e-09,0.0010769457408971786,1.947495251289032e-09,1.0692126756392358e-09,7.007145506512653e-11,1.712964009564646e-06,5.2357687961767174e-08,1.621691997988842e-08,8.528923856421136e-10,0.00026369288674467844,0.006170929811849395,0.058911953973415865,0.001376266035099184,1.6104935976832575e-11,7.954584514069891e-09,6.942546410980292e-07,9.833401010662607e-06,5.546253955708859e-05
47,2.6923765598511394e-10,0.887465330463724,3.2672816870410804e-09,0.001241343240302494,1.3457895923221098e-08,1.4347978981057865e-08,1.172986327589484e-09,4.045062489365731e-06,4.906228776392217e-08,1.3010210291916327e-08,7.266207871656805e-10,0.002097819919302121,0.04206995506532385,0.0655821255045309,0.0014117013371976643,1.4702032647798034e-10,1.1978635224449798e-08,4.779416113987485e-06,5.8470032067285175e-05,6.432251879299549e-05
48,3.02384097725998e-10,0.9160532371970606,4.549485707204744e-09,0.0014766016898738635,1.875910799170981e-09,4.463398059239703e-10,3.43058976054894e-11,1.8685897355684924e-06,6.027574520583428e-08,1.6879270344087622e-08,8.661639091955316e-10,0.00023976385669084534,0.006037195479160983,0.07451128856967001,0.0015934182591303891,1.938939471562406e-11,9.667230794151503e-09,7.627808734556993e-07,1.15656357736054e-05,7.420302580407232e-05
49,3.56549879885414e-10,0.8957721885832637,5.7497765846728546e-09,0.0018854583344986339,4.9935375833985444e-09,5.608700355455053e-09,5.34122819781246e-10,2.0897357293002156e-06,7.263153130020571e-08,2.0571516474977165e-08,1.1922979505530127e-09,0.0008189744215783638,0.016309423186358977,0.08347179900614683,0.001621753422271089,1.1797756578271482e-10,9.348601232362262e-09,2.486292681834811e-06,3.012836836782663e-05,8.557754449143201e-05
50,3.9358086688562916e-10,0.8805073215773509,7.437092155097806e-09,0.0019351993362617627,6.025925448012654e-09,5.753806559030353e-09,5.071745710049058e-10,2.916018560509348e-06,6.672098110243527e-08,1.725266291807593e-08,8.5566136207202e-10,0.0009731627833129498,0.020599873732216677,0.09411002178895854,0.0017238124955569136,1.6052373062460098e-10,1.4031748859709279e-08,3.6304378404630793e-06,4.633153792908607e-05,9.761115285519249e-05
51,4.701786683248617e-10,0.8858774111403214,9.342344670697576e-09,0.00266430465052874,1.001314213218982e-09,7.795916090020112e-10,6.30160073571138e-11,1.2762276325783666e-06,8.865106749778577e-08,2.4089222534081434e-08,1.3481500408963895e-09,0.00016655160527688165,0.00358185358127313,0.10577951079554543,0.001807632683955485,2.966869180222108e-11,9.044994954496539e-09,6.944555356594584e-07,9.32783276681363e-06,0.0001113022076148153
52,4.815855584865743e-10,0.8169671222548702,1.1169471104706555e-08,0.002366009189668533,1.4676200263772778e-08,1.8957265532564138e-08,1.2084538772983378e-09,5.472225234832596e-06,6.088629664076544e-08,1.2095071088174242e-08,5.083397464607505e-10,0.0028170957446192685,0.05746911442820721,0.11815075640050311,0.0019073220109239583,3.8077690411148665e-10,2.642232130782707e-08,1.4431525452120079e-05,0.00017718293785321383,0.00012534649688541097
53,6.582384626901113e-10,0.8597501153268985,1.4037292091755434e-08,0.003680080806190843,4.888627415200239e-10,2.267386534777058e-10,1.8005872046225308e-11,1.2328720610560936e-06,1.0183364743112795e-07,2.569906555613268e-08,1.4496755367451523e-09,8.219037057355033e-05,0.0019745732317281504,0.13236169594178626,0.0020009660590154296,1.1930841568904538e-11,1.0380883755389572e-08,5.582296625507279e-07,7.940128791911677e-06,0.00014049222895005974
54,6.09188661121853e-10,0.7546479225689613,1.5736278238648306e-08,0.003028962786476914,1.93527462191761e-08,2.9201032883581573e-08,1.3723367175489773e-09,7.876673874039164e-06,5.308916534989426e-08,5.776311480752155e-09,7.27294953946599e-11,0.004309558065863871,0.08795295524332072,0.14744228094651057,0.002043523938257799,3.444717358625818e-10,4.475455380669971e-08,3.1102496619174435e-05,0.0003799886230022173,0.0001556583482985637
55,9.317299113440037e-10,0.8270027938301747,1.9881256543978978e-08,0.005129630815510818,4.2954057526567705e-10,9.267620871679225e-10,9.55929105318354e-11,8.913665629536799e-07,1.193258715518273e-07,2.9573000689526214e-08,1.7497508678905968e-09,0.00011069566153246742,0.0018314745535636368,0.16362739623215494,0.0021140282744943704,4.231798097505112e-11,1.0008911936152877e-08,1.0303202178868438e-06,1.099364425601773e-05,0.00017088233679797422
56,8.665191573726859e-10,0.7293887442704964,2.1611160018260514e-08,0.004537119724736775,1.4514826168422354e-08,2.42081215181199e-08,1.1722909126141854e-09,7.430398908883101e-06,6.640400533223878e-08,7.333607783191409e-09,5.9092743132925e-11,0.0037077721119653634,0.07665280401742568,0.18274316851154726,0.00226182975222034,3.765398921578584e-10,5.444902412726233e-08,3.8772830001520646e-05,0.0004769956355086309,0.00018517175200121136
57,1.1741338784389703e-09,0.7870672755001691,2.642147445177453e-08,0.007112285533463265,6.201391855071453e-10,2.2323677675079017e-09,2.244405884797366e-10,4.858256649460307e-07,1.4070707337359107e-07,3.395331969234584e-08,2.155419821910361e-09,0.00020201519233094273,0.002593904075026019,0.2005608653849652,0.0022389874719883343,1.1378838094529802e-10,7.995868631724428e-09,2.6383409085836438e-06,2.277342936550877e-05,0.00019855364809238506
58,1.1490282001875096e-09,0.7266442217778118,2.870450735501573e-08,0.0071778789138208475,6.534961240037734e-09,8.988735215218257e-09,7.687530046796037e-10,4.7392345936263486e-06,9.756141833488617e-08,1.3981326782262804e-08,3.798538878110674e-10,0.0016918708402197035,0.03689806371695365,0.2246125099201437,0.00240182856959208,6.557350100037303e-10,4.862335740940998e-08,2.6002850213936187e-05,0.00033351975578193937,0.00020915707319276962
59,1.3442293267755672e-09,0.7323107167891884,3.234745980464193e-08,0.009501601265928483,2.060467079505454e-09,5.8903828997067196e-09,6.514336436262396e-10,6.909481779440517e-07,1.5790837326636432e-07,3.533854543172492e-08,2.337014699267978e-09,0.0006484423771357906,0.01054834425942307,0.2443793354502123,0.002262277041099742,4.696586472745737e-10,1.0472934218537236e-08,1.1700438253331037e-05,0.00011848478329874509,0.00021815782678313126
60,1.3622304019509149e-09,0.6974158340438937,3.4655318391065964e-08,0.010497469721950602,2.2980858821708083e-09,8.921409403825169e-10,1.2389330701850057e-10,3.298898192088391e-06,1.2040486656700728e-07,1.7475396226600825e-08,5.810649762705203e-10,0.0005889882690723788,0.015331055419775315,0.27321698847199544,0.002518984461923132,2.8285116307401885e-10,4.706809157672161e-08,1.302157680355357e-05,0.0001918362025452425,0.000222297789908611
61,1.5628076645399124e-09,0.6553453184138167,3.5607785279884274e-08,0.011919893682545967,5.276125793305174e-09,1.3339023266998804e-08,1.4238128397860749e-09,2.1325345791086833e-06,1.5723334901301165e-07,3.1242491915566526e-08,1.905843994730265e-09,0.0016901611526152361,0.03168870865398807,0.2962525369086664,0.0023402368632528016,1.1637056884453853e-09,3.431413905862947e-08,4.386103361424798e-05,0.0004926941099315352,0.00022417357790519875
62,1.6493530916269158e-09,0.6318147392117915,3.690107681839828e-08,0.014448404591584849,2.9189095655203047e-09,4.5649821695789564e-09,1.987134010694541e-10,3.47557569963212e-06,1.3173179340354338e-07,1.8214230807876557e-08,6.468481747993902e-10,0.0009684656014421255,0.022001340386132474,0.32760090006516485,0.00248275822949617,3.191917477441659e-10,6.692782432045989e-08,3.219809073837516e-05,0.00042663010218864725,0.00022082407283822232
63,1.7824425107591052e-09,0.5674028172125771,3.46540306686714e-08,0.014529210757288809,8.42911377428211e-09,2.0445678766421907e-08,1.5949787974891367e-09,4.452269780508201e-06,1.362105685336803e-07,2.095644174665942e-08,9.737866792092562e-10,0.0027967115124793713,0.055206263829622404,0.35612001405189,0.0023364544710181203,9.726230702299102e-10,9.653894734833539e-08,0.00010876995535319135,0.0012811017220501401,0.00021388165932879612
64,2.0651832330196603e-09,0.5605758844697646,3.4412415527193486e-08,0.020404037600360945,4.870311953726729e-09,9.213859320006598e-09,1.002045042765786e-09,2.924941494476374e-06,1.494834177643801e-07,2.1639170399731445e-08,1.046418590409125e-09,0.0013867561882947462,0.028485612729849657,0.38565169491457985,0.0023045708996376913,1.4778606028982325e-09,8.402779229480969e-08,7.48379493945903e-05,0.0009088396681414062,0.00020453140000732878
65,1.976360375585928e-09,0.4959400323289523,2.970876017875739e-08,0.01933792436643968,8.272388494125373e-09,1.8654361338912416e-08,6.99969633811897e-10,5.400802939442107e-06,1.1682146447021404e-07,1.1292060896948457e-08,2.859255079034339e-10,0.002738868986389982,0.05663751813352809,0.4205673350737271,0.002375538161481623,4.786263681769572e-11,1.7330088487279937e-07,0.00016788511142812158,0.0020387795967381057,0.0001903563783371713
66,2.441989230668313e-09,0.49974814614191965,2.7259564753110917e-08,0.029488122694612436,5.288238398222348e-09,8.921573695006567e-09,1.259481962452369e-09,1.4220998934621622e-06,1.719764116605281e-07,2.774763904609789e-08,1.8127722298123455e-09,0.0011535434069478755,0.02135444004501112,0.44472062568495774,0.0020582265753737016,1.75481986453671e-09,6.496131068578736e-08,0.00010501231301548968,0.0011930744118968466,0.0001770732025705258
67,2.2205110038904936e-09,0.4499899448463701,2.141613246723756e-08,0.02877966230736305,5.403886582082924e-09,7.816478824282865e-09,1.131140277522565e-10,4.109507209644823e-06,1.155539825346488e-07,9.286037739903798e-09,1.3709392508492115e-10,0.0014577302630354961,0.03228632673171175,0.4831172004475518,0.0022314353374966625,5.03034407192066e-10,2.0465942314387345e-07,0.000142675003090809,0.001829577122930518,0.00016097132354516482
68,2.5229096126933874e-09,0.4417357897453548,1.647683313658746e-08,0.041126281473825396,3.930393985940609e-09,6.58830419691145e-09,9.387578806670887e-10,2.961930568096021e-07,1.8093070127664707e-07,3.145347140442493e-08,2.3235847126037475e-09,0.0007393230380596559,0.011990763798983657,0.5011977006227796,0.0017629411456174986,1.2120931228525296e-09,2.0718703598150566e-08,0.0001132630658834675,0.0011871757130774985,0.0001461981076085954
69,2.177473866783867e-09,0.4016114765843202,1.1105705040674619e-08,0.04158715206116322,3.988877804273775e-09,7.627196244662442e-10,2.436588165582918e-10,2.938432687684808e-06,1.1501661860397067e-07,1.0103042239454397e-08,1.3683780288663668e-10,0.000580103591857366,0.015194072329512682,0.5374988077384696,0.002047127080265317,4.251859971366198e-10,2.1883248089607658e-07,8.617175804943807e-05,0.0012578166504363002,0.00013397098063763793
70,2.1396622743829856e-09,0.38312349397039214,6.378726428837974e-09,0.05418157235093038,3.627443813776024e-09,5.381671315739748e-09,7.519092479673489e-10,1.0486872533339047e-07,1.6863006732576744e-07,2.9512639995113247e-08,2.1278388339333463e-09,0.0005827389142689034,0.009120085209773941,0.5498176413891265,0.0016027829795025243,1.1089831499052365e-09,3.886621442941034e-09,0.00013104759639267634,0.0013182603080986724,0.00012204886722543305
71,1.5746828585961805e-09,0.33608290817583075,3.6112676034060065e-09,0.05406014733474553,4.85244051159847e-09,5.670763448144646e-09,2.2965144978058582e-10,3.3570513058889385e-06,9.719684868767643e-08,7.519791311091998e-09,1.001781252166855e-10,0.001128600270722193,0.025185999423441855,0.5778701989066546,0.0018216223241974711,2.856930537177163e-10,3.734545902714038e-07,0.0002677749151076277,0.003462043334072132,0.00011685376801471561
72,1.5304738322740422e-09,0.3304957429950053,2.057371664474419e-09,0.06853642684792044,4.2937878892029815e-09,5.394247666637828e-09,7.859229339413161e-10,6.990357122856411e-07,1.3995543068894087e-07,2.348841194967601e-08,1.3707048798710866e-09,0.0006639258058987695,0.011742983111858483,0.58461793511776,0.001490195343967564,1.475921814030213e-09,7.761600915863666e-08,0.00019863583712466035,0.00214135212054368,0.00011184581592573709
73,9.867387915959044e-10,0.27908249243315864,2.5420233663923752e-09,0.06914769509949893,1.0115902834479462e-08,1.3527716047652251e-08,3.4413427014919136e-10,3.8286698955318495e-06,7.752103201447068e-08,6.529503787818969e-09,3.245710934030946e-11,0.001991229365348377,0.04125262388398693,0.5970406212543214,0.0015760126735971853,2.2447910488401166e-09,6.684719344775532e-07,0.0007425920868577178,0.009049950780302518,0.00011217143679843657
74,1.0447596791111994e-09,0.2923849136015638,4.2976616848247574e-09,0.08680001585372982,3.4324484410095133e-09,4.886742165218018e-09,6.493579414969496e-10,1.4395242888563249e-06,1.0641212630982576e-07,1.7159556778694124e-08,6.842925423537596e-10,0.0007018403902834354,0.014124126761842194,0.6005304175524218,0.0015419488871867436,1.7028884113006508e-09,2.581721603855025e-07,0.00029712400821105684,0.0035018697305260926,0.00011590524795189767
75,7.159320740947619e-10,0.2549390262791641,6.08658642578088e-09,0.09543958352182505,1.4919185762176547e-08,1.4535291387546688e-08,8.30304741401283e-10,3.053859842513626e-06,7.630265500941816e-08,1.1477870255649234e-08,3.0614528657337017e-10,0.001987744784398719,0.03961165934806749,0.5923257452654154,0.001346191866661251,5.368831189131362e-09,8.024108631925435e-07,0.0011025641998980483,0.013123957978151024,0.00011953994291081046
76,6.848997498351569e-10,0.27330810860600335,9.402832053510007e-09,0.11402834635692508,1.4769960306084365e-09,2.4651717468782557e-09,1.7227771224253672e-10,1.5974132356866168e-06,8.407474828443167e-08,1.345134644519123e-08,5.013562133970346e-10,0.00048036002802233054,0.010832230258424544,0.5956594023028514,0.0015621715748601493,5.866812890098838e-10,4.301566424310433e-07,0.0002874661140676066,0.003709549688357105,0.00013022468430062622
77,5.335639734722996e-10,0.2554291745034164,1.082835590366678e-08,0.1347074366652406,9.512822564695584e-09,9.303268921477047e-09,8.793512836941575e-10,1.5863974070194282e-06,9.107670751331382e-08,1.79569105140357e-08,1.1028961336410897e-09,0.0012237376649924493,0.02328989268876432,0.5718115854201703,0.0011716127417578256,6.919478104383041e-09,5.804761242590582e-07,0.0009701827191099284,0.01125470377807196,0.00013935883159049955
78,4.2773076610222316e-10,0.26231453778836444,1.365487688458147e-08,0.1494080153798739,1.695483867278846e-09,4.540626242378709e-10,4.370195242915255e-11,1.442667077216325e-06,8.100181971752648e-08,1.3050172721536016e-08,4.3378301759986363e-10,0.0002727534372913771,0.007000701692278275,0.5759431696155644,0.001613458653263622,5.798681523020563e-10,5.339435640153575e-07,0.00021150275227410816,0.0030826895246368904,0.0001510832043121304
79,5.077368705792768e-10,0.25611634642846953,1.5167018837069145e-08,0.1801757285664301,2.721729631970148e-09,3.6778943946545216e-09,4.083738780332468e-10,5.072350862529738e-07,1.0989091379767461e-07,2.1498780928862003e-08,1.5713498671401808e-09,0.0004589830423802904,0.008133774205750137,0.5475059540773494,0.0012129201125821727,3.869661327794389e-09,2.416195188195384e-07,0.0005177862363139353,0.005713084325129457,0.00016451483753018848
80,5.708878200704704e-10,0.23688928791276098,1.6794823476277457e-08,0.18056423792805987,1.1236171785559134e-09,4.313590682268461e-09,3.330666930338527e-10,1.996630007326035e-06,8.477498683019165e-08,1.1818443890176972e-08,2.75620961204727e-10,0.0007462204955235711,0.016245454637712736,0.5522540389341903,0.0016573514784345904,2.410099179217222e-09,1.0088572147204437e-06,0.0008413952039543108,0.010627531797261055,0.00017135370974361553
81,1.053123480947442e-09,0.24226196058393695,1.937771000890779e-08,0.22769247517722968,4.439223257095611e-10,9.472880772201029e-10,9.94480980900716e-11,1.8027410916849226e-07,1.2751947131179837e-07,2.1202788068974422e-08,1.3260744008181899e-09,0.00010954385430224165,0.001541375243510051,0.5251263677534703,0.0012304561528843417,9.599827162832425e-10,9.97904115830217e-08,0.00017245398777183499,0.0016820545518532242,0.000182859700711933
82,1.1429329550280056e-09,0.19377808305313662,1.92672235106328e-08,0.20415656945685293,2.846343315907575e-10,1.2378997329052191e-08,2.1729162731470104e-10,3.056724622927848e-06,8.595528864363555e-08,6.8030632011157724e-09,2.874177979151161e-10,0.0017056245753216553,0.03479474739717602,0.5274673630527197,0.0015414713389691542,6.514731363006886e-09,2.2914946790521284e-06,0.0027777862141974696,0.03358844984692079,0.00018442399382310486
83,2.1897288346946785e-09,0.2138188997300046,2.2460004471181594e-08,0.27957925291032154,6.897607458111219e-11,1.9868777249861428e-10,2.657183069569104e-11,2.3853736699774916e-07,1.422406690906744e-07,1.7461573245275308e-08,9.478489216123822e-10,2.485790039364265e-05,0.0002773416204865948,0.5044845771130256,0.001204053929317278,1.8876558492098377e-10,1.5776259643682302e-07,4.668651244484458e-05,0.00037554720474096426,0.00018820099647618262
84,2.0460532221601514e-09,0.1556424502540736,1.8959518568982323e-08,0.2439009482772084,2.7676123896554696e-09,1.4699060413139439e-08,2.932326924332508e-10,3.147429981038678e-06,9.631532020797591e-08,3.0601720299525864e-09,1.3276737247096669e-10,0.0019577408806962424,0.03978632222558665,0.4961936699332829,0.001199436961661303,2.204252091736607e-08,3.579567448642053e-06,0.0046962817764491785,0.05642758168868337,0.00018868068867073956
85,3.4539928831857265e-09,0.17792457388448035,2.0123874788466573e-08,0.3381015316108488,1.2384244045845732e-11,3.858684190927424e-11,2.519904423512178e-12,2.624836730946218e-07,1.4833486570526372e-07,1.2201952796847092e-08,8.028500855020301e-10,1.2463392436435862e-05,0.00022713521550814304,0.48217527561969253,0.0010619599909805575,3.094027896448509e-11,2.5450874097330455e-07,2.9462912838308554e-05,0.00028646383691802483,0.00018043154191524233
86,3.170156941429519e-09,0.13420614025832026,1.438592995874961e-08,0.321796087265947,8.721414955557064e-09,8.998291692641392e-09,7.222429907843652e-10,2.0607548396003486e-06,1.1097573640050673e-07,3.353377346855856e-09,6.833031820805827e-11,0.001243521023990772,0.02518798560941044,0.4587532600685259,0.0007389962095799955,2.6188675636988827e-08,3.4898143671155113e-06,0.004434185776281361,0.053456544157655286,0.00017755247692626588
87,4.237970907569583e-09,0.1426668690380197,1.1187185128810271e-08,0.39992560459439064,5.867811762925878e-10,2.796394734320601e-10,7.110680654645877e-11,2.1062305976934417e-07,1.3973323431307209e-07,8.390623389264274e-09,6.625005381927428e-10,4.88068733769558e-05,0.0008479204284937374,0.45326898384409925,0.0009654528788687959,9.131857838123604e-10,3.2762689757411194e-07,0.0001826850849538113,0.001930035469950899,0.0001629374756613502
88,3.846368571229788e-09,0.11940481245405206,6.2258413348573344e-09,0.42284971600865773,6.548965253736325e-09,2.464694155045428e-09,5.450716976053424e-10,9.584852839546899e-07,1.057367228724817e-07,4.219104969387003e-09,3.5609173712448026e-10,0.0004155535630737324,0.00865670099483395,0.41868035100440204,0.0005871112800229106,1.0174033669264827e-08,2.2581904636334668e-06,0.002181398498500599,0.02706803854284018,0.00015296086097529198
89,3.9084378363311795e-09,0.11345135617654901,2.3524708746870636e-09,0.4517314597124455,2.01737252064209e-09,1.4312955011456233e-09,5.465339452495822e-10,3.63807806280765e-07,1.1384519180282291e-07,6.629796942008192e-09,2.7578238530491964e-10,0.00020915305027329148,0.00398731536018908,0.4142271421642064,0.0010331965354661947,5.809766017196168e-09,8.404209154540526e-07,0.001236825771224068,0.013979969262783894,0.00014224092149222703
90,3.3688531735172827e-09,0.10523707073873595,7.144389669145546e-10,0.5108137787114914,2.796279369637522e-10,1.3366160560512715e-10,1.270999047196022e-10,4.937392300611972e-07,7.735434206109277e-08,4.998195984623269e-09,2.8991395244835137e-10,8.899700320835299e-05,0.0023069108347091184,0.37042185849147113,0.0006222712421625711,8.480921140523828e-10,1.5933511549049617e-06,0.000679210516137766,0.009699299263595326,0.00012842799387796742
91,2.6906620757348095e-09,0.09217700725186258,7.514167407044051e-10,0.48131051778603917,1.4791299412795767e-10,3.4242631032981036e-09,1.2175735068127307e-09,7.84969670871486e-07,7.262165945379257e-08,4.904412933919139e-09,2.0556473253722972e-10,0.0005072113572436786,0.010043039207429097,0.3615857816651078,0.0011150818288493821,1.8906475519069678e-08,2.76091230635218e-06,0.0041861476316382715,0.04894774699387711,0.00012381552603449162
92,2.138549679737943e-09,0.09489499542382863,2.1479602799479332e-09,0.5771773284019972,2.559625337902674e-09,5.635480095056758e-10,3.71969219405349e-12,4.2445995587738603e-07,4.141501772583025e-08,6.779695034238326e-09,2.0976459474763472e-10,0.00011092313041789043,0.002497366938607348,0.3102489732198419,0.0007120403037068956,2.9321125902097117e-09,1.768445627744851e-06,0.0009937264275449132,0.013250330735888513,0.00011206376259030374
93,1.4717899165408897e-09,0.07880290571477594,3.637737479969849e-09,0.508338428505534,4.722650975897912e-09,4.8347724707867595e-09,1.337617085646827e-09,1.2005123254649634e-06,2.9137074679589775e-08,3.160399908071301e-09,5.620694088409851e-10,0.0007654665670713881,0.015329412079037241,0.2949010392503473,0.001051964712501254,3.022103362103342e-08,5.6729647693204225e-06,0.007791636764915744,0.09290153013556621,0.0001106637080107312
94,1.102583699247628e-09,0.08845398259855176,4.666990879341121e-09,0.6374098124171352,2.897078942550032e-09,1.1190803062303284e-09,5.172787408128482e-12,3.18488834635985e-07,1.4169585389401483e-08,8.737585137010944e-09,5.532944770007629e-10,0.00014656263026346293,0.002913842584643999,0.24940934518282287,0.000807289852323585,8.081426382751378e-09,1.5389167188056082e-06,0.0016094425093684805,0.019134662036554274,0.00011316144998494992
95,7.727552631009457e-10,0.07256715978454412,4.442054422546142e-09,0.5752829265186581,1.3990498013724e-08,3.9439200356740166e-09,8.51569953804868e-10,1.2271272105324209e-06,4.0254708641436205e-09,3.3052303515985765e-09,4.533521367240721e-10,0.0006883779945677277,0.014226388976775594,0.22727081035661933,0.0007778910469198909,2.897733366204978e-08,6.977241342163178e-06,0.008288749467701874,0.1007737447238842,0.0001156859995919447
96,6.846593998364064e-10,0.08046367705817246,4.231557124640868e-09,0.6953790235601883,1.4900958145344935e-09,1.1521519527381322e-09,2.2000080134938677e-11,1.0834427168678737e-07,6.055518283094449e-09,9.492104963500318e-09,6.85053474169002e-10,0.0001240761887675557,0.0020767125993598587,0.20152286716883205,0.0009406766596554445,9.684610032023642e-09,6.450549050221341e-07,0.0016660464128924824,0.017692695143294444,0.00013343831190975548
97,7.681388363905472e-10,0.06786118435989968,3.4983521330446535e-09,0.6832742712121065,7.349895550270168e-09,1.3868236564357986e-09,3.482084993767863e-10,8.202336925730537e-07,3.973208193112407e-09,3.883707123745263e-09,7.88242521471825e-11,0.0003183586322802515,0.006912970168826053,0.17693296092851737,0.000630409467895543,1.7006466629207522e-08,5.553199105366e-06,0.004638219776443842,0.0592821931021541,0.00014302062545384098
98,1.06838827994243e-09,0.06629736643151125,5.110696798814946e-09,0.7421980149615885,1.6523023473991668e-09,1.1185798532475157e-09,7.997807533250567e-11,9.4044436291082e-09,1.585631986954282e-08,8.33327182707086e-09,3.470383402608034e-10,0.00010577719811731917,0.0015773022332348915,0.16893370346668818,0.0010492250052793486,1.0661678896813917e-08,4.3733945116406354e-08,0.0018164634296225128,0.017862262717688735,0.00015978718962637587
99,1.5279049979152447e-09,0.05547094417209143,7.439891661306729e-09,0.7676190381375432,3.5434613057184934e-10,1.7212718011705312e-10,5.44910816779738e-11,4.613728040925973e-07,1.8198886092045843e-08,2.7591125085090957e-09,1.245463033703472e-11,9.093540949307768e-05,0.002341805028373684,0.144667382682444,0.000527247598856687,1.6844310020615203e-09,4.278182186333245e-06,0.0018595281763221206,0.027244111524070143,0.00017423551216980205
100,2.1100567687106582e-09,0.04772151344763124,1.1840838820504143e-08,0.7708055008645407,3.082148716830255e-09,1.180530239846652e-09,1.8627570547831284e-10,8.396157321618977e-08,3.2322842895953984e-08,5.60386845345837e-09,1.9122756909946824e-11,0.00011346689327528103,0.0019449928538096033,0.14485844948606186,0.0009732489019277366,1.3951906933178113e-08,7.128776479227324e-07,0.0028941482373660314,0.03050630353189164,0.00018150864668322076
101,2.5719551102031177e-09,0.03747742874608268,1.5351913300827238e-08,0.7873021797597124,9.326514224213272e-10,6.87863140050227e-10,1.386851238654943e-10,3.544175851323077e-07,3.44092834641078e-08,1.160434103148194e-09,1.9265665988047283e-11,0.0001240563370714238,0.002789569986852111,0.11819296470151007,0.00034750726788087627,1.3615202713740668e-08,5.330502612541569e-06,0.0038034545022915716,0.04975914721072438,0.00019793768042269258
102,3.1681221164249886e-09,0.03072107144591364,1.8865549194119917e-08,0.7862766401537346,5.025465164083906e-09,1.0582463168054422e-09,3.020738717653587e-10,1.591036522060728e-07,4.2553195981952944e-08,2.3172693482987108e-09,1.6585809994420142e-10,0.00011315626566815455,0.0021721276146445304,0.12058102019940954,0.0007864504291961321,1.854860885865566e-08,2.818882669082229e-06,0.004750259177689944,0.05439910505892037,0.00019709966411244625
103,3.2974380663404587e-09,0.023632194716087733,1.874773540134279e-08,0.7894256527672906,4.792707373066278e-09,9.526711736557965e-10,4.1432709158333626e-10,2.814613207838849e-07,4.1280507195884657e-08,1.922061595901411e-10,2.6713355490349294e-10,0.00014724920461584078,0.0029680291137560155,0.09313219326712083,0.00022750992368960715,3.380915198575676e-08,6.258931845886189e-06,0.006825239819939315,0.0834282145845437,0.00020707245591202657
104,3.727128957391168e-09,0.02001844302535677,1.7420047584240577e-08,0.812006373132951,3.5549377867167696e-09,6.512796535543629e-10,3.397477046970538e-10,1.6508944428191676e-07,4.0624041280251164e-08,2.3533156514844355e-10,4.156722488179628e-10,8.489042438195282e-05,0.0017130192185062906,0.09285445840265856,0.0004992614500777289,2.165182646243134e-08,4.911364999512582e-06,0.0055470677684630616,0.0670684421635694,0.0002028793395779196
105,3.7216286623838807e-09,0.01699486053465522,1.4068211665280613e-08,0.823759188952114,7.57329569597337e-09,7.274968658850107e-10,3.6834682253305624e-10,1.4730502864798074e-07,3.3829310395271125e-08,1.6544149862089924e-10,5.703218157185109e-10,9.420520795962096e-05,0.0018668629388273583,0.0718332036908444,0.0003268885272777866,3.1530253680016436e-08,4.6585135146454375e-06,0.006656648785016633,0.07826736888215757,0.0001958741082961127
106,3.868911647407857e-09,0.015711934244301153,8.581776449512555e-09,0.8650652371273899,1.1711748130942907e-09,2.5148365630957336e-10,2.2469223171371297e-10,1.5131325119672217e-07,2.9230539949704154e-08,1.7469179054565572e-10,2.4931568525867027e-10,4.6045684209180765e-05,0.0010413218319256018,0.06595387001015689,0.0003615278276312889,1.3215515429957974e-08,5.086479825908674e-06,0.0037045530221626374,0.04791846881529915,0.00019174667574494518
107,3.889738998379468e-09,0.015279153254008877,4.489322584236771e-09,0.8798713013713124,4.4803833294233645e-09,4.762394977971983e-10,1.4055204980997152e-10,3.909402235047086e-08,1.916730675227596e-08,1.2284384159059131e-09,4.285659693251762e-10,4.470220889432472e-05,0.000795132646641722,0.05376491858662903,0.0005468429779725286,1.9867530248819252e-08,1.9045888365321303e-06,0.00408975679995085,0.04543284746559083,0.00017334683806267907
108,3.855364846482318e-09,0.014908254353535556,9.811579177902397e-10,0.9123777927264007,4.98857260609176e-10,6.820379770637156e-11,1.0998714071338658e-10,1.0843724403886419e-07,1.5760657111714684e-08,8.16988976821619e-10,3.962070759182947e-11,1.9930794717716765e-05,0.0005070009434933896,0.04406786712568806,0.00034073306428734353,1.731355328005235e-09,4.351999077732402e-06,0.0017597223935767192,0.02584602275434576,0.00016819154544001777
109,3.93240561257526e-09,0.015015131762448952,3.993893969136585e-10,0.9251451904243939,1.4183222037324527e-09,2.9110153234301333e-10,2.4100169541342914e-11,9.522929784095164e-09,7.711613854683093e-09,2.398108533179436e-09,1.3323832658281445e-10,1.764745494697414e-05,0.0002854107865209309,0.03786100881489919,0.0006411212252053675,1.0988981464572548e-08,3.2167687991077653e-07,0.001895414837745431,0.018989180485112313,0.00014953571165710375
110,3.7973651138142775e-09,0.013638541913193448,1.9821669121059705e-09,0.9003811490235368,1.44039559793976e-09,1.39890782800511e-10,3.294038756107352e-10,1.1578898944502486e-07,8.056778710886224e-09,1.0958488654272674e-09,1.5152014236443389e-10,3.9284257166986855e-05,0.0009065628121167333,0.027192035891972253,0.00028303793835399876,1.3356646584521771e-08,5.709715900091603e-06,0.004109467073465476,0.053302752315105624,0.00014131292018250158
111,4.1739798996745144e-09,0.01357060302143118,5.378187531383256e-09,0.948690751593348,6.229896027623733e-10,1.7753926972295668e-10,4.631228395692972e-12,9.896731074368538e-09,5.115107606193089e-09,2.729687433450526e-09,1.8090313306743812e-11,8.238148003503557e-06,0.00012875086686052787,0.025895288858292433,0.0006155932491974871,6.695516333059759e-09,3.474918726908044e-07,0.0010339203254537321,0.009929635205733183,0.00012683642734650848
112,3.872111762257525e-09,0.010614447343238603,8.313974621740625e-09,0.851552372391579,1.2772766263741442e-08,2.5650226116429955e-10,7.773751538300531e-10,1.6088442408656857e-07,9.134766225841993e-09,1.1373562068568176e-09,3.54571901915617e-10,8.122028817303348e-05,0.001629206774377098,0.016154933329717132,0.00014276522186290036,3.331755314930681e-08,8.455979570795985e-06,0.009032480708123557,0.11066967816368878,0.00011420897826749877
113,4.718662845431237e-09,0.010261625339145108,1.128986369780758e-08,0.9587961738011412,2.2182516545928052e-10,1.0179565778142485e-10,1.604875949812796e-11,1.7041315075243602e-08,1.0022693236541555e-08,2.0458663992444137e-09,3.500685339319297e-11,5.372780193843819e-06,9.770504325796436e-05,0.01943757134908121,0.0004544453684772692,4.836956826947866e-09,1.1492485543695817e-06,0.0008849607938668147,0.009954078511668027,0.00010686743457959303
114,4.38300641059128e-09,0.007031821187508397,1.1070976068709803e-08,0.8424226073280842,1.9946368658029927e-08,1.7514631558666667e-10,9.399987976016168e-10,1.1135185128644345e-07,1.451982464742793e-08,8.147593052520916e-10,4.648182066719902e-10,6.68658206658607e-05,0.001340508481900418,0.012758190555908676,6.887720896435369e-05,3.74097333635302e-08,8.708014611125722e-06,0.010425831041767928,0.12578325222033426,9.313706377184041e-05
115,5.500894122577176e-09,0.0061137258046501134,1.0203900552832472e-08,0.9665883588323223,3.3499397946776565e-11,3.469366182223882e-11,3.8392902041714845e-11,2.0647385254973126e-08,1.619338298804927e-08,9.039908520384083e-10,4.415916902043725e-11,2.441674337430187e-06,6.187214169175874e-05,0.017433437262799063,0.0003261508770856156,2.142386258557523e-09,1.74149634551954e-06,0.0006588969893632758,0.008721086738102825,9.223244061693742e-05
116,5.495751510181402e-09,0.003861200076333297,7.203076296444021e-09,0.8922564068558512,1.075058300341658e-08,5.105919285872269e-11,6.277424524213296e-10,3.033718158281019e-08,1.7469038818045787e-08,3.006723458797602e-10,3.7923158925663614e-10,2.3781724356491717e-05,0.0004415030374378434,0.014233715878384148,0.00011430519304704556,2.5994753818403988e-08,5.713193897600478e-06,0.00686013240447527,0.08211980721990418,8.333580722244128e-05
117,6.469745923326949e-09,0.0027394327721563137,4.032559797095668e-09,0.9718494449115758,2.950768173398693e-10,2.511537763638054e-12,7.701797917189388e-11,8.462147301389836e-09,1.796067603101504e-08,2.2420647081850637e-10,1.3896455038935877e-11,1.328385496218054e-06,2.7944099215238366e-05,0.01676697249680113,0.0002266276461953804,6.258383345541001e-10,1.8719547638250719e-06,0.0005455422435836371,0.007756651303206434,8.414602332939075e-05
118,6.9205166439113305e-09,0.0016414404616982453,1.8551858604757598e-09,0.9514924448466183,2.3898446988916073e-09,1.8690919032288778e-11,2.1758575555895647e-10,7.592279147476934e-09,1.5516397756808694e-08,1.8121606677833502e-10,1.7484657453023334e-10,2.669649688568315e-06,5.647096732640798e-05,0.014635506958195089,0.00017979017442946023,9.855668873841807e-09,2.6154821756466114e-06,0.0024578531984187782,0.029450145294765848,8.101824445142346e-05
119,7.448435533816366e-09,0.0011277971894103173,1.5156374613232789e-09,0.9560847705667167,1.6019059103131293e-09,1.7055802820762204e-12,2.5240867849529206e-10,5.682491779537512e-09,1.480622003452211e-08,1.6341255441561958e-10,7.660540977616955e-11,1.0680884047396904e-06,2.430215231442993e-05,0.01400558831801738,0.00018576967686331503,7.80384798027777e-09,2.781530644101638e-06,0.0021368603728435377,0.02635039534841553,8.062740369912842e-05
120,8.253690610991906e-09,0.0010226473638097252,3.946078794658618e-09,0.980823511914624,3.3053811756730166e-10,7.450930572160802e-12,4.848824051578747e-11,2.3778553781263685e-09,1.1336087102027333e-08,4.316580551026637e-10,3.0402735798895483e-11,2.2242684066492927e-07,6.228322619192783e-06,0.011230245868195418,0.00019613860564194255,1.0698467878912198e-09,1.455151030641636e-06,0.0004725752900901007,0.006165628992524852,8.131823252674925e-05
121,8.240717235218376e-09,0.0011102403816697635,7.674775473750519e-09,0.9149921030507078,7.505866601158609e-09,2.960876475819389e-11,6.932174714597282e-10,1.0365969274721255e-08,1.0793989865158295e-08,4.306453485795434e-10,2.512842662805011e-10,4.744392276166429e-06,0.00010246519787696032,0.008313301776527011,0.00010346017552289333,2.0829257197071556e-08,5.311492130891765e-06,0.005759796232954957,0.06952911952751066,7.939095749079167e-05
122,9.529260899304732e-09,0.001528127763803775,1.3782602231074956e-08,0.9881638334622398,2.832121088444929e-11,1.0736423542713432e-12,4.7849194105135556e-11,3.914482092929542e-09,8.899485276742884e-09,6.718665643414708e-10,9.83351109310884e-13,3.5158954048397315e-07,5.7598367411916265e-06,0.006193019958603403,0.00020679393751631053,5.893018650167411e-10,1.2720852801239896e-06,0.0002593889897612632,0.0035576544948826105,8.376041640463705e-05
123,9.168026964880338e-09,0.0016327597273981269,1.729369633436511e-08,0.8872407342823734,1.4851187406620282e-08,9.959252955451691e-11,1.1122176219370695e-09,1.813495753280511e-08,9.12074407776739e-09,6.212840879766873e-10,3.494087068591289e-10,1.3364573394631805e-05,0.00024943749055647405,0.0028595605849441857,3.9703417673487555e-05,2.708769076679179e-08,7.436152892564337e-06,0.008228898220588612,0.09964670473626984,8.130297510225652e-05
124,1.1036562147614505e-08,0.002033441303366481,2.303829887464989e-08,0.990719272700386,3.73748999891245e-11,4.9948832717532774e-12,5.485526495414889e-11,3.6764868795871564e-09,8.839363309786652e-09,5.481282078183279e-10,3.219201607059732e-12,3.2844971665263437e-07,6.752753667761229e-06,0.003176322401433527,0.0002138170687596067,1.8276814346927755e-09,9.091737950223968e-07,0.00031213759758276554,0.0034484571166158128,8.851236771101914e-05
125,1.0848128451302883e-08,0.001837693968827343,2.263878906112764e-08,0.9081201268766222,1.2449744297663296e-08,1.210762669880441e-10,1.05021228865862e-09,2.5703274995957717e-08,8.615225099839069e-09,4.1531060288568737e-10,2.653920031703357e-10,1.2032984237146265e-05,0.00024133432214346965,0.0013673138167935662,2.336469134835079e-05,2.110889856182512e-08,6.733683047913318e-06,0.0066608323447785115,0.08164330648544046,8.715761070891205e-05
126,1.287073165780061e-08,0.0018829350656670422,2.3923135633786604e-08,0.9903076963460655,1.5271320398962746e-10,3.330292241488404e-12,6.27422808495467e-11,1.1029914183183472e-09,8.288865719339939e-09,1.8959109620507645e-10,5.83777541620259e-12,3.2142298787602287e-07,2.791422727666977e-06,0.00384077609571982,0.00021948132670165373,3.085941929839252e-09,4.5464243926988413e-07,0.0003730985595209493,0.0032780129781830873,9.438245410560124e-05
127,1.3314095749678565e-08,0.0015185667543919882,1.969219366154912e-08,0.9546688973240278,3.4649088074336594e-09,5.841215590408228e-11,5.609853284852223e-10,9.561618133033983e-09,6.734943034475853e-09,1.702701199382684e-10,1.0645231818579183e-10,3.608607117356074e-06,7.327718285680282e-05,0.003626750879331945,5.13038738678283e-05,8.527141178060706e-09,4.265538941122055e-06,0.0028920841128049716,0.0370667356705143,9.444786512482875e-05
128,1.4808918227048274e-08,0.0012978535920110945,1.6199005131509852e-08,0.9825899975605956,3.7225103773692857e-10,2.142021170309545e-13,1.717451925491697e-10,2.517912176177121e-09,5.67348459072911e-09,3.616063509528428e-11,2.1735666092544282e-11,3.7631942180956687e-07,7.963087329882664e-06,0.006467873907511106,0.0001903392381774073,6.032889893954419e-09,4.88205352832363e-07,0.0008543630747303075,0.008490942966425951,9.975621412720555e-05
129,1.5728803011868548e-08,0.0010447002281729631,1.0827389393306641e-08,0.9781517777320838,1.0322259296547116e-11,1.5819501092116122e-11,2.414966703974636e-10,4.948810604089747e-09,3.835646846771573e-09,1.9702253277428998e-10,6.037134013429698e-12,5.202782741375166e-07,1.4243471107948183e-05,0.005860022736356227,5.635201305783892e-05,1.2052251847880086e-09,2.891442428976997e-06,0.0009380316180694363,0.013831361871828174,0.00010006159204727793
130,1.6501640325168152e-08,0.0009669794278539734,6.442918024274355e-09,0.9663393601225223,9.165701699464607e-10,2.0957323271844262e-11,4.613203256698093e-10,1.1052301194838145e-09,2.807738974939428e-09,1.2169756328400753e-10,6.678556792668803e-11,7.9801608495405e-07,1.5373998018775397e-05,0.0073675147380202815,0.00015161499706078002,1.1264956755860549e-08,1.4742149177398003e-06,0.00204610191450264,0.02300753080483135,0.0001032120563722623
131,1.7494819009762304e-08,0.0010090934308977528,2.999077469189639e-09,0.9735263714056839,9.465594170458566e-10,3.351320214482229e-11,3.5433020135080865e-10,6.0547797866700634e-09,1.924763188549694e-09,3.495402467110067e-10,2.1865852340178086e-11,1.3884753011713033e-06,2.9615264088659974e-05,0.005079486979009633,5.378683264207216e-05,3.368354936524788e-09,2.9102980903893374e-06,0.001401118939276676,0.01879301537765475,0.00010317944975203489
132,1.782926819824589e-08,0.0011706111349489518,1.0293419409087343e-09,0.9508308507318366,2.0321847755044228e-09,9.001069335543756e-11,8.033932645432375e-10,6.972755743187008e-09,1.400244729307483e-09,2.8510937962617453e-10,1.1114136816022793e-10,2.654283810621921e-06,4.8214014348762016e-05,0.004779237753901746,8.267074066149528e-05,1.4891201589805858e-08,3.065882872218569e-06,0.003336712925223374,0.039641870373663776,0.00010406671408079901
133,1.8853173783270844e-08,0.0013905847142378779,7.03749671073741e-10,0.9699584611964739,1.1831435589171216e-09,4.062904655744081e-11,5.118029309531432e-10,3.5704527065143218e-09,1.1517251803612262e-09,3.4541738992492906e-10,6.879604278686741e-11,2.004279997571253e-06,4.1691991815985424e-05,0.0021294463402080042,7.55213353666692e-05,7.664898437139645e-09,2.5734278356997696e-06,0.0019744826904928856,0.024321152472613662,0.00010404745716908924
134,1.9046862637256884e-08,0.0015246416609334605,1.8500985122370424e-09,0.9527605645451871,2.9642223612998834e-09,1.3122981170834e-10,8.470222800335285e-10,6.131880946249708e-09,7.436728717223699e-10,2.7839863480608933e-10,8.704668062146118e-11,4.232675729007955e-06,8.715265986033958e-05,0.0011850631369158303,4.171265250128937e-05,1.2067733102139177e-08,3.86121890760649e-06,0.0033250465649702896,0.04096520149924687,0.00010247923758006121
135,1.9981240338435818e-08,0.0016403823638343187,4.126864915813347e-09,0.9781132716131504,7.319987292015735e-10,2.051944732645708e-11,4.174387815182294e-10,4.649830859877107e-09,4.4061889468178694e-10,1.5105754844321203e-10,7.467401370673375e-11,1.4403996387174881e-06,2.531810885664551e-05,0.00046130516464129334,9.725405220357465e-05,7.98607485824486e-09,1.432613072777088e-06,0.0015649697337788073,0.017992299120205772,0.00010228825029970474
136,2.0127754523231847e-08,0.0015389639817532622,7.438807264668445e-09,0.9722352289041398,1.7816878049812012e-09,6.833251000285366e-11,5.162585485594289e-10,8.97445123046264e-09,1.164995510624827e-10,1.394968941748386e-10,2.1449147249108553e-11,2.5056255369769014e-06,5.081864894674672e-05,0.00023825524392910707,2.138353349418935e-05,4.80572576581194e-09,3.203396478989698e-06,0.0018337267882949557,0.023977246366803172,9.862352015972318e-05
137,2.056414442800596e-08,0.001370256001315417,1.1427460426900358e-08,0.9868506368298473,3.9875754616047753e-10,4.38043631964347e-12,2.1920136136947318e-10,1.2359788517544633e-10,1.458756572125574e-11,4.043318714937075e-11,5.3810887092080525e-11,5.198137234019166e-07,1.0483769168612052e-05,0.001826820924909007,0.00011517500901479612,5.852646084827065e-09,4.4399741900881355e-07,0.0008640801753265768,0.008864209182056843,9.733559819935018e-05
138,2.04474867753515e-08,0.0010881218046266306,1.5468531743106717e-08,0.9851917086865367,7.442896623007605e-11,1.618078519960714e-11,2.559192181346404e-10,3.915407016649984e-09,1.3434555918621736e-10,9.202279913649711e-11,2.415796481423051e-12,4.843488235006339e-07,1.3039865086812564e-05,0.0018486667081083583,1.9483521850912322e-05,8.478010954220845e-10,2.4076668931134367e-06,0.0007414804618583737,0.011002286261242108,9.227942043378124e-05
139,2.0400081622491766e-08,0.000817739384791351,1.980103651885924e-08,0.9895796156704663,2.387221328336675e-10,3.609110349532715e-12,1.2024472817088627e-10,1.2986509858714588e-09,5.364246616740673e-10,5.989465487761649e-11,3.364592816955522e-11,1.8712046830221143e-07,2.6458710378733806e-06,0.003825692617741349,9.207974370849005e-05,4.310935092463125e-09,2.0031632077661711e-07,0.0005382521275641561,0.0050540543855522695,8.948595910376889e-05
140,1.980958917244084e-08,0.0005705792512342061,2.310912479159565e-08,0.9781115707950945,1.1387531073752943e-09,3.883355218634679e-11,3.7543627973258173e-10,1.9719610232087063e-09,9.193995738571348e-10,1.6002183182085528e-10,5.090852702145705e-11,5.154297814557718e-07,1.1439848093115424e-05,0.002601002576524721,9.888270610112407e-06,3.206004677582616e-09,2.586072192121597e-06,0.0012985770403413002,0.017310068707943233,8.372122815262812e-05
141,1.9776838680870276e-08,0.00042269601201511305,2.685844559025409e-08,0.9894687902189031,2.60464637792304e-10,1.0778049726072955e-11,1.361908722921234e-10,4.215703238765606e-11,1.473609947334778e-09,1.4135562915008752e-10,2.4207605508306222e-11,1.0753168026277038e-07,1.8184383867286956e-06,0.0032155697833348776,7.291698341041868e-05,3.8305704600993005e-09,5.528168142800757e-07,0.0005773895232372073,0.0061599642899624945,8.014184763656809e-05
142,1.8996378877797232e-08,0.00032571189224048366,2.877074461822635e-08,0.9678030096118615,3.7310237974264225e-09,6.503717403767448e-11,5.739979459165479e-10,2.728066233907915e-09,1.7545859274518094e-09,2.2933356054184286e-10,1.0911692286997653e-10,8.27232717689077e-07,1.8068958700040023e-05,0.0011286764511047528,3.015320020422664e-06,6.949510402416903e-09,2.9156326200057694e-06,0.0022770027634252793,0.02836615877654364,7.454945297045598e-05
143,1.9247618356228092e-08,0.00030249579684813675,3.1661997988178426e-08,0.9904420260000782,1.8267832453853767e-10,1.4792709502085408e-11,1.680148909970261e-10,1.2494137396142466e-09,2.188577392188664e-09,1.612177353316412e-10,1.9677477492682125e-11,6.358514012636007e-08,1.784362660309039e-06,0.0008129502474427595,4.36456646729922e-05,3.2046976255898108e-09,1.0188344424111592e-06,0.0006376738577713154,0.007686848666758214,7.143488549908711e-05
144,1.878408297186441e-08,0.00028224502568311333,3.2942331690954184e-08,0.9713611525731237,4.026472109915502e-09,5.71807714891447e-11,5.07425311654158e-10,3.9537616362369493e-10,2.3258663226347953e-09,1.914113790864496e-10,1.1260604257236133e-10,7.523565283544955e-07,1.4166423860036275e-05,3.174056950721114e-05,1.315309876218629e-05,7.018589019972522e-09,2.319071653070251e-06,0.0021514706569214117,0.026075706135245322,6.72277273742764e-05
145,1.9210446465322726e-08,0.0002752898425127995,3.5074448235135404e-08,0.9932483630532972,2.2296314449074198e-11,9.626500675773925e-12,1.3344671988917631e-10,1.6415539307172946e-10,2.562592529964853e-09,1.2441472206744586e-10,9.623653578954627e-12,2.798381175765852e-08,1.1120690797834685e-06,8.083971422571895e-05,2.4383890299802807e-05,1.5804937181801501e-09,1.1406671560820976e-06,0.00044047856785753417,0.005862716962899198,6.558835731616285e-05
146,1.9239377167932218e-08,0.0002462038486344182,3.636463907870242e-08,0.9836771241118207,2.4442208678953378e-09,3.180911095206943e-11,2.601327317772014e-10,1.2729186777959496e-09,2.4411404157444605e-09,1.6665752818640506e-10,7.047102717783693e-11,3.831680010403573e-07,6.87369541180429e-06,0.0011015061288582573,2.662664237876359e-05,4.079524188271801e-09,1.1902053172690062e-06,0.0011626725809316164,0.013713500223981163,6.385302377410679e-05
147,1.968187524208877e-08,0.0002197875051781612,3.797944974091688e-08,0.994674701703818,1.3682524978297145e-10,5.058067254150883e-12,7.859847806618605e-11,5.801488304498045e-10,2.3127004159092257e-09,1.457917590913361e-10,5.901223887397093e-12,3.818194577296633e-08,6.162461355722653e-07,0.0013391348795044713,1.865023071018357e-05,1.9405391553615586e-10,9.840988388164543e-07,0.0002317296255305081,0.0034502367069200435,6.405970101543628e-05
148,2.004802478708684e-08,0.0001844880152740022,3.9522217001062994e-08,0.9932979691835045,8.535446591693034e-10,1.168020247197634e-11,7.298770268298592e-11,2.808416956013299e-10,1.8355384170318233e-09,1.6005709449587033e-10,3.0992102586045114e-11,1.1712466656743964e-07,2.4431333710294416e-06,0.0021299251873623075,2.7276554375909048e-05,1.4238047958095107e-09,4.657234769466963e-07,0.00035234767349507517,0.0039397769539243855,6.512621086100333e-05
149,2.0338978667576624e-08,0.00016039460529068661,4.055542456162363e-08,0.9907872214135846,1.0245634326693321e-09,2.0344368835082542e-11,1.3757823839721263e-10,7.425638978879306e-10,1.4636928201581225e-09,1.4196589744661847e-10,2.5691221773215018e-11,1.0888889103266247e-07,1.92916919379294e-06,0.00168694447459613,9.75308010493771e-06,1.0836585959386788e-09,1.0872532847506481e-06,0.0005189390737297967,0.0067667662380260715,6.679026883665399e-05
150,2.085495372022056e-08,0.00014090875632644353,4.2189401333127676e-08,0.998083390204991,1.3348310114587722e-10,1.917100900677004e-12,9.007394762353526e-12,2.538785320802918e-10,9.086243956230493e-10,9.290687576252088e-11,1.1455694140809095e-11,2.739122235233511e-08,1.2154090591391418e-07,0.0011402158631570673,2.8187990578408518e-05,3.0086169687555706e-10,2.669739975173107e-07,5.209404809723453e-05,0.00048475707427463304,6.996539995920569e-05
151,2.079724487345439e-08,0.0001237955252092908,4.25586263825726e-08,0.9841273074685695,2.124565298217964e-09,4.079309029955596e-11,2.9353659884831364e-10,2.140664291509455e-12,6.743074916991891e-10,8.461092844880765e-11,5.2704678120540115e-11,1.622653568401334e-07,3.2983917968309435e-06,0.0005778198746795493,4.178871882855245e-06,3.3680720041473063e-09,1.4615468842275032e-06,0.001128264400315047,0.013961574315639727,7.206734306433474e-05
152,2.1283168562409482e-08,0.00011637501331814223,4.405285971966645e-08,0.9997158471346907,1.2347122862955478e-11,1.0926108521722819e-13,2.1187618516035498e-13,3.1485834092831744e-10,4.000381742019946e-10,4.550724796622299e-11,4.252910393909647e-12,3.918811084568606e-09,5.867424505708691e-08,6.0707270959068205e-05,1.990453280651302e-05,3.913437780833163e-11,2.52555877224414e-07,3.1756222635423773e-06,7.726752142939325e-06,7.588237239847554e-05
153,2.0883916677931114e-08,0.00011388538650011768,4.405929406180145e-08,0.982217491040432,2.308148195223804e-09,4.725866655505794e-11,3.4192660389775635e-10,8.342926515457205e-10,4.6076573239117086e-10,6.183521383628168e-11,5.826101802283097e-11,9.432856685514846e-08,1.5281224420902074e-06,0.00033559317455689744,3.174252698279085e-07,4.1483388605351086e-09,1.5038606823251688e-06,0.0013017679167989101,0.015950551579321324,7.719396139257005e-05
154,2.1149693933270972e-08,0.00012921682100952624,4.5204760086147886e-08,0.9989667446141022,2.4271697877020335e-12,9.296635812760623e-14,3.0352938570012826e-13,2.1906472107440125e-10,5.847690443013181e-10,3.405224609259331e-11,1.7818607431870794e-12,1.4940682688342744e-09,6.116604585135369e-08,0.0007907269033202063,1.6749062025879714e-05,7.594280696540009e-12,2.2398668547593559e-07,1.6222805374895255e-06,1.4502061381958807e-05,8.008440628309116e-05
155,2.06644617770541e-08,0.00016016019092516284,4.5192495114312636e-08,0.9874938459873808,1.4521004481712312e-09,3.156113646640702e-11,2.1764323078857832e-10,1.3348412454444624e-10,7.825685729523616e-10,4.5127880386235897e-11,3.765865157958902e-11,2.7498383352581e-08,5.637993965448763e-07,0.0011517354128274808,2.8761498142296988e-06,2.6925934132320054e-09,1.035308003221952e-06,0.0008354699366650161,0.010274489302885416,7.972516402481402e-05
156,2.065032053327054e-08,0.00020537061952972583,4.5901624610896793e-08,0.9979012760380959,2.001691531708211e-11,2.018686302702908e-13,5.255359687611368e-12,3.7637991809316537e-10,1.089501601010574e-09,1.5518444953670233e-11,1.8145291295044252e-12,4.062947866657153e-09,9.193202641730075e-08,0.001597273220921812,1.5904517961064168e-05,1.2959444285369243e-10,1.804213679077533e-07,1.8111287293328396e-05,0.00018087031388106423,8.084939574733208e-05
157,2.0299664795022115e-08,0.0002555018464511202,4.595216391307724e-08,0.9946832212296887,3.665476715946755e-10,1.1133267950555326e-11,7.531752062000451e-11,5.83416652883611e-10,1.1771266474249394e-09,1.836511304187582e-11,1.1891858640018908e-11,2.837450139482541e-08,4.98985724380688e-07,0.0010448150458115869,5.409678886783136e-06,8.765415452173705e-10,5.208025749265716e-07,0.0002861457169942901,0.0036450204358802365,7.876851131796177e-05
158,2.015202735442189e-08,0.00029485720036298026,4.613148942646982e-08,0.9974656038756019,5.223389875320764e-11,2.2581652617412395e-12,2.7061473082758463e-11,2.353981881275937e-10,1.353715761400915e-09,3.3681840099286915e-12,5.0570788507043954e-12,2.5108052253634532e-08,2.392915493371676e-07,0.0008856179454082625,1.0557187198001252e-05,6.154805994494412e-10,1.9493857367891076e-07,0.00010231018268128701,0.0011621458135154293,7.837987896642349e-05
159,2.0023365718159744e-08,0.0003162295213706659,4.607457236128123e-08,0.9982577551144391,1.0859280252032396e-11,2.4492998180777035e-12,2.0754412292972122e-11,2.3852973505582607e-10,1.322606885677497e-09,8.57349029730568e-12,5.593787064593559e-13,1.246461690699335e-08,6.173774987245913e-07,0.0002700036048963452,7.33554067799874e-06,1.1832058096601932e-10,2.985486697310725e-07,6.844115812146829e-05,0.0010038443025387066,7.539454657899595e-05
160,1.9945426260532238e-08,0.0003153150470829755,4.5880855585837185e-08,0.9961101535417153,6.899663673082498e-11,6.310367109934423e-12,6.611395712997765e-11,4.5038496902649203e-10,1.3511840213434902e-09,6.925859867919437e-12,1.081495589494636e-11,4.9781321569379644e-08,7.743560053852715e-07,0.00019757746149044018,8.51327525534628e-06,1.387586761307812e-09,3.118159471171107e-07,0.00025604274324216426,0.0030366744385376394,7.45183648027592e-05
161,2.006243320558989e-08,0.0002990558610541977,4.5741755334046605e-08,0.9981370440537494,7.394796289546289e-11,1.4904129027271593e-12,2.004261846474146e-11,3.61484150069649e-10,1.3432599793066308e-09,1.584837548607909e-11,8.703460300893029e-13,1.0972092779276674e-08,6.648316027625428e-07,0.0005047084845088371,4.4471144692733435e-06,1.2187732134251044e-10,2.2619624233125206e-07,6.677188166636871e-05,0.0009151280455184237,7.187481608603429e-05
162,2.0133212643205315e-08,0.00027708858566593474,4.5466703775687125e-08,0.9945176123018459,9.156853782572364e-11,8.77509086751733e-12,8.931975339240425e-11,1.6279855146596195e-10,1.3017084479595609e-09,1.0440986705823632e-11,1.2815393360661824e-11,8.07406271348177e-08,2.094325656116922e-06,0.000650137998736389,3.003429759368891e-06,1.7215935006954932e-09,4.0499932364286674e-07,0.0003410743990987111,0.004136889177370312,7.154504297963285e-05
163,2.039751980952646e-08,0.0002632588108730096,4.543566389358299e-08,0.9976350292758573,1.3607184490853427e-10,1.5348198647172585e-12,1.8981780463426725e-11,2.9858704751222886e-10,1.24998941717943e-09,1.219382132851016e-11,1.9420142977416202e-12,1.6290285271144372e-08,1.9800199496672504e-07,0.0011313300104642517,4.8251118918600584e-06,2.0458738591441128e-10,1.4171802020924161e-07,6.73695177481499e-05,0.0008275828904164906,7.01806153767962e-05
164,2.052889638168297e-08,0.0002588950650546499,4.530160419091446e-08,0.9953119317575774,7.092223167958894e-11,7.594336110639226e-12,6.865343887828926e-11,7.303676749756889e-10,1.0956235855592437e-09,3.0864732885161067e-12,7.436208099475851e-12,9.844948437618633e-08,2.1089990087523413e-06,0.000952422194830617,3.0085091584284933e-07,1.193550524630313e-09,3.4375698336273076e-07,0.00025342237979988783,0.00314960994584454,7.079759276538816e-05
165,2.0734474285600966e-08,0.0002686151378839893,4.549396034240574e-08,0.9983719072473474,9.304444745034698e-11,5.096329995310249e-13,1.012577965040041e-11,2.569551536985913e-10,9.360037574047608e-10,2.6707034560424343e-12,1.468174949093732e-12,7.882916508680551e-09,9.554903091646513e-10,0.0008163235893744825,5.819916773827315e-06,1.9025527811122472e-10,5.591289855641916e-08,3.96594202698687e-05,0.0004266975479513237,7.084466962632347e-05
166,2.0794521962430573e-08,0.00028221106900360083,4.5510720334876256e-08,0.997678799965375,8.476371867272559e-12,2.6087277480345335e-12,2.912709457257687e-11,4.028013112941991e-11,7.923235294418725e-10,4.026929722774353e-12,1.4235495742512352e-12,4.38702675143996e-08,6.697247489415059e-07,0.0005555118472491201,4.848377479647947e-07,3.9637569682886974e-10,1.9915904061327086e-07,9.974444822825982e-05,0.001310238225133147,7.202927332117086e-05
167,2.083131556622481e-08,0.0002952514454826392,4.574312605345548e-08,0.9990724706448055,3.190945154348195e-11,1.953879829411094e-13,4.89570284415869e-12,2.3180941956057426e-10,7.068031216119105e-10,5.766495549680019e-12,1.0642631317508386e-12,2.0333391959679016e-09,1.3505494322404307e-07,0.00033065897030788846,3.2558278116299194e-06,1.636367408745219e-10,1.8376185327814153e-08,2.2276130304535047e-05,0.00020297657780966386,7.288721848827136e-05
168,2.0785459646318215e-08,0.000301531218563098,4.576597351302449e-08,0.9987127753352039,1.2563142246140685e-11,8.049097309559888e-13,9.834996455220864e-12,4.881904489753889e-10,7.66252286771402e-10,9.271858643970646e-12,7.722233938218431e-14,9.871556517365054e-10,3.694418007805175e-08,0.0004593300369295943,6.553819455076764e-07,3.105769088404617e-11,1.0690038255007208e-07,2.848668648380178e-05,0.0004231180845767355,7.389055509329716e-05
169,2.0718782213359842e-08,0.0002981286406273403,4.5886929854672926e-08,0.9988000569780819,1.817241653415458e-11,2.478692019216343e-13,5.343245691539191e-12,2.954891042265858e-10,8.499317407314489e-10,7.401459526292185e-12,9.356926789581497e-13,3.6647169882444607e-10,1.58220308823188e-07,0.0005769942382548392,3.038803816593981e-06,1.5826841205942952e-10,1.9874369654195638e-08,2.2264365807699652e-05,0.0002245175119671045,7.475305879238756e-05
170,2.0632954904962648e-08,0.00028914161920008696,4.585589714154603e-08,0.9984468785222596,4.881172168908101e-11,1.0215123347898466e-12,9.248007196952677e-12,1.0823589902391317e-10,1.0033092810731738e-09,4.61794625466083e-12,8.126459158314207e-13,1.334779843131819e-08,2.1525737626284004e-08,0.0007314920552047895,4.953158969022636e-08,4.640290890928819e-11,7.647498056816567e-08,3.1485966908852925e-05,0.0004257199133527336,7.50533316554545e-05
171,2.056838318308577e-08,0.0002771456394448529,4.589155012027785e-08,0.9985045029187972,9.96148653165748e-12,2.5559838193527866e-13,6.453989681837434e-12,2.3991541655452826e-10,1.1105916815817755e-09,1.138803984991348e-12,6.128100783203352e-13,4.814083911439408e-09,1.2890299894435218e-08,0.0008399635140396813,1.340903943011837e-06,1.39909016339768e-10,3.068006495734725e-08,2.4083625001806897e-05,0.0002773941047883074,7.545294076405891e-05
172,2.0519633596520548e-08,0.00026723452117025505,4.585232863249422e-08,0.9985296676670413,7.284263000204479e-11,1.3620200777649913e-12,8.24875593366806e-12,3.895458121706037e-10,1.149581365073076e-09,1.1022667978683108e-12,1.0826106188471504e-12,1.0791301968598431e-08,1.586684000799226e-07,0.0006979088489071812,1.3663610604281624e-07,8.223486615300894e-11,4.68513816148146e-08,3.171346609125587e-05,0.00039797194116619397,7.50825304709959e-05
173,2.050960428120034e-08,0.0002622990630557209,4.5855339716151396e-08,0.9987843374627966,1.371877139826758e-12,3.0274581609514323e-13,4.587381910097953e-12,2.434683009496489e-10,1.1737973118743417e-09,2.0017999100773513e-12,2.0437873876200265e-13,5.710405993959402e-09,3.0503826084148624e-08,0.0006639861401657553,1.9852181452917875e-07,7.737807055271444e-11,2.6230930721922064e-08,1.5953816900033327e-05,0.00019803806993192943,7.505661211688258e-05
174,2.052092896139681e-08,0.00026202229735497603,4.586874554950809e-08,0.9989199029547605,3.786583914452143e-11,5.17743800906425e-13,3.629769838254678e-12,2.0042348508836432e-10,1.1176845937720205e-09,4.297191296536778e-12,7.514548627994845e-13,9.917736623465697e-10,2.66623122796423e-07,0.0005500414996555757,4.2106096442603676e-07,4.6136706759304065e-11,1.687189245794864e-08,1.4907248422267157e-05,0.0001778953744095128,7.445727666158379e-05
175,2.055036641406965e-08,0.00026502668309068435,4.586312609230148e-08,0.999034668388254,2.739391111160128e-12,7.336071492030905e-14,1.5288067833475436e-12,2.654783934939514e-10,1.0963586447829302e-09,3.007326309421678e-12,3.44691500764682e-14,8.026324775099044e-10,7.348576394664427e-08,0.0005563498685534367,2.5313522573251006e-07,1.6653947926034143e-11,1.2071692834313571e-08,4.841118450025199e-06,6.438451631558801e-05,7.432213065489932e-05
176,2.0580853833287565e-08,0.0002685912866446606,4.589358618212395e-08,0.9990138409228868,4.389941320603862e-12,1.1412355338251275e-13,6.399376656408032e-13,2.5746399543809297e-10,1.0535403616497681e-09,1.3251916490888384e-12,2.4943982910723704e-13,2.407641215005165e-09,1.0162070372684118e-07,0.0006082695730888058,3.466971453514826e-08,1.0848476202835148e-11,2.401366255797462e-09,2.916883571372613e-06,3.224906384943259e-05,7.39233675214265e-05
177,2.0603696930774816e-08,0.0002709198349681897,4.588348736503271e-08,0.9990209187869925,1.4420616485303e-12,3.176266387444466e-14,2.190532319666722e-13,2.3669330488925274e-10,1.038560114294752e-09,4.0235695749832094e-13,4.447846409927038e-15,1.7967124761926845e-09,7.59610492206402e-08,0.000624311093979323,6.26815360811211e-08,2.2413139409590768e-13,2.7623195685410027e-09,6.206700890355742e-07,9.125222129642979e-06,7.389342546265483e-05
178,2.061463809447306e-08,0.00027160003420697383,4.5891249072898495e-08,0.9990060361588708,9.631029493252513e-13,1.2084478559791607e-14,1.3997211438434481e-14,2.393328261660907e-10,1.0288219443728381e-09,4.126627027215737e-13,1.704699861662598e-14,2.0830553741422495e-09,4.167835668426107e-08,0.0006472882829643835,8.513372585525215e-08,6.115689911151063e-13,1.9611014630796798e-10,1.0321614436772282e-07,9.809146423390556e-07,7.379452584975933e-05
179,2.061705387135885e-08,0.00027153448636047244,4.588959579357491e-08,0.9990137466899939,3.766777869229672e-13,2.6065642102037536e-15,1.6456072007808865e-15,2.4082012768126536e-10,1.0275577380479414e-09,5.419080912658915e-13,1.1887692375140651e-14,1.5160927294095238e-09,5.291317613920872e-08,0.0006406937452715928,4.7249954579742166e-08,6.443705692998999e-15,1.8043771148176276e-10,1.6874566329904289e-09,4.0142667818032154e-08,7.381361261999664e-05
