,00,02,20,22,50,01,10,08,80,14,41,05,12,82,45,21,28,25,52,91
0,0.0,0.0,1.0,0.0,0.0,0.0,0.0,0.0,0.0,0.0,0.0,0.0,0.0,0.0,0.0,0.0,0.0,0.0,0.0,0.0
1,5.807742012296654e-15,2.1492409772252526e-21,0.9999981727028845,3.670808423941121e-21,1.4342507207396545e-06,1.2344600237300907e-11,9.922722416017067e-11,1.0763829007636145e-12,1.7339140829793056e-08,2.484334934381867e-08,4.327916230622894e-09,3.931689464394805e-17,4.747487227870792e-13,1.8746047502872653e-14,4.372446996951963e-14,3.461598831817241e-07,3.402584640977941e-11,1.127536569921711e-13,1.1384521417275801e-14,2.2876461328794507e-10
2,1.2294792471749994e-12,7.230364009844868e-19,0.99998060649404,3.109543205573226e-19,1.5660859925657695e-05,5.2486171980038553e-11,4.079776084594986e-10,4.447335713175837e-11,1.729207160713453e-07,1.4279904748886045e-07,1.4544449540359736e-09,4.0511074111996915e-16,5.352554837562961e-12,2.966707614343659e-13,4.692558990818909e-13,3.4110508626002746e-06,2.342868195247657e-10,2.9259440987374507e-13,3.0339718922925065e-14,3.6740680082493297e-09
3,2.6541420597553435e-11,1.258981650623904e-17,0.9999753112294313,1.5807503047032254e-19,1.852670047538932e-05,1.5388726491254045e-10,1.150454289515555e-09,2.9345574331661076e-11,8.4580532331667e-07,8.522640231937538e-07,3.244442433086536e-08,5.661612581079515e-16,6.347036958571759e-12,1.4594039966629508e-12,1.0259666447180253e-12,4.410440511501969e-06,3.8638575186587455e-10,1.0209540342300867e-12,1.3259401229068805e-13,1.9359211080875443e-08
4,2.165771988013281e-10,2.337086252040434e-16,0.9998449490605288,2.2295961130825895e-18,0.0001262507328383462,5.936754549026072e-10,4.4037764880301415e-09,1.46024340129518e-10,2.1644247575525724e-06,7.399783421441112e-07,1.3910637808902528e-08,2.9598195805875958e-15,4.2369491210198034e-11,4.356115902637149e-12,1.2429007238500185e-12,2.581413524509024e-05,5.576491894813063e-10,1.5100179275978846e-12,1.9561527938695425e-13,6.179027022563925e-08
5,9.684652142100441e-10,9.133824246338325e-16,0.9998971260299908,1.935645112037273e-17,7.999472255085574e-05,4.357469056022123e-10,3.3156392335337425e-09,1.1151046167519423e-10,4.166286124935224e-06,1.674654720029524e-06,6.866872482179607e-08,2.031494644624335e-15,2.6753916337075528e-11,9.949729360173293e-12,1.8481980002131095e-12,1.6807795191434428e-05,1.2855423225032662e-09,2.6760389041538063e-12,3.2375252058989646e-13,1.5568423815530873e-07
6,3.2547502273696882e-09,6.737862906950931e-15,0.999630010514187,9.946188083924825e-17,0.0002976238296852468,1.5875692034132678e-09,1.1960721971701064e-08,3.8460616056700624e-10,7.337603305119071e-06,1.6035824991110743e-06,1.0037586305250494e-07,6.973148538137376e-15,1.0095910795652837e-10,1.8607458512614466e-11,3.573797483705225e-12,6.297574674120239e-05,1.6880092441330418e-09,4.338232212948715e-12,5.138995784409441e-13,3.293440551307885e-07
7,8.375324722329097e-09,1.6998354544016327e-14,0.9998166651290801,4.153162745748648e-16,0.000143902983560685,4.2815050314999835e-10,3.2149750959942857e-09,2.9986255816903594e-10,8.458881434591762e-06,1.972931374679112e-06,9.284401509030852e-08,2.9739865719835255e-15,4.860544118789448e-11,3.0943485790286316e-11,5.359176525157009e-12,2.8270882938444385e-05,1.954303818498151e-09,4.497209474241726e-12,5.295677691806382e-13,6.219850242673129e-07
8,1.9933274734851128e-08,5.3715911870687883e-14,0.9996109283488258,2.9016011665337943e-15,0.00030196916541991444,1.9022040052725244e-09,1.478505189540188e-08,3.5654660427975125e-10,1.3306700755998214e-05,6.549322675936003e-06,3.052629362779449e-07,7.691801624012863e-15,1.0312101272228371e-10,4.544195905106115e-11,5.492876214380893e-12,6.580903313484154e-05,3.5425029634281165e-09,9.056810316972778e-12,1.0871366233981417e-12,1.0914824069368085e-06
9,4.031396777747933e-08,1.096989538735456e-13,0.9997834830985174,4.944392302157355e-15,0.00016930408098173353,1.138861300506546e-10,5.590021389600654e-10,5.584530666569623e-10,1.0652159849876092e-05,4.917685476438744e-06,1.3916839675188198e-07,3.178498241167156e-15,5.882744311053517e-11,6.256715417837069e-11,7.892780994739969e-12,2.9691774520927026e-05,3.755502912378819e-09,6.811772773760721e-12,9.031892574837693e-13,1.766594324444885e-06
10,7.733704934038657e-08,2.471182784727177e-13,0.9997733152032094,2.3974093141632862e-14,0.00015559368235639563,1.378420967633013e-09,1.0639450232147418e-08,2.3101116162833177e-10,1.862435844633189e-05,1.1777752075078564e-05,5.813050599851469e-07,4.377580346719332e-15,5.1120373894798585e-11,7.868277742988083e-11,1.1000218991088091e-11,3.723166836201493e-05,4.944757765169153e-09,1.5070467633606598e-11,1.7570769646151934e-12,2.781341894042053e-06
11,1.2921664274973698e-07,4.643206547874335e-13,0.9992548756348246,3.0291201280616183e-14,0.0006002392510791781,2.5051134780737776e-09,1.8917806472455644e-08,1.0165309746566182e-09,1.1501448519608986e-05,5.10493260187904e-06,1.5336598762952556e-07,1.406609253509864e-14,2.0657628058786082e-10,9.490500637164177e-11,1.4037705219362911e-11,0.00012386093904310873,6.4388008705518276e-09,1.1703341124549291e-11,1.499828371416017e-12,4.10600381883871e-06
12,2.1334323617873074e-07,9.101326725232448e-13,0.9999003961781902,1.004625390168125e-13,3.714916532244469e-05,7.215387087933531e-10,5.581429896460059e-09,2.7243403774300623e-10,2.868429673128453e-05,1.576652081376324e-05,8.672593368023641e-07,1.3993093719721467e-15,1.2171852242154192e-11,1.077383230688175e-10,1.4688413410134395e-11,1.0907603875334954e-05,7.911224410563825e-09,2.147200446016812e-11,2.447883063250422e-12,6.000986335922009e-06
13,3.258951881215183e-07,1.5949199452246984e-12,0.9975572781319458,1.0007706165186657e-13,0.001998844997465859,1.1574649517729947e-08,8.890065347845472e-08,2.6086712540777926e-09,1.5205911753238732e-05,4.081679720188932e-06,4.638112929466786e-08,4.933414129332948e-14,6.745354398036277e-10,1.1868435592230572e-10,1.8505596541010458e-11,0.00041573613478783556,8.829924631445088e-09,2.0959945267822935e-11,2.606169790281699e-12,8.36811707499421e-06
14,5.199448543838827e-07,2.7846776401996037e-12,0.9998868808557327,3.129938750819876e-13,2.231020960834783e-05,3.158859647892023e-10,2.415267726207391e-09,4.293304119376015e-10,4.7369675355745543e-05,2.4300837953678916e-05,1.1432953177167919e-06,9.772969218961012e-16,7.456008739077309e-12,1.283455417088743e-10,2.4684855705085766e-11,5.910946860461292e-06,1.1709450560562295e-08,2.811078475678846e-11,3.4080816612038632e-12,1.154916927786914e-05
15,7.964232401784238e-07,4.81092713549263e-12,0.9956190808933452,3.0443466250000693e-13,0.003581509423013524,2.0339784934144214e-08,1.569605402337908e-07,4.069171764777484e-09,2.6435091992389895e-05,5.268127990626628e-06,4.783730398573948e-08,8.983298887631074e-14,1.2090439631360235e-09,1.3712105192207292e-10,2.7430060148321612e-11,0.0007511574867713303,1.3460766967077668e-08,3.335545137947972e-11,3.994618608082501e-12,1.5508469928846912e-05
16,1.2071836601265453e-06,7.522829374196864e-12,0.9998161856378823,8.029739674621293e-13,5.415532884908454e-05,1.4027696677269867e-10,9.00809537395959e-10,8.312958560664817e-10,6.742647231393456e-05,2.9057155917263217e-05,1.4527032875545182e-06,1.5245084085427624e-15,1.7521564282676676e-11,1.5085984378139462e-10,3.062179121997324e-11,1.0056653855788533e-05,1.4563662003245185e-08,3.647135873651917e-11,4.422057724183401e-12,2.044217996607457e-05
17,1.7766726610265857e-06,1.2454463714978161e-11,0.9957090289776293,9.73586064642174e-13,0.003470355161741086,1.551760878386714e-08,1.1518644079674855e-07,4.188947813173508e-09,4.6659986424517794e-05,1.4409195719842411e-05,5.136950771496844e-07,9.022223930076952e-14,1.1867181239286204e-09,1.6895095664493996e-10,3.666494621612111e-11,0.0007304106017408615,1.8752787743220656e-08,4.4825408240838185e-11,5.08614866269642e-12,2.6690607457510343e-05
18,2.4816837251752346e-06,1.8268670357771722e-11,0.99963320935382,1.8328281162050253e-12,0.00017334005210382296,4.858537479899719e-10,3.4168150980473466e-09,9.89078812543302e-10,8.187724525913932e-05,3.894980355018863e-05,1.906988402217643e-06,5.058735961418445e-15,5.824771518764985e-11,1.9702164926645752e-10,4.576223246967897e-11,3.425607398562235e-05,2.0234943713036617e-08,4.978968553930193e-11,6.041472190416241e-12,3.3953295493378516e-05
19,3.449686056540503e-06,2.8591142602379907e-11,0.9976396978203221,2.6634093959281407e-12,0.0018288718374097933,3.921035543336675e-09,2.4843490478554253e-08,3.389239044336427e-09,7.183392920711913e-05,3.536122502841871e-05,1.3179592998576674e-06,4.859323670172464e-14,6.221133776757789e-10,2.379100314564111e-10,5.079292686427453e-11,0.000376157065876133,2.220703219222508e-08,5.270179431742155e-11,6.157686313985517e-12,4.325511502462642e-05
20,4.600598105107538e-06,4.011694159815284e-11,0.9982798885886596,3.757321943326751e-12,0.0012426293962898237,6.333061407506691e-09,4.5161686961480886e-08,2.1052811998299416e-09,9.333838661572414e-05,5.195571607402457e-05,2.371857589065358e-06,3.964963217045341e-14,4.268199772220868e-10,2.866400472776594e-10,5.3882693492628677e-11,0.0002714876401671112,2.7551281475885394e-08,7.021713799457693e-11,8.740566219593934e-12,5.364577497375228e-05
21,6.078693031171037e-06,6.132405641699814e-11,0.9988296135715042,5.710651432152e-12,0.0007983533129646849,1.978882420564704e-09,1.5982903888712742e-08,2.8064671251538147e-09,0.0001021927062511265,4.771639447068377e-05,1.9700014332868445e-06,2.1166379930650567e-14,2.6875102818649446e-10,3.556755811677513e-10,6.681243014355506e-11,0.00014725670935645307,2.8551596026704418e-08,6.161302882919885e-11,7.281090906126168e-12,6.67684639495505e-05
22,7.779636780789522e-06,8.407589951841093e-11,0.9939467554492806,6.587228488747954e-12,0.004788461320987846,4.120286950452839e-08,3.244812581738348e-07,5.359729312471921e-09,0.00010044369689144265,4.474374362743227e-05,2.17615754919659e-06,1.640683092499107e-13,1.6216267060607562e-09,4.236100838957983e-10,7.420667494087954e-11,0.001027852749581283,3.359240890559471e-08,9.361403855228733e-11,1.2046342254042756e-11,8.138029310435926e-05
23,9.95862987768153e-06,1.280828522997877e-10,0.998312176999057,1.1205659458367773e-11,0.0011442223726843956,2.849235921446923e-09,2.0097282147166024e-08,3.5464253485159043e-09,0.00014981997584182744,6.367759056524455e-05,2.74427956790836e-06,4.019041673702592e-14,3.886144064427628e-10,5.11812098724256e-10,8.38695345109793e-11,0.0002182836064862654,3.727582609891416e-08,8.24349349779668e-11,9.465894054425714e-12,9.905156162449463e-05
24,1.2366672173845787e-05,1.7512170590364468e-10,0.9877951990853269,1.0336698195631068e-11,0.009867166815947048,1.200581563887802e-07,9.936558665974302e-07,1.069140284447253e-08,0.00010161893599775921,2.98093875544518e-05,9.850942318240909e-07,3.850830059051894e-13,3.3233984880119264e-09,5.92149203964537e-10,8.725713196483062e-11,0.0020725754605695305,4.2378393619825405e-08,1.1003671862442773e-10,1.492335670369507e-11,0.00011910745077122552
25,1.5965822998080913e-05,2.566343106663793e-10,0.9977024753544643,2.1999646836874582e-11,0.0014917023647981332,1.5201765540902412e-09,7.22770512282456e-09,3.3003107622567413e-09,0.0002196010350659253,9.98723179928413e-05,4.48840362423752e-06,6.796378666232162e-14,5.131168530677758e-10,6.806481105562307e-10,1.0349947119441649e-10,0.00032376869221333526,4.4996294202826045e-08,1.210023648130425e-10,1.278376783342142e-11,0.00014206725460369992
26,1.9721821480820017e-05,3.524647942957147e-10,0.985947701665866,1.8661586689403527e-11,0.011344332832216399,1.5246447760881485e-07,1.2977357072628065e-06,1.4315719427383303e-08,0.00011830803972652805,2.553675656461881e-05,2.9068372097857136e-08,5.487900047126853e-13,3.8573201549539836e-09,7.664617045763273e-10,1.1795249345984764e-10,0.0023742639637056966,5.133687240210053e-08,1.1284183770592566e-10,1.474803021874776e-11,0.00016858475829200994
27,2.525091825579162e-05,4.930335125676284e-10,0.9977767273298517,4.2161907464774015e-11,0.0012515030202045344,3.662539177842555e-09,3.331832488769662e-08,1.7732536807571146e-09,0.00029690823852883993,0.00014076134815245,7.20584554216497e-06,6.982444013958995e-14,4.086919178766202e-10,8.386290900131739e-10,1.224559583532677e-10,0.0003038505001069081,5.681441748603439e-08,1.7136897363837611e-10,1.7335040253051246e-11,0.0001976951370763845
28,3.068839039778426e-05,6.757448996632677e-10,0.9907456039767346,3.7962059262915025e-11,0.007313027746752773,5.4869757021153556e-08,4.962461941913211e-07,1.2493661217926806e-08,0.00016947807986044503,4.7604631214345156e-05,5.088727507116769e-07,4.701189804281681e-13,2.468947616018053e-09,9.293663607689727e-10,1.4247941982835282e-10,0.001461465762018071,5.609939176257895e-08,1.0723350036755861e-10,1.334952289829271e-11,0.00023099845571390406
29,3.789397343963728e-05,9.049924239109997e-10,0.9971470387917623,7.388387334719826e-11,0.0015661619743600008,6.356940191583774e-09,5.065469515296683e-08,1.0285974505739219e-09,0.0003692255715397507,0.00019147571816931428,9.986273046219358e-06,8.446604302890807e-14,5.140085261431891e-10,9.838031977755346e-10,1.4981365153142737e-10,0.000410909479003307,7.141572283158258e-08,2.2264785028851826e-10,2.4667904629065336e-11,0.0002671758888217839
30,4.489760040975762e-05,1.2303024966075848e-09,0.9942560050203478,7.043513822778066e-11,0.004293066151273696,1.4622812832082886e-08,1.8841365753497458e-07,1.1568136500524979e-08,0.00023257255208849944,8.088919778951764e-05,1.230906095798073e-06,3.60398277140718e-13,1.4272961226212358e-09,1.0840589425277098e-09,1.8432528265693681e-10,0.0007841309586954926,6.453358701287727e-08,1.1141706001980185e-10,1.4657172778109932e-11,0.0003069243522530555
31,5.437145258767111e-05,1.5917276460189298e-09,0.9934829615836639,1.154954559734246e-10,0.004412796627958373,2.2574413355918083e-08,1.5352834077134665e-07,3.1404452330985783e-09,0.0004277720305716909,0.00022025354032794488,1.1210668617945672e-05,3.2280474896343214e-13,1.4339742757229251e-09,1.1392038349619581e-09,1.7631662344880167e-10,0.0010398317408746088,8.197583036681937e-08,2.6202284428226727e-10,3.4852727202925833e-11,0.0003505363824519218
32,6.317255905496412e-05,2.14317421250615e-09,0.9890674151172274,1.1459603539168849e-10,0.008421607741970835,1.586945781688834e-07,1.462212506029484e-06,1.5719427090961992e-08,0.00029866895366956555,9.075854551778116e-05,1.5802584511874612e-06,1.0972136812416067e-12,2.755765005856643e-09,1.25062784950148e-09,2.045415477821496e-10,0.0016592147428860005,7.987401557705156e-08,1.5119595531031888e-10,2.1140036389784506e-11,0.0003958589385583037
33,7.555562476648742e-05,2.740094719754328e-09,0.9862269614115245,1.6112189624953898e-10,0.010353002241461582,1.3873593314764166e-07,1.1424708397994067e-06,1.0513779409974408e-08,0.0004539919003067747,0.00019057820860986406,9.162827461793708e-06,1.3079457612985103e-12,3.2883900964957354e-09,1.3362089680161633e-09,2.130458240068424e-10,0.002243915929164671,9.264339436202942e-08,2.725244367976919e-10,4.7111186449881006e-11,0.00044543943295231034
34,8.788197438768892e-05,3.641751388047794e-09,0.9810647360616696,1.8940959367393777e-10,0.014701433816856757,2.1208602865181065e-07,1.9149466065819425e-06,1.8621461147652563e-08,0.00043146138518175125,0.00013657254614004292,4.267988126555181e-06,3.237970445179678e-12,4.650324973087635e-09,1.4502503763816978e-09,2.39048014940897e-10,0.0030766189374275476,9.559142708875853e-08,2.415423574614722e-10,2.7982058614827496e-11,0.0004947756011400799
35,0.00010328019433084153,4.639429619622449e-09,0.9809477010286712,2.2062894091356143e-10,0.014691737407182635,4.0125496186597654e-07,3.5674431028944865e-06,1.8453777726725234e-08,0.0004675349429109003,0.00015242333432911382,4.983167063175121e-06,3.1096173161143987e-12,4.535651119494282e-09,1.5843966756201735e-09,2.5033071488976566e-10,0.003082358152732891,1.0442398247541239e-07,2.481795463792973e-10,5.317218594646504e-11,0.0005458786620552165
36,0.00012348661454487353,6.093331109280016e-09,0.9803968670687294,3.3083888750284067e-10,0.014744529784169838,9.311501411249411e-08,8.778197012121481e-07,1.5023029893241798e-08,0.0006759593399200182,0.00026497278508539,1.1336390306071596e-05,5.657316715933691e-12,4.337816802401479e-09,1.6818822846713406e-09,2.498845266697716e-10,0.003185704059159199,1.130919562804093e-07,3.6419028534812505e-10,2.8203722153681014e-11,0.000596031816578755
37,0.00014406598516302144,7.717985106523898e-09,0.9841671280003251,3.2507130658017343e-10,0.01196089567018462,4.242682229121528e-07,4.048025658835114e-06,2.052191594028127e-08,0.0005426447311289826,0.00015555416712168476,2.6509217526432347e-06,3.941372775955781e-12,3.415649833006502e-09,1.846073894035765e-09,2.9113682078933476e-10,0.0023809703500718335,1.1086392698852499e-07,2.1352091574666812e-10,4.91769486806652e-11,0.0006414726319714867
38,0.0001741828869991162,9.986557871252455e-09,0.9868184537735609,5.415377086833751e-10,0.008884049252038234,3.324164226328256e-08,3.467913046690665e-07,6.974668752344659e-09,0.0009681771492141002,0.0004105192592671644,1.9827221868022423e-05,6.338826535159728e-12,2.414191728409473e-09,1.9001488066001795e-09,2.8193322259395977e-10,0.0020380780773037537,1.340103684671117e-07,4.742513402058049e-10,2.480326138413363e-11,0.0006861757320024407
39,0.0002009444714826506,1.2443837991397686e-08,0.9887961933434639,4.842728004828361e-10,0.007962107508649341,1.1855448313677324e-07,1.610626395183012e-06,2.059073921023029e-08,0.0006789429205268145,0.00018935891290710447,2.949770245125377e-06,3.43538461834055e-12,2.077140785543374e-09,2.0343938281078537e-09,3.181495653237413e-10,0.0014498127401795925,1.1834010699439999e-07,2.0831007162986035e-10,4.892619290264325e-11,0.0007178046023540239
40,0.00023965431047402491,1.5784517912477866e-08,0.9921918956727165,7.829937588179652e-10,0.004018305335041284,3.515764637137911e-08,2.700955209620726e-07,1.8224428065462174e-09,0.001225202395449309,0.0005268966414731028,2.496291211139799e-05,5.134489231312205e-12,9.248041875658615e-10,2.0106025767499987e-09,2.869886908820769e-10,0.0010258629100197863,1.4977707041101334e-07,5.386216296695411e-10,2.4802678725952242e-11,0.0007467426115680659
41,0.00026767537229058143,1.891462643190149e-08,0.976226561243739,6.482555207507252e-10,0.018118102134483026,9.265496935340379e-07,9.069169908787575e-06,2.898199634047746e-08,0.0007750970868545166,0.00019727271685707486,2.0151187544965854e-06,1.3543557485072128e-11,4.068927208655928e-09,2.041619656621535e-09,3.2292387020431943e-10,0.003646498455390233,1.376030111330363e-07,2.5340238984439086e-10,8.534038734332693e-11,0.0007565892183826785
42,0.00032139206793086,2.392521707004172e-08,0.9928363329954888,1.0148921425588282e-09,0.003204358695078989,5.761184418298965e-08,3.734099829624704e-07,3.3995294649909764e-09,0.0014423416600572235,0.0005928577881752128,2.5513690458867596e-05,4.686237509716382e-12,6.380718310950126e-10,1.9091633406806613e-09,3.0658678501763996e-10,0.0008196312637001779,1.5879826929130685e-07,5.529440301313035e-10,3.3203764329473826e-11,0.0007569502347192032
43,0.0003476153399462322,2.7177172170873033e-08,0.9485269384657948,8.17239743512354e-10,0.0407791159440371,3.147344120787309e-06,2.930958142673256e-05,4.5142486534728e-08,0.0008925119741607561,0.00017502301429563218,2.4915525442829557e-07,5.112164449890678e-11,7.258494114750486e-09,1.795455870103589e-09,3.1547407316545796e-10,0.008508652825056506,1.62947699054837e-07,3.408657956603466e-10,1.6695938663201407e-10,0.0007371903429385452
44,0.0004270662254068099,3.4552147855172604e-08,0.9905712844998007,1.2251523701006692e-09,0.0049362033834558375,1.9932491846261645e-07,1.761447904099268e-06,8.69909336857438e-09,0.001670334578898431,0.0005931194927451575,2.30259108922971e-05,6.439278484673321e-12,7.668410281532294e-10,1.561401039879533e-09,2.9315226970138593e-10,0.0010772332648458117,1.6944090135784156e-07,5.266079693112497e-10,4.6214919584417233e-11,0.0006995547531814393
45,0.00046261406668869333,3.803592140019554e-08,0.9353304160127517,1.0895736705093751e-09,0.051091308569093774,3.974498919029438e-06,3.7247541115045896e-05,5.073646611721043e-08,0.0013240821028562121,0.00027562740820172684,5.3124475746418495e-06,9.77773011767024e-11,6.992325437281236e-09,1.3548893359975853e-09,2.899202418826255e-10,0.010824647168988845,1.8309534461420666e-07,4.460800306837005e-10,2.430533885192459e-10,0.0006444878024586501
46,0.0005663637233830353,4.723685826938811e-08,0.9899908731018812,1.4186140765848789e-09,0.005206284232351196,4.337940489809189e-07,4.3485587290126274e-06,1.322203417191237e-08,0.0020079210503777707,0.0006116924033565462,2.0717160172299782e-05,7.500039755236073e-12,6.35645058505414e-10,1.1314016473137224e-09,2.9532344761697655e-10,0.0010200446116701185,1.8269899566303465e-07,4.968757399968769e-10,5.349268135793898e-11,0.0005710741672886474
47,0.0006351126868698213,5.150714830082329e-08,0.9513358642639165,1.4273647906911265e-09,0.03686824395957852,2.4361501923394406e-06,2.3539420576377398e-05,3.5950849638679753e-08,0.002167477408471585,0.0005813419377508739,1.8488684198488132e-05,9.842579715505799e-11,3.867735669080594e-09,1.0629912715584893e-09,2.9998630384516673e-10,0.007882544483762889,1.9781298246722614e-07,5.367464177387126e-10,2.441752860610691e-10,0.00048465819627718115
48,0.0007558586724197099,5.981810435792687e-08,0.9895065549289332,1.5570002653407367e-09,0.005115050874491343,3.7694141679501585e-07,4.476329631834035e-06,1.5458141364893248e-08,0.002521775811292411,0.0007172621552795868,2.1579167542528165e-05,9.711277594512546e-12,5.151849597051521e-10,1.1541480928179338e-09,3.1053400052089393e-10,0.0009635903389115282,1.950857258908301e-07,5.349758685778691e-10,3.864214495234959e-11,0.0003932002979138065
49,0.0008750964615843108,6.439028398250441e-08,0.977087667580345,1.6294967689910614e-09,0.014521852920332493,9.531649904536579e-07,9.715975701954772e-06,1.7306304408461645e-08,0.0031391018794029155,0.0009061479739318531,3.092828589989536e-05,5.078832925716864e-11,1.4972776286432888e-09,1.7104621607851539e-09,3.398579274008884e-10,0.0031303462907118305,2.113156054122728e-07,5.923988081073413e-10,1.803664217341364e-10,0.0002978904542569992
50,0.00100085022736703,6.724141192679139e-08,0.9727137236844317,1.5446386878750527e-09,0.018396945622627794,2.041891299224356e-06,2.0301872583547164e-05,2.4494367798463584e-08,0.0030403025480961834,0.0007764831297717368,2.139503895710155e-05,5.7649798648476683e-11,2.116806353461896e-09,2.6765530177512095e-09,3.879923281269283e-10,0.0038092346909951,2.1093539400402635e-07,6.854494962459695e-10,1.3406874395323593e-11,0.00021841114020062125
51,0.0011868026178240398,7.011097461449048e-08,0.9895373330090511,1.6768186437767054e-09,0.0032348732894878843,4.622104576532662e-07,4.854424388575889e-06,1.040464238251485e-08,0.004072572488235755,0.001111199692732096,3.706074893251605e-05,1.1990666610465577e-11,4.4217142886300343e-10,4.616033155540138e-09,5.00046769667272e-10,0.0006602341150179163,2.2396106539392757e-07,6.341784171203629e-10,1.187736857174086e-10,0.0001542949271772804
52,0.0012754302495139762,6.359896564828664e-08,0.9300201912470561,1.4844678190015592e-09,0.05312465401040785,1.1407693154179233e-05,0.00010729061363166623,5.041732720820267e-08,0.003392884053841746,0.0006522878579879437,1.2660093425812326e-05,1.80200119976e-10,9.284665112286068e-09,7.236619148563604e-09,5.9363833314454e-10,0.01128025728430844,2.333575107954492e-07,8.956135314101606e-10,1.1999223500784276e-12,0.00012256984646402764
53,0.0015807424558089117,6.348332607842419e-08,0.98952049879049,1.91211337752406e-09,0.0018097640177268098,3.1943060437990816e-07,3.438779406603577e-06,9.691008309714126e-09,0.005237972548653025,0.0013285259050848943,4.217706081180069e-05,3.3501180548872217e-12,3.9494902938076767e-10,1.1404633504376393e-08,7.743216920509405e-10,0.0003487549896379479,2.3568468955515828e-07,7.105849071262385e-10,9.029745044882772e-11,0.00012748187250160732
54,0.0016120870077622077,4.826048974135811e-08,0.89098834461842,1.8765411302118282e-09,0.08443895430582785,2.5107898262226515e-05,0.00023623537176677755,7.659146938168289e-08,0.0040927413579632055,0.000552565540020106,1.6777055622097608e-06,2.3184862950071893e-10,2.2695282868936547e-08,1.643752390133659e-08,8.992984429937133e-10,0.017881559819398395,2.5415854460117513e-07,1.045428698284437e-09,3.3350601257436357e-11,0.0001703041452386789
55,0.002085429887361589,4.380988333087855e-08,0.9866845679969953,2.946203934428271e-09,0.001834823327454947,3.6409654444973177e-07,3.1383801737653488e-06,6.723452699711973e-09,0.006967470373583202,0.0016788379090921578,5.234149996573715e-05,4.499248905259943e-12,5.449452594676785e-10,2.3211315262356868e-08,1.1414961833135954e-09,0.00044411308765617,2.4960991832187135e-07,8.380551431827039e-10,8.464698669745506e-11,0.0002485845267564397
56,0.0021516145466486058,2.63645130041994e-08,0.8978744650479135,3.595936154194426e-09,0.07633277102480009,2.6306797836683786e-05,0.0002530356204335375,7.403955790133414e-08,0.006055560595731518,0.0008265598639640143,5.460438963849041e-06,1.1554675275071342e-10,2.7714093570563917e-08,3.073620021110398e-08,1.314804029671545e-09,0.016121875829216405,2.6228185682299325e-07,1.0365149904355744e-09,1.544228831064725e-10,0.0003519228810454132
57,0.0027412166110315273,1.7407481641554467e-08,0.9816250707282673,5.575709612295883e-09,0.002867274740430573,8.464722891880043e-07,5.287694134282889e-06,3.01475357079272e-09,0.00934844470804898,0.002094444016525926,6.572189470994014e-05,9.874824092219067e-12,1.0154761010099858e-09,3.924800628462665e-08,1.4893495289735363e-09,0.0007944613557052285,2.690499539552524e-07,9.82967789460352e-10,1.1939938088522553e-10,0.0004568938658848537
58,0.0029790482140333563,5.475202363668579e-09,0.9394695856306414,7.75052945109363e-09,0.038313174603069614,1.3166257590963905e-05,0.00013676393630388862,4.8468072468309314e-08,0.00931826704856875,0.001398389550307679,2.1536246026126506e-05,1.5472819303343598e-11,1.5573036103262407e-08,4.765586110897695e-08,1.6015527347173451e-09,0.00780147974900239,2.58806309742262e-07,8.502231491789219e-10,2.6664826322010096e-10,0.0005482023015476732
59,0.003558061309655755,9.958070714975188e-10,0.9663593773394786,1.0272712561986847e-08,0.01186920423009526,4.690381554047242e-06,3.763124070741553e-05,5.371983248065517e-09,0.012236828639130434,0.00242483436285024,7.365238540522643e-05,8.576602204202915e-12,4.407393677413651e-09,5.53509433932334e-08,1.553446138280007e-09,0.0028336662303042543,2.9190695745890466e-07,1.0935080918756997e-09,3.0675446852901433e-10,0.0006016826127358582
60,0.003988088693981338,4.4439806921661715e-09,0.960870363927303,1.4481058647739418e-08,0.016294182479594944,7.428963816250966e-06,8.663124472820964e-05,3.416906033140866e-08,0.013220923967994194,0.0018841295752970691,3.2811088254847666e-05,1.6906334511556014e-11,5.873985242892512e-09,6.09461116343692e-08,1.5446969270566774e-09,0.0030179726389533974,2.5787825450172694e-07,6.065936173324299e-10,4.1163397040108086e-10,0.0005970870477954515
61,0.004492786084603246,1.533340499711908e-08,0.931450715869265,1.6415594632480623e-08,0.03710491984818366,2.1726439154107354e-05,0.00019532860861111863,2.2661640599520532e-08,0.015372495340592408,0.0024736227393956462,6.480879436251065e-05,9.343647475414992e-12,1.0806903765975928e-08,6.420696053502058e-08,1.3012344264865919e-09,0.008278921961556326,3.097612275015941e-07,1.1353126572227212e-09,9.868508347619873e-10,0.0005442316958024418
62,0.0051261170162730605,4.243336769358139e-08,0.9420901859526692,2.2865225022230226e-08,0.026232404357071967,1.7461322074887045e-05,0.00018259978371633971,3.9058477807655075e-08,0.018324781884274652,0.0023356143835316207,4.161203332949733e-05,8.003951462417526e-11,5.83460018351571e-09,6.271788228107653e-08,1.1130821219439646e-09,0.005211001302300273,2.7208118431729954e-07,4.6428085376968046e-10,1.1776653589739395e-09,0.0004377741389533627
63,0.005555200371739958,6.601746844400929e-08,0.8860171516049348,2.3165308290348536e-08,0.07066341052155428,6.035135102897674e-05,0.0005646555121250889,5.287729641553897e-08,0.019340021368757176,0.002236623332799142,3.7358250686505283e-05,1.9311692841948964e-10,1.0188043488288852e-08,5.896355763670399e-08,7.721577551814164e-10,0.015207649934214104,3.1353177767126696e-07,1.172733297179788e-09,2.3719789244223942e-09,0.0003170484987212273
64,0.006627324647085116,1.1574853053052178e-07,0.9174133039467955,3.1584274905697756e-08,0.03782008655482373,2.9430907457559865e-05,0.000290305296444894,3.854244387737931e-08,0.02632072259905825,0.0031848432780565024,6.757193420826743e-05,3.2014172114946947e-10,2.820699750314756e-09,4.9190005433685836e-08,5.43771797119032e-10,0.008034159938735432,2.9902068898558816e-07,4.723933980062963e-10,2.3289901990918366e-09,0.00021171032539351779
65,0.0070800544403154895,1.3662472557747872e-07,0.8664511309516709,3.084201154027615e-08,0.07983738135983143,9.175262781274649e-05,0.0008835521800785004,7.162439218958371e-08,0.026411521413152513,0.0022243128953032374,1.4820449161985848e-05,5.395849080489597e-10,2.4576086734241814e-09,3.9461948990693014e-08,3.2695454971844157e-10,0.01684820290772361,3.0135931534406113e-07,1.2513265104898235e-09,3.2829734912041305e-09,0.000156683004108005
66,0.008753406531664953,1.9724869669338475e-07,0.9090765404246597,3.8286495655273197e-08,0.0322611531351303,3.373957276434141e-05,0.0003091369225296698,2.226341843215176e-08,0.037638464635929465,0.004405002541488438,0.00010871150405486048,5.787318937597844e-10,1.4114133696375233e-10,2.5991107854201313e-08,3.1689691882343514e-10,0.007240941345056069,3.254071918168279e-07,6.20728641085631e-10,2.6000790820161882e-09,0.0001722899322334436
67,0.009532968593869585,2.0413510665891858e-07,0.8873849810085159,3.8646404139240514e-08,0.05055784354401182,6.823135409720087e-05,0.0007015144923044974,6.174216295465819e-08,0.038344776197887766,0.0028631468397572963,1.9425530792325123e-05,4.865106887804919e-10,3.8130187074728486e-10,1.568088612804287e-08,2.974774857532519e-10,0.010267773479377507,2.832364873779087e-07,1.2248115493011241e-09,2.185768016030175e-09,0.00025873094246922667
68,0.011518732931945146,2.492967929979652e-07,0.9049104071300192,4.166794693290072e-08,0.020942616967436448,3.232190369332147e-05,0.0002622318634082877,4.912714901856637e-09,0.05131415734335014,0.005458546338506614,0.00013698271725666672,6.430078440659545e-10,5.810282584623305e-10,6.029388608122177e-09,5.06525695617749e-10,0.005041691326454115,3.402181729144016e-07,8.349501249848826e-10,2.0131402643053575e-09,0.00038166477426158815
69,0.012608378790230397,2.3910822403913874e-07,0.8981218476038766,4.390780188372436e-08,0.025750680368407768,3.8405944416629416e-05,0.00045269689422670765,4.7979634383407895e-08,0.054104592089141576,0.0036503177753229917,3.171394401999251e-05,2.03687566008139e-10,1.0960952179500512e-09,1.246154855216327e-09,5.948338568513257e-10,0.004747280039348655,2.7496666387555953e-07,1.2167470528698401e-09,8.90991656895448e-10,0.0004934753401743064
70,0.014704554871965739,2.661078596844757e-07,0.8885585998019576,4.406668087678965e-08,0.018147277390686903,3.885345271590554e-05,0.0003001189644466753,4.074035762905768e-10,0.0671379930747848,0.0059345460968343085,0.00013402070459183344,6.039070672988476e-10,1.8714707867845955e-09,2.7187526233119067e-10,7.721378605883578e-10,0.004485503415364703,3.401015577340031e-07,8.920882291141184e-10,1.8043542713044585e-09,0.0005578753273162785
71,0.01530543849156786,2.453793887133294e-07,0.8448560911954122,4.619480785423641e-08,0.04985683079493933,0.00011569172840499577,0.0011903864811011254,6.098441960946725e-08,0.07398036570834829,0.00406450243611191,3.194650693477313e-05,5.298191880793613e-10,3.819041723049093e-09,3.860716538176712e-09,8.638649593790845e-10,0.01006800278714413,2.844233681758755e-07,1.585372788391469e-09,2.5154039166653933e-09,0.0005300937138320564
72,0.01807156665852489,2.8639114931473097e-07,0.8566241132550366,4.820438189806545e-08,0.025635089774264038,6.933562821307348e-05,0.0005976766456017642,1.0315206111663036e-08,0.08677352928297444,0.005796563784821299,0.00010260849792678684,5.413411473042643e-10,3.626654907233739e-09,1.3703964579625286e-08,9.434233859440824e-10,0.005895337848448484,3.2590805321829354e-07,6.75460580240298e-10,2.5754709708640232e-09,0.0004334857390825098
73,0.01780884034635314,2.7362845529882454e-07,0.7619746193881488,4.722810247223831e-08,0.09052775578880597,0.0002563293709406378,0.0025150654282474587,8.155132964714824e-08,0.10273668100269276,0.004782292100117453,5.101479491936082e-05,1.5040680599614972e-09,1.0733747875992725e-08,2.872509938704694e-08,1.2130288288104937e-09,0.019042762461501807,3.029754856732753e-07,1.9197027963506714e-09,6.1122513659458745e-09,0.00030388372700138744
74,0.021630008178685933,3.2849991532698057e-07,0.8185526823222452,5.275467992233009e-08,0.03232334071531744,0.00011064112144945276,0.0010471220742007592,2.533099053282703e-08,0.11373533100015112,0.005418958316121689,6.319378255368593e-05,4.710932132549484e-10,5.768213187058739e-09,5.450844212454117e-08,1.3986177922419191e-09,0.00691629601538971,3.0078775960784043e-07,4.162946484211947e-10,3.3775737203551868e-09,0.0002016531603048484
75,0.02156361259520903,3.378723712037355e-07,0.7172993017161978,4.742484985929008e-08,0.09040291401647846,0.00030999141968079686,0.0029830136181067312,7.330275960856508e-08,0.14149898913319722,0.0062406878939973145,0.00010512505740412653,2.332011496514737e-09,1.8502862161258817e-08,8.880174797197848e-08,2.001779658106584e-09,0.01941662953672126,3.137620850760453e-07,1.7416771303174132e-09,7.013809314784452e-09,0.00017884225705358428
76,0.02574983092331459,3.5882117328253504e-07,0.787340414576124,5.286682189923238e-08,0.02477413803496815,0.00010060483971854902,0.001040657338440561,3.073356781951278e-08,0.15044579946383974,0.005295846034442418,4.476004982179824e-05,2.8214428590383087e-10,5.750392894427403e-09,1.3614161060650263e-07,2.3098893199637443e-09,0.004959608587472446,2.728798848528233e-07,3.7519959193616433e-10,2.5198996052428492e-09,0.000247477471273589
77,0.02683087356184687,3.909414207320645e-07,0.7145139324462816,4.6559613315580336e-08,0.05290666445506094,0.00023309254817219645,0.0021740688697372674,4.0632815411523494e-08,0.18383970608037897,0.0073081204028179175,0.00014320029017557065,2.15298181050512e-09,1.5586435892217673e-08,1.9110925625494503e-07,2.9382427891801294e-09,0.011678341066080672,3.066682053583334e-07,1.4427991103666482e-09,4.1735233535545805e-09,0.00037099807415425515
78,0.029955393183633043,3.677597780551833e-07,0.7519111988773777,4.637562402105451e-08,0.015121129680773369,6.469161701196365e-05,0.000757545108979166,2.7736471374922517e-08,0.1937475339313009,0.005105211864786488,3.825189509969615e-05,1.1003748833280148e-10,3.281442461975715e-09,2.4872236931289305e-07,3.146353631350633e-09,0.0028219429660888023,2.5356494164015476e-07,6.260885043487792e-10,1.166790741478241e-09,0.0004761483850517563
79,0.03203231711948966,4.6078040283034206e-07,0.7108969778952194,4.344363962178582e-08,0.018338241601789214,0.00010860331645977825,0.0009451857703542746,1.368095514197876e-08,0.2258511194387108,0.006946101280454348,0.00012962625612661702,1.4910694523057e-09,8.09293354362679e-09,3.004685639115534e-07,3.780819240292214e-09,0.004234437661420223,2.846755317927659e-07,1.3215661081615835e-09,1.5377927752890276e-09,0.0005162703867011061
80,0.03191940221570763,4.650862335183186e-07,0.6761803128305348,3.597133034419474e-08,0.03671335226585675,0.00021989022235392302,0.0022193444305287,4.0229696907866694e-08,0.24061236619368934,0.004142533694675857,2.0091511943139646e-05,8.508219767860812e-10,1.0325927727415845e-08,3.370924641255141e-07,4.349639356918573e-09,0.007512946714126881,2.473125029597983e-07,1.1319623988828424e-09,1.792617544370037e-09,0.0004586157773859413
81,0.03568175273684243,7.43172266194297e-07,0.6835722676164973,3.823097850066849e-08,0.003877113372207486,3.051869053527371e-05,0.00022177299404356002,4.465378589125287e-09,0.26965047911212897,0.005543038084673636,8.775649598806578e-05,7.547921638910908e-10,4.425728716867743e-09,3.5120629828092546e-07,6.16126429419518e-09,0.0009942569434241103,2.581518726974221e-07,1.185368074675614e-09,4.763636975390084e-10,0.0003396357233482533
82,0.030966727551944476,7.834071824577674e-07,0.565533387605724,2.714410817539197e-08,0.08233150630706479,0.0005664907526027781,0.0054995403706622845,7.291981095838548e-08,0.2943845566477508,0.0029812895382581145,1.7334938803583735e-05,5.9992163996322785e-09,7.074760681230475e-08,3.5186349850016736e-07,8.302202220693682e-09,0.017482272455553196,2.4548338050715587e-07,1.6924712919284347e-09,3.6960891372413263e-09,0.0002353225760698328
83,0.03762712886990189,1.3162347059074232e-06,0.6423678948597081,3.2404353074533334e-08,0.0009224091950332601,7.880296910646452e-06,4.7473399320576176e-05,4.764467564777976e-09,0.3146714421956436,0.0038467104975444723,4.8656477928901414e-05,2.1537914135481912e-10,1.4936108210013084e-09,3.366750071119442e-07,1.2500707063353455e-08,0.00025613739038880535,2.3433160261934204e-07,1.0241589914560587e-09,1.4716236074162644e-10,0.00020232702646495
84,0.03029824940251713,1.316385150553682e-06,0.48719493929534013,2.2725179996892267e-08,0.10058718028259864,0.0007381937115124695,0.007154133890406796,9.076274867883782e-08,0.3497567469957932,0.0023937407232246465,4.652482327613917e-05,1.593129989589461e-08,2.322476666058755e-07,3.389071880433823e-07,1.641947772946698e-08,0.021566226284037072,2.3761106123294277e-07,2.1546408782441418e-09,4.2330114337759674e-09,0.00026178721386913885
85,0.03826466208843787,1.9671183985794178e-06,0.6029665506173018,2.4534149040072918e-08,0.0007041479043235605,5.174272330218482e-06,4.4233366682048327e-05,5.988529754455389e-09,0.3552448106818797,0.002204962385879187,2.1196250105918498e-05,9.515845485196e-11,1.0145722368605398e-09,3.5781124851244135e-07,2.2385622604539962e-08,0.00016841932655573883,2.1619013718974618e-07,9.029918090432971e-10,1.1812249474111248e-10,0.00037324694757359856
86,0.0322130178683375,2.0244555220659407e-06,0.48343812227388167,1.9456007306861933e-08,0.07201021140317042,0.0005618685705222822,0.0054630573458200535,7.106218144579961e-08,0.3886615009495073,0.001728798342249941,5.6404578620071416e-05,1.877240901848267e-08,3.125801751649488e-07,4.236099526341561e-07,2.7354974089876827e-08,0.015398599165523079,2.2169178227281028e-07,2.100394074557209e-09,2.4277492321960666e-09,0.00046529599121978535
87,0.03773362887495547,2.5053352777316378e-06,0.5723105850236034,1.8641027408414683e-08,0.002960689639819023,2.4389804624084564e-05,0.0002098011198862701,6.428134472990148e-09,0.3847495366441961,0.0008559867054518414,3.3756255082231425e-06,4.772745956013608e-10,1.0240637998014322e-08,5.28040143605728e-07,3.358186211764222e-08,0.00067496018081272,2.0665003595516762e-07,7.413708679205546e-10,3.334618663881271e-10,0.0004737359119166411
88,0.03473251802840223,2.8248227274499003e-06,0.521343230959576,2.352200386247579e-08,0.02908582411462219,0.00024238589017929705,0.0024063924082640175,3.763384687386477e-08,0.4050150762929189,0.0006729836644468438,2.931938969063463e-05,1.0839267653154965e-08,1.950395456148074e-07,6.779748369659167e-07,4.035447704295143e-08,0.006073363173730445,2.042091997577812e-07,1.4356329119065019e-09,1.4860058959066412e-09,0.0003948887606259226
89,0.0356682721773136,2.966760222255692e-06,0.5424944535089845,2.584669487089462e-08,0.015623907400798895,0.0001381320220535826,0.0012517561370505915,1.3953122879862212e-08,0.40085742353117426,0.00019845861999684904,3.1798393588249613e-06,3.863016262094346e-09,9.331177229459852e-08,8.739484746159396e-07,4.626791645842179e-08,0.0034721571733846573,2.0748383570074132e-07,5.704000771041926e-10,1.0942977220246073e-09,0.00028802649013125306
90,0.03513092189272769,3.642431956571423e-06,0.5471816717725554,4.402754248804593e-08,0.00875312204397141,6.723196166875501e-05,0.0007594138638111563,2.2116426264493364e-08,0.4060894563719572,0.00012098225671961536,6.279340395972162e-06,4.0474621084133465e-09,8.55396648845068e-08,1.0933835733315524e-06,5.622117426330244e-08,0.001668749479991688,1.9549684172958323e-07,6.98508803397706e-10,1.4786792192566996e-09,0.0002170255743713452
91,0.032105976530955226,3.353459295992347e-06,0.5030426877357431,4.630859846397309e-08,0.045224239748398586,0.0003673086647223027,0.003451579856713378,3.8792213919310235e-08,0.40505781458540036,0.0005841022174063686,3.0193333803152885e-05,1.6633394629940534e-08,3.9763908412994165e-07,1.3834500538226748e-06,6.125761475118031e-08,0.009897371453254492,2.155149774134137e-07,8.152156776378771e-10,4.521533051892698e-09,0.00023320748162185116
92,0.03398646953815601,4.354269408825134e-06,0.5602284603627257,7.490821208639641e-08,0.010992259395754614,7.979147390178172e-05,0.0008527092292522747,2.045907034987863e-08,0.39082496880694195,0.0005145793897932849,8.942415931683933e-07,5.928570214615814e-09,1.290514677134032e-07,1.6680376173723455e-06,7.312244560261525e-08,0.002183893016774138,2.0211699169760512e-07,3.132050176024171e-10,2.726143283322211e-09,0.00032944361197497553
93,0.028989296908241608,3.6547303766938534e-06,0.47795381160203365,6.484860771612057e-08,0.07726033691961823,0.0005503754742357496,0.005300427516002164,6.889873782404883e-08,0.39123513975923835,0.0015610979387174564,5.641627296498982e-05,3.558055667982836e-08,8.55888860926003e-07,2.0447773079433108e-06,7.662233419128016e-08,0.016648476152774663,2.235744399010267e-07,1.5553259050398828e-09,1.0914287506350363e-08,0.000437584065337663
94,0.033417334689886065,4.824266717982373e-06,0.5877295577084894,1.0690684117096314e-07,0.015409019552918334,0.00011455562253868859,0.001080553159678208,1.44555203551146e-08,0.3566615061091479,0.0017840191395781624,7.117438500296941e-06,9.839893407842693e-09,1.9749990496966139e-07,2.3643886629447004e-06,8.707174951148565e-08,0.0033026045505647763,2.2194447204874917e-07,2.5754736790393164e-10,4.784955601608339e-09,0.00048590061243291346
95,0.028660456132705694,4.1926167524965545e-06,0.5136408725224085,8.269178955457186e-08,0.08031466604217417,0.0005245851705802802,0.005148732069101537,7.500335806051055e-08,0.3516985692735421,0.0025181153334689114,4.58215524920398e-05,4.0385091549758125e-08,9.871075249307338e-07,2.7357462884092017e-06,9.081110456467499e-08,0.01699739520580055,2.2684671834519282e-07,1.8213282681492004e-09,1.34913189803767e-08,0.0004423401764517033
96,0.03376820413448409,5.224386795751144e-06,0.6313986199937771,1.4147901315148712e-07,0.01435883923822454,0.00010377179967391651,0.0008627268896049528,4.264989546744885e-09,0.31182843306849467,0.003934855584563373,3.887030204250411e-05,9.671990508054158e-09,1.882198773433077e-07,3.0030770087768323e-06,9.834898614887974e-08,0.003361231685541459,2.479351445040145e-07,4.182014544251308e-10,6.5486330025630035e-09,0.0003355229529529561
97,0.03091943489853218,5.252493950224673e-06,0.6081969550505838,1.1944306189716984e-07,0.04702309007806736,0.00029611522641355523,0.0030213366233604842,5.3744890186543205e-08,0.2968407864263557,0.003823772797016908,3.0074521837734815e-05,2.4693901420109526e-08,6.303976110515665e-07,3.235774762296422e-06,1.053650339671405e-07,0.00960897220431044,2.2777188702322225e-07,1.4048837988045224e-09,8.893449121274116e-09,0.0002298021900908894
98,0.03384929823047462,5.911486699195743e-06,0.6746511282653829,1.6955778615939832e-07,0.014579446198388616,0.00010243939789990539,0.0007861273992572492,5.385144823578144e-10,0.26561961434809644,0.006478133335563602,9.468683138095587e-05,8.978013688543848e-09,1.939827734821256e-07,3.401631643502012e-06,1.1021475750807887e-07,0.003634606089969213,2.734364370074735e-07,7.928737137715426e-10,7.819769671649542e-09,0.000194441464318165
99,0.032206747466744394,6.525347539553847e-06,0.6919419653926246,1.490153547353603e-07,0.02186449461637415,0.00011582536618399538,0.0013412780389622956,3.8550996585653625e-08,0.24280980491735896,0.005340925404796971,3.7262041763954284e-05,1.1027815929668329e-08,3.3134609646366e-07,3.499548802842435e-06,1.197888645280197e-07,0.004074197942355149,2.3575486333747742e-07,1.341644038137805e-09,3.278572983711215e-09,0.00025658381228453413
100,0.03247390331180921,6.751681969915589e-06,0.7055410707187362,1.684120703337711e-07,0.02469156198762057,0.00014941479051822494,0.0012551885722844876,1.0253800921340391e-08,0.22116690450402565,0.008357837259752322,0.000146748501078769,1.423833287548817e-08,3.605548813411163e-07,3.63507233669589e-06,1.2133829367208692e-07,0.005831141973339026,2.929181773823959e-07,1.3546594073262228e-09,9.733441263700435e-09,0.00037486282287165157
101,0.03006347984669017,7.262383985796087e-06,0.7209978893752602,1.2740390007260849e-07,0.04069472510247938,0.0002013972365667614,0.0021099315090623997,4.7371608509620744e-08,0.1914286805357668,0.005836385694958768,3.5886136208655433e-05,2.404411692781447e-08,6.58696724967001e-07,3.7569328471737966e-06,1.2765270499964403e-07,0.008136596047930426,2.588449968770494e-07,2.442004825087107e-09,5.182282267437347e-09,0.00048275755990416014
102,0.029350469554201956,7.225260783896034e-06,0.7271583179800819,1.2615018647731973e-07,0.04458553596121771,0.0002131812946907478,0.0019675301493886164,3.143978286812842e-08,0.1775958228923264,0.0085966093367692,0.00015582768877434408,2.6297273532533738e-08,7.034470203294236e-07,3.970809151468628e-06,1.263111598984086e-07,0.009838892586172248,3.011215004379618e-07,1.5999744932693178e-09,1.10242628534056e-08,0.0005252890952803173
103,0.026408553942915223,7.3880109758162305e-06,0.7367020180209392,6.664621256042756e-08,0.0693441228135233,0.0003251180380567896,0.00315602885824257,5.4437405536937414e-08,0.14350708832570663,0.005407497175108093,2.6731824727764372e-05,4.453979318414216e-08,1.1315527474869132e-06,4.237367805515291e-06,1.2462775994837795e-07,0.014640376040540545,2.918948515947091e-07,2.9412853146117402e-09,4.422915623196119e-09,0.0004691185184872126
104,0.02538149414109221,7.373045298907954e-06,0.7613067765444655,5.931805930515633e-08,0.055988155838835464,0.00021229877041804152,0.002075036805736497,4.902156719030753e-08,0.13538815784275732,0.007273583121739719,0.000118667616654226,3.2356189766523e-08,8.871419579277172e-07,4.531135237973626e-06,1.233012245281045e-07,0.011892175363052211,2.959238055625299e-07,9.997835732007663e-10,6.699808549995665e-09,0.0003502950123156944
105,0.02306929442948264,7.4579949533028145e-06,0.7815046889900343,1.4075776278689016e-08,0.06606400507897287,0.00025770032429872554,0.0024009598987260673,3.9112952925069125e-08,0.10675698208177353,0.005274872414146273,4.9353994715296826e-05,4.260376878135701e-08,1.0418930841296998e-06,4.909829027068191e-06,1.1529343705063136e-07,0.014377046737731405,3.2020987285935224e-07,1.9706245425553763e-09,6.011657188779014e-10,0.00023115246545654468
106,0.021365582709960015,7.643592702790303e-06,0.8223342597591121,1.2020836302452129e-08,0.04069655943475478,0.00012471713886158978,0.0012912829253372876,4.769119209874905e-08,0.09997167858511932,0.0056899607465182404,7.842379205755254e-05,2.173791475278576e-08,6.321767789236637e-07,5.204279356559112e-06,1.16550735586427e-07,0.008260810556729318,2.8460845642851573e-07,4.037122066024957e-10,2.252058922333472e-09,0.00017275903780555874
107,0.019336143344442416,7.695120841540924e-06,0.8433177440619309,9.632769569080879e-09,0.03881044587842149,0.00011446807298522086,0.0010040864742833272,1.4748919513653345e-08,0.082828798509731,0.005509688304279054,9.476092224383931e-05,2.5240397915867037e-08,5.901013305270393e-07,5.6175290084254886e-06,1.0651588790506155e-07,0.008769731627525978,3.3288474110761235e-07,1.0644781191583703e-09,2.1942438273417947e-09,0.000199737771539283
108,0.016852955314390204,7.879729136734734e-06,0.8761203576064313,2.3494615444397307e-08,0.022439040336662493,4.9204256793175996e-05,0.0005667358463852986,4.0177233678579284e-08,0.07483131970346153,0.004626562396401113,6.152123370452452e-05,9.957698043056543e-09,3.429588468006339e-07,5.9077940486202755e-06,1.0857416250506871e-07,0.004135733166803709,2.8103940326105697e-07,5.338932960226511e-10,1.3704600711037825e-09,0.0003019745094677831
109,0.014796937748869733,7.821700877881555e-06,0.8927282531788667,6.251313463055097e-08,0.016207115066367798,3.474036529450662e-05,0.0002707265132931621,1.4529081054639847e-09,0.06603281680834344,0.005385448843455287,0.0001217127460072374,1.0768948683403536e-08,2.356578790802252e-07,6.356574987646929e-06,9.863434274771686e-08,0.003972840482958483,3.3040678448924135e-07,8.408891604654578e-10,3.630605780220528e-09,0.000434486065185877
110,0.011747335122675857,7.404525180890683e-06,0.8716367754840617,7.782469782219975e-08,0.046221836659250164,6.924381758101724e-05,0.000727818811122215,5.472496748201146e-08,0.05609369966796475,0.0035341293525917735,4.3323952510063796e-05,2.2201165100516597e-08,6.685997317371932e-07,6.7485983103210755e-06,9.665674391999704e-08,0.009380753578558563,2.920762946036399e-07,1.69176473978516e-09,3.1228360485175897e-09,0.0005297135319916244
111,0.010433665848879344,7.426497078559152e-06,0.9214541774827754,1.425474033733302e-07,0.008418043026949033,1.2237594941044561e-05,9.207865343756933e-05,2.4534758064807856e-09,0.052007522490901875,0.00472776370363324,0.00011626725631568427,4.888578941833595e-09,1.1238750254494485e-07,7.279009012654674e-06,8.795991617741846e-08,0.0021582748134555997,3.197753368800313e-07,1.0216184308234549e-09,2.8377545262930684e-09,0.0005645897510340788
112,0.00755675958582883,6.247777573097762e-06,0.8311915434912944,1.221981357504393e-07,0.09661188692808174,0.00011523436964658138,0.0011222027296243697,8.244569154897754e-08,0.040215864132132975,0.0022920609901892043,1.362999921221362e-05,4.4383755780115995e-08,1.2550461546998923e-06,7.857267258468895e-06,8.032309410824863e-08,0.020348535296686215,3.0861594008344043e-07,3.936511447303589e-09,1.2608981744234141e-08,0.0005162678742068312
113,0.007203322013093725,6.466636269330958e-06,0.9380866928267494,1.9955319304525554e-07,0.008624562274937348,7.212169431742048e-06,6.64697022287541e-05,1.0270602391187291e-08,0.03969820585367623,0.0038516293961066653,9.456718773058259e-05,3.5369550264081044e-09,1.0193532956350431e-07,8.45735945258129e-06,7.41474958814576e-08,0.0019424327845395692,3.0623000574406924e-07,1.2356410054709403e-09,2.0936476172343976e-09,0.0004092827929138376
114,0.005261568577337641,5.148510239125829e-06,0.8290062364840158,1.4219615552171037e-07,0.11058742566595742,0.00010193260893701114,0.0009675618250319639,8.49766671007971e-08,0.028501430041988816,0.0017392924009790667,7.149555647406135e-06,4.3118964019848535e-08,1.2171336565057694e-06,9.171085088170875e-06,6.396945722641445e-08,0.023524607039668518,3.1543815779902366e-07,4.914594822997778e-09,1.7262652826167553e-08,0.00028658719480292145
115,0.005344222850038244,5.317484468715856e-06,0.9525660916711662,2.0511839453214212e-07,0.00771318912690949,4.657953774119869e-06,4.974835667291241e-05,1.577780283383412e-08,0.02937819836894092,0.0031348321737933076,7.37138478822214e-05,2.234525184560658e-09,7.737135055148393e-08,9.759011067069259e-06,5.975739747958886e-08,0.001530063417484203,2.934360178276879e-07,1.1096762975431616e-09,1.3821247211664092e-09,0.00018954955051324286
116,0.004430793013367466,4.401819452297297e-06,0.8834420262938526,1.4367497687428386e-07,0.07245866940978352,5.0266207586908e-05,0.00047429697207770525,5.498311125507428e-08,0.021355544131228237,0.0020459902636446384,3.1645623469919355e-05,2.3087616373461745e-08,6.620208080900752e-07,1.0461049302260977e-05,5.042561604821027e-08,0.015547847153469865,3.055796012268227e-07,3.4543798904506608e-09,9.522529841547907e-09,0.00014680531412472852
117,0.004525174769979685,4.340585186782082e-06,0.9629086287614733,1.6313831461764834e-07,0.006872188989489953,3.859044869611386e-06,4.315938010981572e-05,1.666628859668329e-08,0.021339209117430185,0.0027519532569645084,6.377541680639626e-05,1.5087856432024342e-09,5.83425171027658e-08,1.0969890990530944e-05,4.683525237739167e-08,0.0013041571523841413,2.849459233860167e-07,7.327587755065189e-10,1.669858731593982e-09,0.00017200979461575073
118,0.004266068050240373,3.873649694174161e-06,0.9448166186758874,1.0756073655222722e-07,0.026163778425210428,1.3201627845943308e-05,0.00012677891870434388,2.400872473926384e-08,0.016292771479802654,0.002419845279655848,5.4480928751713835e-05,6.839101175237015e-09,2.043062191420943e-07,1.1553081535243517e-05,4.0094559748601926e-08,0.005575248506368313,2.862247871746437e-07,1.5804351838723067e-09,1.904092396934643e-09,0.00025510885764746605
119,0.004184875470582024,3.585608699941651e-06,0.9496057756728472,9.08618386590688e-08,0.02342499720211578,1.0211120859562097e-05,0.00010342748103894906,2.619844178053149e-08,0.014939277768639275,0.0023996511109665593,5.546014373541755e-05,5.19797401431688e-09,1.7212686447208375e-07,1.1978639874308724e-05,3.6497322549973545e-08,0.004896545468409649,2.809552667357537e-07,6.491455734858142e-10,3.438966082393626e-09,0.0003635983864116833
120,0.0042080904140690085,3.4230819909814e-06,0.9745243111223096,4.3563809296672774e-08,0.005467429307594589,2.4025977845583744e-06,2.5855378191005228e-05,1.2459636137619897e-08,0.01174125495407879,0.002363826969604286,5.757147146673391e-05,1.1352488946171166e-09,3.813388652089155e-08,1.2422124829149945e-05,3.214293227538386e-08,0.0011117620785417626,2.7022806006179524e-07,8.205755399280177e-10,2.472002757068715e-10,0.00048125176819084083
121,0.003839437821116243,2.9446149592762084e-06,0.9092206658176939,2.341520663520581e-08,0.06161686560441097,3.078288524455963e-05,0.00029729327810800073,5.32577085706591e-08,0.009481991770095106,0.0017273161789786186,3.350722763554969e-05,1.2480986538977245e-08,4.0337237428835365e-07,1.2790902447378017e-05,2.8204804439660108e-08,0.01316687786273268,2.757425964641574e-07,7.760802816664303e-10,2.2658049532035325e-09,0.0005687265210153738
122,0.004006283392927747,2.9514295062984194e-06,0.9811902457651552,3.4591668604846925e-09,0.0031948436059680892,1.5844593873792594e-06,1.6813752066903518e-05,1.0464494426590555e-08,0.008220484623214244,0.0020715411623047075,5.440574617757873e-05,5.47545327796051e-10,1.9673479642184736e-08,1.3127439803632679e-05,2.5270192997357002e-08,0.0006125122450212409,2.61512440837629e-07,6.49835574396516e-10,4.4501168623782327e-10,0.0006148843562993271
123,0.0033872975689864912,2.399119515453882e-06,0.8815679655082822,3.6507203057052943e-10,0.08854694989607992,4.7246201057556645e-05,0.0004508005734962447,7.593536908188618e-08,0.00558000262657364,0.0010002886300573837,9.043653052147427e-06,1.519932434914878e-08,5.071210202765805e-07,1.3458920834318023e-05,2.1531493496544095e-08,0.018780219311540704,2.6352839432903734e-07,8.082386514407594e-10,3.110223032064275e-10,0.0006134431905891115
124,0.003551096974376859,2.431923632562732e-06,0.9840077677628429,2.460670476192153e-08,0.0030194794958777935,1.2203673823893483e-06,1.053502603434905e-05,6.9813373485455904e-09,0.006274883318141551,0.0018105740303451078,5.475062322679526e-05,5.101652509254459e-10,1.5696506879171025e-08,1.3722709215430446e-05,1.9382656832907196e-08,0.0006886332864734069,2.5382257899289966e-07,5.211922929479713e-10,9.925253363318736e-10,0.0005645819687832449
125,0.0029018611436484065,1.9886626938411086e-06,0.9037856232069612,3.562748612526799e-08,0.07248976163092959,3.517763522008153e-05,0.00033652251270981955,6.817130431925729e-08,0.003982433919137972,0.0006908843304567385,2.0928077517123157e-06,9.963733459348728e-09,3.471564588567521e-07,1.400841297234069e-05,1.6602009894687886e-08,0.015276218741104332,2.4401439933986995e-07,8.493255073951962e-10,3.2545358632049783e-09,0.00048270135716082564
126,0.002843197882883701,1.933576388722063e-06,0.9858834928842117,9.572751183621227e-08,0.00286557786492239,9.539933747859161e-07,6.146824167853714e-06,3.121484172458373e-09,0.005552143562482221,0.0016157631981941266,5.5262211981137864e-05,4.3824924953042516e-10,1.2237431906719257e-08,1.4232569715089666e-05,1.46699790421081e-08,0.0007737456483578927,2.430668473845021e-07,5.410653199631974e-10,1.5327499770855619e-09,0.0003871784480009625
127,0.0023094389736037406,1.6861230007541804e-06,0.9526892289857867,1.0156169208756752e-07,0.03320496972732818,1.1208372919594775e-05,0.00011194236347227979,4.1914475878891534e-08,0.003923492883108785,0.0007025360411235538,8.074090836173694e-06,3.4168762136541396e-09,1.2809196587737135e-07,1.4475273604805624e-05,1.2734932941916558e-08,0.006736133313858284,2.213542789967679e-07,6.375431803232104e-10,3.60130371988462e-09,0.0002863005382884609
128,0.002022627353155709,1.5630585893433013e-06,0.9817010112441639,1.543881104165686e-07,0.007487441680901966,1.542483945057078e-06,1.2360079220413953e-05,3.962703956009429e-09,0.005265764946065927,0.0013852394916757575,5.180193894526609e-05,8.666637336936432e-10,2.6437017697843224e-08,1.4694595164773444e-05,1.0768757704830931e-08,0.0018516193131660368,2.324770353922961e-07,9.330766116953704e-10,2.216948093020907e-09,0.0002039017646920808
129,0.0016079287744719365,1.468053323858568e-06,0.9789143452590091,1.249170139946139e-07,0.012435338666970013,1.8813365673269262e-06,2.312790419687908e-05,2.831276049960332e-08,0.0038975657201601272,0.0006353966070795293,1.0548936920347511e-05,9.089497497669476e-10,3.856037369916608e-08,1.4935051414261598e-05,9.31998747949301e-09,0.002314926249471826,2.0077884085649256e-07,5.657260166631515e-10,1.079629527787684e-09,0.00014213299713360404
130,0.0012888174544801627,1.3456356501697088e-06,0.967774864626851,1.3816758808017777e-07,0.020482613779465194,2.1902799024682027e-06,2.0617446785585192e-05,1.4821646009555086e-08,0.004624664407298781,0.0010263381973214306,4.082034781706825e-05,1.9153972862784813e-09,5.734926605357377e-08,1.5177834797251376e-05,7.603147686258466e-09,0.004613106653807347,2.227354236419846e-07,1.5018670277938277e-09,3.2682967985207655e-09,0.00010899597319109372
131,0.000996702007356931,1.3087148644672168e-06,0.9748724175433777,7.377546241823222e-08,0.016914570134651884,2.671385686145518e-06,2.7230426586056615e-05,2.9450224508620118e-08,0.0032493207440885278,0.00048139900907348684,9.297145262064814e-06,1.2258803149813303e-09,4.206928830203568e-08,1.545421700055891e-05,6.3180594457505315e-09,0.0033216666730617396,1.8745663973170073e-07,7.571832706858706e-10,7.009479575274903e-10,0.00010762024530510314
132,0.0007682281605206546,1.1974356700831367e-06,0.9520519925510024,6.122434452745027e-08,0.03544308548228128,2.2692813169293963e-06,2.24499509555757e-05,3.2695153858827426e-08,0.003302588243386485,0.0006146855242443021,2.273470946982451e-05,2.8096958299219056e-09,7.72044200793267e-08,1.5728052895056227e-05,4.926082192312521e-09,0.007622914774556925,2.0581494305718452e-07,1.37182284345321e-09,2.1905238065884894e-09,0.0001317375967143402
133,0.0006003513505942539,1.1426498061930324e-06,0.9701885057084778,1.089545739173925e-08,0.02173047803699114,2.3184018439993732e-06,2.166254096851603e-05,2.6026033027064673e-08,0.0022180628066441033,0.0004669044328317273,1.3576436897317747e-05,1.4852848270584749e-09,3.9137578210197903e-08,1.6028875242043412e-05,3.729135333079464e-09,0.0045602617903307005,1.8283429562203007e-07,6.920563489667415e-10,6.184314710176682e-11,0.00018044210768828223
134,0.00046019189967264296,1.019851483242606e-06,0.9528782503735399,6.516278836950163e-09,0.036628828844664785,2.0567433440260186e-06,2.006095066574379e-05,4.115029214787651e-08,0.0017270845447554663,0.0003355792831891876,7.551244876414814e-06,2.3154165036209397e-09,5.3924455449956736e-08,1.630881998926472e-05,2.76303607002256e-09,0.007676024397467199,1.777682127639645e-07,5.754059714996382e-10,4.231656894138404e-10,0.0002467576100889683
135,0.00037327342576079763,9.078852117004646e-07,0.97789711936813,1.383716673221172e-08,0.016031589770030642,8.76678226189728e-07,7.599760466304127e-06,1.4306105006801955e-08,0.001227699131481126,0.00055293585260487,2.222315432333846e-05,8.983474502829165e-10,1.7439959294508372e-08,1.6582449676256268e-05,1.862863801330336e-09,0.0035458529699331207,1.7978025680043704e-07,7.966318103709913e-10,4.0183426675220937e-10,0.0003231102309905876
136,0.00028457924403322253,7.758989192214957e-07,0.9725937870574837,2.716677645692684e-08,0.021504189624122743,1.1629716890066732e-06,1.1291672487093809e-05,3.317308018058295e-08,0.0006130591064642953,0.00023386507455639308,2.2913393464716396e-06,8.967843050023476e-10,1.6205577792338634e-08,1.682395375151047e-05,1.2409381429959163e-09,0.004332486098563166,1.496624354026081e-07,1.4930249176923515e-10,1.0003222538785885e-09,0.00040545846336650725
137,0.00022324601620039725,6.312456240670501e-07,0.9882580044516523,7.995535559502373e-08,0.007856967520394055,1.9784482996852307e-07,1.4723415390638467e-06,4.077792080072498e-09,0.0006669173811103852,0.0005701399187871191,2.6886357235085476e-05,3.4151944583603867e-10,3.2491023101937088e-09,1.7016203137414365e-05,6.905329040840698e-10,0.0018898416971156956,1.6764251969035762e-07,1.070795065411033e-09,8.02187230334195e-10,0.0004884211925699478
138,0.0001558767165245739,5.308207189559562e-07,0.9869799156637695,7.854933556257833e-08,0.009980444448615441,1.8163813911839006e-07,2.089682749785609e-06,2.4864266211664026e-08,0.00028024248844863407,0.00019687728384342314,2.0768819059307146e-06,2.209703138438079e-10,1.86471271067205e-09,1.7180790467975176e-05,3.204482583855039e-10,0.0018197032197792402,1.331963901618163e-07,7.421889381856164e-11,9.515815386100222e-10,0.0005646403231136778
139,9.973760310417883e-05,4.367008356660418e-07,0.9923730026489483,1.1776805621049222e-07,0.004459080142780012,6.001441624080183e-08,4.739542369606246e-07,1.2874698605398266e-09,0.0007363856155851461,0.0005046772424458596,2.4508196377979792e-05,1.5592847704437562e-10,2.6447300145591335e-10,1.7259887410045965e-05,1.5687645578350517e-10,0.0011453564048189552,1.4759741217734282e-07,1.0628712718463568e-09,5.732510793411544e-10,0.0006387527227019726
140,5.006159432935115e-05,4.1080804298640433e-07,0.9799504794262253,7.394592578606472e-08,0.015532318590502286,9.30253337025666e-08,9.373214780366552e-07,2.7375327017784076e-08,0.0005237949401979443,0.0001375012564917714,8.017441194755295e-07,3.097462058195937e-10,2.375373996386214e-10,1.731758971775636e-05,7.15898728408636e-11,0.0030880179457953016,1.2416530063078607e-07,8.067146106359724e-11,1.4532051315447335e-09,0.0006980381184618416
141,1.636779535806275e-05,4.1466276161776955e-07,0.990913565494352,7.208308711098989e-08,0.005471967016450288,3.118341935096341e-08,2.670403760503568e-07,5.341818186514544e-09,0.0011432792558112527,0.0003854300891939481,1.7872726404632244e-05,1.515298691670408e-10,4.742816462574196e-10,1.7278351180654912e-05,1.5173119485980884e-10,0.0012798582912552376,1.2951349171539949e-07,7.504921733995724e-10,4.668835173653337e-10,0.0007534591601216221
142,9.182479585882826e-07,4.4558404007779774e-07,0.967590532848453,2.2850444065932233e-08,0.025366105875628847,1.6036049567916315e-07,1.2667031366552272e-06,3.0697480482008156e-08,0.0008594315485600563,8.398838984588894e-05,5.865315381265932e-07,6.359063586726173e-10,6.220211897550769e-09,1.722047667406222e-05,2.831309730991787e-10,0.005285295650501036,1.1428884174433264e-07,1.4320412995245792e-10,9.43797627123616e-10,0.0007938717201508855
143,5.221231127681995e-06,4.96163300323802e-07,0.9893071844988746,1.0405002051990067e-08,0.006845220185262127,5.7028171931882446e-08,4.3767655397344507e-07,1.0234143573186534e-08,0.0012758718006941258,0.0002430221901505648,1.0581732972113283e-05,1.9537214727954832e-10,2.92786607795179e-09,1.7105581294265764e-05,4.409697573218678e-10,0.0014678683384769364,1.1275144334719916e-07,4.1621329604336106e-10,1.1809264054745008e-10,0.0008267960840192043
144,2.620606358583142e-05,5.042563672798559e-07,0.9699285401868402,9.547500075701325e-09,0.02330333386544162,5.322723774595281e-08,3.9825213946090714e-07,2.4650255252434722e-08,0.0008325728993535957,0.0001137519835525989,4.257231390107942e-06,7.105884653034851e-10,1.53964084336101e-08,1.6988587225795697e-05,5.905814573196494e-10,0.004923243824267679,1.0505211173190019e-07,3.878821769539056e-10,2.8448138604672593e-10,0.0008499930027883729
145,5.8688129107280644e-05,5.025286620763785e-07,0.9917089185273422,1.4437717479739062e-08,0.005280230546308586,1.021297726314026e-07,9.276905153931288e-07,1.1116017010687055e-08,0.000863015921671144,0.00016662661154367262,5.918808761507782e-06,1.3850826893450707e-10,4.240722130223729e-09,1.68929193954131e-05,6.960681398781217e-10,0.0010354214767039393,9.283092599393142e-08,2.7649421113297133e-10,1.473490181101759e-11,0.0008626309590287159
146,9.60548764585004e-05,4.258327380493962e-07,0.983552737814603,4.648541174023279e-08,0.012191419734265045,1.522669055735208e-08,1.974577460881197e-07,1.2550125484920602e-08,0.0004184004018079945,0.00018989841882357565,8.515687928821239e-06,3.2898008962623205e-10,1.0888281661623075e-08,1.683561716676044e-05,7.318208638109275e-10,0.0026542342597337906,9.556392646335535e-08,4.948546907952066e-10,5.296007606425626e-10,0.000871097099035994
147,0.00013006996963605972,3.349138062708595e-07,0.9948909260221743,5.119207093725495e-08,0.0030972445175980867,3.191196743790455e-08,4.145752461578544e-07,9.814217681511958e-09,0.0002704909780997213,0.00014695432027803763,4.383382355061908e-06,4.895949178180673e-11,2.788541496355753e-09,1.6843442074264e-05,7.325024387080435e-10,0.0005728234362602995,7.739884162414547e-08,1.853484266580356e-10,1.015659792305313e-10,0.0008693402684565862
148,0.00015780425602927975,2.0738007938084964e-07,0.9943270083874536,5.821054169725747e-08,0.003528593850743436,1.6070311942817422e-08,1.8418843510283274e-07,4.236194969814772e-09,9.952933558522376e-05,0.00020221830637586345,9.734361884012525e-06,4.9114037748594735e-11,2.902469171749206e-09,1.6905112936330702e-05,6.141095715671148e-10,0.0007917726416747736,8.027084225288177e-08,3.0804435856778716e-10,1.8358117807771548e-10,0.0008658793335937834
149,0.00017254967646446344,1.0596139183100848e-07,0.9915437744916709,4.537224470946845e-08,0.0060418514490421,1.45986924312051e-07,1.4297691921662492e-06,1.0742875057469669e-08,4.1925698230369386e-05,0.00010503212743638042,3.195365587364917e-06,3.9227090090203875e-11,4.343235010289084e-09,1.6988344538907608e-05,5.099481849716301e-10,0.001217203485294521,6.98916924283806e-08,1.2657678271560786e-10,3.6810796382946614e-10,0.0008556662503198745
150,0.00018128034292277272,3.5914139449645006e-08,0.9979802588442309,2.3078141122879727e-08,0.0004256025093254281,7.013321815027586e-09,6.766450205256441e-08,2.3225061092543164e-09,0.00026484388085149766,0.00016972025334224217,8.317788913670167e-06,1.1550268251312495e-12,2.661075333210891e-10,1.7084183750737683e-05,3.638506792893539e-10,0.00010922888883958285,6.490693263362946e-08,1.783767528953547e-10,3.084908077812736e-11,0.0008434615679405365
151,0.00017836554749938723,2.275690494854996e-08,0.9835362736245828,1.7386237189289524e-08,0.012515186916698298,5.386374231138579e-07,4.914016838205891e-06,1.5007190640789495e-08,0.00025434342994392256,5.4182697125645e-05,1.1638057034485506e-06,2.0315069386197003e-11,6.241358552203252e-09,1.713313382751711e-05,2.850590966282039e-10,0.00260914857792058,6.108345857039338e-08,8.256142118927867e-11,3.924155753496314e-10,0.0008286263569357739
152,0.0001799184573788811,6.209392537806043e-08,0.9981830900315188,1.2104430586689634e-08,5.546454914948903e-06,8.191766649129034e-10,4.316054506826342e-09,2.0745487335857994e-09,0.000648349277744822,0.000142640355890921,6.411618070745283e-06,2.7190790448021386e-13,3.2188590876155086e-12,1.7157670937282744e-05,1.980287273348298e-10,5.483916091043169e-06,5.565505558704712e-08,1.3929501598617907e-10,2.945742730520318e-11,0.000811264783988815
153,0.00017513528571716063,1.2977534742418245e-07,0.9812833637786904,2.5816898837849336e-08,0.014228071276676595,6.827049930566859e-07,6.173849849584909e-06,1.6081694367852257e-08,0.0004683046845854902,2.5523104303032854e-05,1.1222737992596404e-08,1.0638929387622638e-10,4.8327485031644285e-09,1.713229352208393e-05,1.481218136580931e-10,0.003002141350931,5.011460967230902e-08,3.306007999554664e-11,5.925059728991253e-10,0.0007932329466176662
154,0.0001802342361989454,2.0968566434401977e-07,0.9982089510107928,4.528549746515006e-08,1.3829414987966358e-05,8.791005388975446e-10,6.491609009079939e-09,1.9161079134659346e-09,0.0006888936815729091,0.00010838324581522924,5.054715372643387e-06,4.1774579185741753e-13,5.454282142049037e-12,1.7111514975130016e-05,1.0298153420470198e-10,3.1549484962856557e-06,4.622485827041254e-08,1.2441040479182351e-10,1.0399605144669781e-11,0.0007740765052864174
155,0.00018089602557384927,2.5918548207035186e-07,0.9876040169713719,4.679554402342311e-08,0.009154377883096794,4.0921792457885876e-07,3.716169344659456e-06,1.0643467348618803e-08,0.00033663639065939065,2.7654507028999288e-05,6.204444053502493e-07,1.31843001250288e-10,2.0812370090160776e-09,1.7112878933266647e-05,7.235167047001189e-11,0.0019195996361772564,4.19808565512549e-08,2.3125985849015215e-11,6.016485587417759e-10,0.0007545983599273171
156,0.00018651609500567993,2.7391501462770427e-07,0.9984489480047201,5.570296949918428e-08,0.0001576909355810152,4.407797938638997e-09,4.425977391823088e-08,1.5945235238010605e-09,0.00032157767877504504,8.838432549128242e-05,4.242363548731459e-06,3.6518547379897595e-12,2.4975297006364114e-11,1.7143802889449534e-05,4.800988981121168e-11,3.8955076000166456e-05,3.6262844700021805e-08,1.2695914057555552e-10,2.698135372649023e-12,0.0007361253687705815
157,0.00018714722412511162,2.3897676548951136e-07,0.9950149424419501,3.339929081336838e-08,0.00328555956465821,1.0061816856481389e-07,9.508335710345687e-07,5.275473729897982e-09,5.8976497428764234e-05,4.4315232798647017e-05,1.4257883382820044e-06,3.8739290026657754e-11,3.999188839343985e-10,1.722714179055587e-05,2.4042273521060014e-11,0.000672149660511756,3.3212593341786556e-08,3.834072769196726e-11,1.5882933743843998e-10,0.0007168934726648154
158,0.00018627144440248384,1.7432283878327875e-07,0.9977392152020448,2.665897782506244e-08,0.0010271734027254996,9.019878495355687e-09,9.867064068729678e-08,1.7552439355665603e-09,1.869903495946795e-05,7.440451544692481e-05,3.4753061939118063e-06,1.1683939799974642e-11,8.110099735648164e-11,1.7301649446591472e-05,1.0897188563247847e-11,0.00023289536307045212,3.073986144710705e-08,1.2256115574899797e-10,1.5656812891528875e-11,0.0007002226723688464
159,0.0001806748560029526,9.737628312397819e-08,0.9979725157603908,1.539806437595763e-08,0.0009094940884621107,9.821676933299497e-09,1.35527746584341e-07,2.964296547770585e-09,3.3460691315011274e-05,3.720824196860313e-05,1.3361924679511959e-06,3.2053675408457532e-12,1.0141400825202941e-10,1.7367670930687477e-05,1.4528308318343423e-11,0.00016552712518788014,2.423232331908057e-08,5.5773152877336084e-11,2.1942018264767672e-11,0.0006821298560200198
160,0.0001717995562551081,3.581031430279759e-08,0.9957134861731894,1.5289551202162967e-08,0.0027298358152479042,1.27013562366121e-08,1.5260596587859203e-07,3.3096120336815702e-09,7.576700920120627e-05,4.216560936410638e-05,2.2217832940399234e-06,5.572049940247988e-12,4.23567856702308e-10,1.7388787087614553e-05,2.3861197015267597e-11,0.0005798206853314385,2.4968333767656556e-08,9.063393917856287e-11,3.333533201081374e-11,0.0006672693189261807
161,0.00016053245189286863,3.4958990771421538e-09,0.9979236855522715,2.8594872066129323e-08,0.0008133612480132558,2.694253622973651e-08,2.6676923735514777e-07,2.113073943563322e-09,0.00024437594506240503,2.6660411761048613e-05,1.0515604099108836e-06,1.2431875004134369e-13,2.422714434379178e-10,1.7355164532615402e-05,3.8209431247407186e-11,0.0001613465510523351,1.9751823232279033e-08,6.182367883357406e-11,1.1547218417371867e-11,0.0006512830935859486
162,0.00014781898566584037,5.990559522055528e-09,0.9944435232129212,3.144161242204364e-08,0.003690175510372522,1.6278703637580795e-08,1.9004062260306107e-07,4.134764556288737e-09,0.00025658549982671657,1.852675701338002e-05,8.230578876851128e-07,1.8642187911150442e-12,1.6478154134618208e-09,1.7296823236634842e-05,5.158841838546387e-11,0.0007871055753957055,1.7683882256429653e-08,6.391439713433193e-11,1.2554413340194114e-10,0.0006378771168076922
163,0.0001362162695997448,3.3954415735477514e-08,0.9979707784901647,3.9631105188478e-08,0.0007365653140023901,2.8738671365769335e-08,2.5437643800069475e-07,1.44463997867832e-09,0.0003323272912226948,2.632755582035701e-05,1.0967506550917634e-06,2.0488271698465035e-12,4.3801201153067134e-10,1.7214529243050875e-05,6.239956825979566e-11,0.00015455107776673376,1.590065487971747e-08,5.88077541594854e-11,1.0409629652971479e-11,0.0006245481039221456
164,0.0001257132746987281,7.131941072249892e-08,0.9956036630381097,3.383523303064691e-08,0.002802183634438813,1.8740587047413284e-08,1.9818645834496705e-07,3.5731660354386735e-09,0.00024474763467999163,7.33444572676905e-06,9.731942688155122e-08,1.3034146078784955e-11,2.101943959924316e-09,1.715001572215633e-05,6.404183902890019e-11,0.0005863294951466382,1.3138485465837839e-08,3.619568816748127e-11,1.1130505681017519e-10,0.0006124400221891945
165,0.0001185266159826379,9.9528572508888e-08,0.9985879925997985,2.637995226787869e-08,0.00038594053629496317,1.6490868077649508e-08,1.3244045092503076e-07,4.83722395832966e-10,0.00017911646247737952,2.0509378549537812e-05,1.1924605362864676e-06,3.232800864418414e-12,3.286488328268339e-10,1.7114745873158476e-05,5.075269023967496e-11,8.752159626368272e-05,1.0998832829491417e-08,4.2910000681038456e-11,9.388486615329176e-13,0.0006017988553420405
166,0.00011367712737578951,1.099873311166209e-07,0.9977510706040776,2.384086205545257e-08,0.0011873737841650923,1.5658563640164672e-08,1.5662326095937358e-07,2.1178342694146884e-09,0.00010072550727132718,3.7658880944134254e-06,1.0628174559790936e-08,7.678148609618474e-12,1.0195120396142037e-09,1.7107461485330423e-05,4.80587632022577e-11,0.00023474960974019477,9.23586369108514e-09,1.2011808362126546e-11,4.44216863188627e-11,0.0005912007942180924
167,0.00011189946552106838,9.713469037938352e-08,0.9990091999790066,2.0935982650644183e-08,0.0001729301328994485,1.0324317113070422e-08,7.591257545237574e-08,1.4546981090371668e-10,3.837442462857872e-05,1.8101879654544947e-05,1.0414589590095465e-06,1.8175936500992744e-12,1.493896879855244e-10,1.7139301570466854e-05,3.349834269543783e-11,4.82303985775792e-05,8.303677976980579e-09,3.1117924402303364e-11,1.970284519559295e-14,0.0005828699866263322
168,0.00011202171007777809,7.175356223304642e-08,0.9987718435900709,2.7474430169326273e-08,0.0003870996795112382,7.265044270017366e-09,7.406725455642335e-08,1.0067920945796439e-09,6.213412687106727e-05,4.9638503585484764e-06,3.309104026100113e-08,1.4791975347107215e-12,3.0607277354378406e-10,1.717993356255408e-05,2.7174899828575587e-11,7.043480591953634e-05,5.3761252790423194e-09,4.383386138454786e-12,2.143177606219511e-11,0.0005741019088372066
169,0.00011358110449013563,4.289563565257699e-08,0.9989555886555728,3.274472671873186e-08,0.00020187272845268768,1.0103408322186675e-08,8.021805960673972e-08,1.6285779898587591e-10,8.299859993554235e-05,1.2815038544648168e-05,6.702374466819455e-07,8.611248267526739e-13,1.18042792113784e-10,1.722985041149522e-05,1.347925880436132e-11,4.75402097054321e-05,5.780752906376554e-09,2.4245735303135652e-11,1.6331430619102964e-12,0.0005675315117366851
170,0.00011580127546860608,2.2208452219853603e-08,0.9987108009114782,3.395199969921176e-08,0.0003781679377793702,1.7492609022509e-09,2.30310690931944e-08,8.310437166565471e-10,0.00014056553865476865,1.9129456173530773e-06,1.918871215662933e-08,5.397279517406053e-13,2.328830076322198e-10,1.7271660482924905e-05,1.1880034492282661e-11,7.463846535990851e-05,3.781860872990585e-09,3.890274854908022e-12,1.9459785122112217e-11,0.0005607362541073582
171,0.00011792915722661784,1.547852118601158e-08,0.9988223966030446,3.535589746376786e-08,0.00024847016739907435,9.96984712341734e-09,8.68633283927176e-08,2.9649340038535354e-10,0.00017927636049708173,4.704976913898796e-06,2.93133926212217e-07,3.4027865286550386e-13,1.2940129458470916e-10,1.7292614355104234e-05,7.32023532054957e-12,5.399260980917333e-05,2.9249022446868717e-09,1.57827714568894e-11,4.892982321017381e-12,0.0005554933301001641
172,0.00011960988035490917,2.0847437338725417e-08,0.9987104998489357,2.9275923656221427e-08,0.0003510827919176616,1.1948952459831868e-09,1.5305067194636778e-08,4.790610217372948e-10,0.0001743636595255789,1.5342381348268644e-06,4.117468168529949e-08,4.760207630101086e-13,1.5508394111676206e-10,1.7300765710283076e-05,5.15528516919738e-12,7.49289331834912e-05,2.4745128704791826e-09,4.2610558110644176e-12,1.3987752372328081e-11,0.0005505689516945065
173,0.0001205078452333167,3.320396121711276e-08,0.9989275235579822,2.781307921219409e-08,0.00017191694986035073,5.9252437323862634e-09,5.366199385078209e-08,2.9569403781259743e-10,0.00017548789910086372,2.557163500106528e-06,8.21419158134037e-08,3.6876677353716836e-13,7.806229680969233e-11,1.7289528387832572e-05,2.9148134651918462e-12,3.801266616864619e-05,1.6763274766194566e-09,7.043798275324828e-12,2.8602079676704496e-12,0.0005464995803015308
174,0.00012065514643368271,4.5016289471719716e-08,0.9989911018927143,2.6118489161856697e-08,0.0001636257810255535,1.0118273284463473e-09,1.086201456437611e-08,1.594052927463857e-10,0.00012947171201300745,1.5424090272840594e-06,7.093693221437288e-08,4.702547625890159e-13,5.243774975616171e-11,1.727287023963663e-05,2.8251619598157633e-12,3.2998949972047794e-05,9.629226969251662e-10,3.5900701769496356e-12,5.138375670681164e-12,0.0005431761062323266
175,0.00012030581316292524,5.1984088223326324e-08,0.9991298182948714,2.6713470656188027e-08,5.9366764457385036e-05,1.221626206332666e-09,1.2160399792366206e-08,9.693985651062035e-11,0.0001211418789215065,8.057315020413297e-07,1.8948471877862816e-08,1.880944461518114e-13,1.6889074197864677e-11,1.7257244954762784e-05,1.821515937158912e-12,1.0867739807774748e-05,7.715206769504486e-10,2.018781928326838e-12,8.854294730305007e-13,0.0005403246140016639
176,0.00011972956049237719,5.252402286708772e-08,0.9991873283441615,2.889460713980703e-08,2.8407885105502922e-05,3.3131973052208475e-10,3.024138068338308e-09,3.6150020712586156e-11,0.00010163568099505837,3.56090449116923e-07,4.3315725928508355e-08,9.627074631844358e-14,1.0623943558329009e-11,1.7245953849765223e-05,5.883762641034653e-13,6.841276104381155e-06,4.2985347802504416e-10,1.5190235905513049e-12,8.737406344985136e-13,0.0005383266393235632
177,0.00011926359558932849,4.984730893060339e-08,0.9992085553762408,2.912193519239181e-08,9.355123331506113e-06,6.22476065988859e-11,8.203113664730248e-10,3.823790060007822e-11,0.00010692118475408231,9.431385527526024e-08,6.250026223362241e-09,2.02136485263652e-14,1.2263385006809055e-12,1.7242163008723404e-05,2.2250972700008053e-13,1.7165683939657554e-06,9.358330282043046e-11,3.4860825684476267e-13,2.2136014778663004e-13,0.0005367654391367222
178,0.00011901822572536114,4.666975978313435e-08,0.9992145049256194,2.9407930373737262e-08,6.526675062126568e-07,1.2993175648672265e-11,1.1973386724970272e-10,7.756032461657224e-13,0.00011213433995591225,2.250198028930854e-07,4.059824437804187e-09,8.500268198102542e-16,6.881526142508705e-13,1.724158043094898e-05,1.4462296377253022e-13,2.2720056872340295e-07,7.629620351494702e-11,1.220670111389034e-13,2.918016133170227e-14,0.0005359156920919866
179,0.00011896625654177902,4.5613949642632364e-08,0.9992135109143946,2.9189715650870444e-08,1.4015487163547465e-07,2.9036625305264953e-13,5.388450510106569e-12,7.2209653524345e-16,0.00011433627694449851,1.27508585124914e-07,7.391707812166769e-10,8.05075021261592e-16,2.2472889110234868e-13,1.7241374482630584e-05,7.962279518244899e-14,6.495915656388931e-09,3.3622143696507846e-11,5.113568688123998e-15,3.9432697168676194e-15,0.0005355954358124224
