tg,0-0,2-0,8-0,other
0.0,1.0,0.0,0.0,0.0
1.008035758064516,0.9999999811759674,1.5206026160125018e-18,9.910968079590748e-10,1.783293824091056e-08
2.016071516129032,0.9999993749120198,5.546833156130676e-16,1.692637751606093e-08,6.081616036578466e-07
3.024107274193548,0.9999995321933085,1.0436085168172692e-14,8.447261125891426e-08,3.833340722471225e-07
4.032143032258064,0.9999953049072974,1.0836724246107766e-13,2.6667703538610143e-07,4.428415561649705e-06
5.04017879032258,0.9999977555423958,5.593610283277634e-13,6.558847537446323e-07,1.5885722937471876e-06
6.048214548387096,0.9999896088277731,2.1750682861567392e-12,1.3316844142243643e-06,9.059485639461117e-06
7.056250306451613,0.999993268202648,7.144242096450415e-12,2.536103880843578e-06,4.19568632831438e-06
8.064286064516129,0.9999848584467566,1.8279693136442134e-11,4.21591806563327e-06,1.092561690173473e-05
9.072321822580644,0.9999847655189605,4.4083410741882066e-11,6.926026625763679e-06,8.308410333861269e-06
10.08035758064516,0.9999699140969931,9.180801646021828e-11,1.0332073188881437e-05,1.9753738010865838e-05
11.088393338709677,0.999972049080493,1.7336769503743733e-10,1.5243979473303984e-05,1.2706766669452566e-05
12.096429096774193,0.9999317696192471,3.082433300019557e-10,2.1226865808143357e-05,4.700320670214246e-05
13.104464854838708,0.9999518148531066,5.018752078774563e-10,2.9158038425858752e-05,1.90266065947656e-05
14.112500612903226,0.9998892284463348,7.8244324318659e-10,3.830379865523879e-05,7.246697256819897e-05
15.120536370967741,0.9999234586677332,1.1811451274596314e-09,5.040216600902982e-05,2.613798511575834e-05
16.128572129032257,0.9998740513184017,1.701452355361945e-09,6.304759766551033e-05,6.289938248593596e-05
17.136607887096773,0.999889858152968,2.4791429394822466e-09,8.060309735995425e-05,2.9536270531981277e-05
18.14464364516129,0.9998494144709927,3.51248394659528e-09,9.742249826636408e-05,5.315951825769152e-05
19.152679403225804,0.9998471802786079,4.965489946870541e-09,0.00012092743479693158,3.1887321107324603e-05
20.16071516129032,0.9997475660165523,7.09605345321509e-09,0.00014300092404087724,0.0001094259633593142
21.16875091935484,0.999785012952683,9.746332236446953e-09,0.0001718757410873417,4.310155990006977e-05
22.176786677419354,0.999605811870486,1.3559427931013651e-08,0.00019945448675440884,0.0001947200833327867
23.18482243548387,0.9996973979685936,1.8489531505468967e-08,0.00023357486236449585,6.900867951117457e-05
24.192858193548386,0.999531603322657,2.4484714158171917e-08,0.0002652490425935516,0.00020312315003883903
25.2008939516129,0.9996021970642957,3.3249105643194454e-08,0.0003060233018777235,9.174638472576874e-05
26.208929709677417,0.9995108887496659,4.288485935309007e-08,0.00034008373178494794,0.00014898463369407742
27.216965467741932,0.9995144911225894,5.641074543209331e-08,0.0003883555473408514,9.709691932814923e-05
28.22500122580645,0.9993746500690035,7.189226545281125e-08,0.0004248303141057557,0.00020044772462903324
29.233036983870967,0.9994066200387962,9.039001458046775e-08,0.00047796916723967737,0.00011532040395378863
30.241072741935483,0.9990931112254342,1.1227540665426344e-07,0.000517884542411196,0.00038889195675499623
31.2491085,0.999259429925785,1.3769808055404472e-07,0.0005714093457191011,0.00016902303041453834
32.257144258064514,0.9989096181154156,1.6505615819996114e-07,0.0006136600302795728,0.0004765567981508
33.26518001612903,0.9991161442763431,2.0211415020876855e-07,0.0006666354884401962,0.00021701812106708556
34.273215774193545,0.9989399700943458,2.3790223219807323e-07,0.0007071358009264161,0.0003526562024964656
35.28125153225806,0.9990281667155414,2.901551412088981e-07,0.0007630650226937977,0.00020847810662774253
36.28928729032258,0.9989114093567868,3.433041030726063e-07,0.0007984616680149249,0.0002897856710989868
37.29732304838709,0.9989476942908608,4.1138432587854277e-07,0.0008583771049337295,0.000193517219881813
38.30535880645161,0.9985770263291096,4.862120621693251e-07,0.000889977515184448,0.0005325099436477716
39.31339456451612,0.998768255797519,5.747513670878055e-07,0.0009475344378065168,0.0002836350133108865
40.32143032258064,0.9981966119906911,6.636734739762328e-07,0.0009791927537863227,0.0008235315820555749
41.32946608064516,0.9985384080654233,7.836940821907559e-07,0.0010276784158413709,0.00043312982465528425
42.33750183870968,0.9981885230081432,8.844419301962316e-07,0.0010594425597726987,0.0007511499901551699
43.34553759677419,0.998428897389945,1.0377750605748395e-06,0.001102389279717488,0.00046767555527799115
44.35357335483871,0.9983544759854291,1.1654209727829396e-06,0.001128986215506879,0.000515372378091639
45.361609112903224,0.998420594833789,1.3397735773068924e-06,0.0011769315822493472,0.00040113381038248743
46.36964487096774,0.9981208581708724,1.5022301307057337e-06,0.0011958489788500579,0.0006817906201490905
47.377680629032255,0.998276000350824,1.6981269602431271e-06,0.0012505862126718822,0.00047171530954480184
48.38571638709677,0.9975545867364363,1.8795919382226557e-06,0.0012690142769053994,0.0011745193947208634
49.39375214516129,0.9979306412681981,2.1245537317396083e-06,0.0013201732474753688,0.0007470609305974272
50.4017879032258,0.9973462661487085,2.3167343601689144e-06,0.0013481111800286466,0.001303305936902577
51.40982366129032,0.997704857486494,2.6333638538194943e-06,0.0013916510158204188,0.0009008581338347341
52.41785941935483,0.9976559024465913,2.87073932116915e-06,0.0014289513467991518,0.0009122754672895036
53.42589517741935,0.997780861652319,3.2481389658351263e-06,0.0014798799411960958,0.00073601026752273
54.433930935483865,0.9977001837191346,3.5730275970732713e-06,0.0015179942637325878,0.0007782489895357516
55.44196669354838,0.9977440062990507,4.009668300045413e-06,0.0015927160634688184,0.0006592679691825406
56.4500024516129,0.9970125567509672,4.401607692956974e-06,0.0016322650452882765,0.001350776596052109
57.45803820967742,0.9972118722160153,4.9500873176399655e-06,0.001724131735782166,0.0010590459608866927
58.466073967741934,0.9963532054520869,5.367202424792262e-06,0.0017809551128107086,0.001860472232678651
59.47410972580645,0.9965816560564986,6.0748960431514726e-06,0.0018716006597391368,0.0015406683877202394
60.482145483870966,0.9964645502028567,6.5629959645109335e-06,0.0019570082244006986,0.0015718785767775067
61.49018124193548,0.9964853738865758,7.402958129442236e-06,0.002050358929810187,0.0014568642254848547
62.498217,0.9967381532912241,8.06097049620877e-06,0.0021527000825145603,0.0011010856557641733
63.50625275806451,0.9966309471699036,9.00937331041306e-06,0.002275172803731597,0.0010848706530534762
64.51428851612903,0.996165727633063,9.845333237769249e-06,0.00237642217726754,0.0014480048564345072
65.52232427419355,0.9960817173830935,1.1008268630511638e-05,0.002534354006613754,0.0013729203416635554
66.53036003225806,0.9950878700223247,1.1945246247739163e-05,0.0026420540607939966,0.002258130670638131
67.53839579032258,0.9949351925365131,1.3486201359872899e-05,0.0028035975379708577,0.0022477237241559363
68.54643154838709,0.9947475229333389,1.4565305359565193e-05,0.002944418566807961,0.002293493194492926
69.55446730645161,0.9944090277937955,1.6504114460722747e-05,0.003085078164269154,0.002489389927475686
70.56250306451612,0.9951474038851069,1.7953005844496435e-05,0.0032580678556206975,0.0015765752534257253
71.57053882258064,0.9947684899128517,2.020546054001538e-05,0.003400853682323646,0.001810450944288514
72.57857458064515,0.9949501259592523,2.2153492129893372e-05,0.003566235357953101,0.001461485190663573
73.58661033870968,0.9946175912105559,2.4813634830744245e-05,0.003740913094387736,0.0016166820602242407
74.59464609677418,0.9937713447049265,2.7059083057740755e-05,0.0038780609108897825,0.0023235353011265645
75.6026818548387,0.9931402619562743,3.0392753004645013e-05,0.004057843769439264,0.0027715015212802217
76.61071761290322,0.9928871927116725,3.276413864291876e-05,0.004202099248338495,0.0028779439013462116
77.61875337096774,0.9918098374754494,3.6778176131768105e-05,0.004331628156857215,0.003821756191560786
78.62678912903225,0.993126970313066,3.9548043235123125e-05,0.004514765480129104,0.0023187161635726343
79.63482488709677,0.9921452308202832,4.393098920929894e-05,0.004592655034025764,0.003218183156486636
80.64286064516128,0.9934483589210159,4.742759186302281e-05,0.004774619933996089,0.0017295935531254122
81.6508964032258,0.9928824324563851,5.212993579340695e-05,0.0048538827588217376,0.0022115548490003294
82.65893216129032,0.9926995448535503,5.6138509330243756e-05,0.004977763190875442,0.0022665534462458278
83.66696791935483,0.9918490005712466,6.160281554735319e-05,0.005068901261570096,0.003020495351637019
84.67500367741935,0.9916565282523911,6.567501876059725e-05,0.005157563390588862,0.003120233338259978
85.68303943548386,0.9898199614051794,7.213012759894652e-05,0.0051996942371936375,0.004908214230028832
86.69107519354839,0.9916758477934089,7.645326699854934e-05,0.005323863836827817,0.002923835102768123
87.6991109516129,0.9895858525869048,8.34327424420107e-05,0.005285629441090433,0.005045085229565195
88.70714670967742,0.9923747998477355,8.867683993066903e-05,0.005441195280230821,0.002095328032102177
89.71518246774193,0.9912005223587879,9.583130591272657e-05,0.005376805488871384,0.0033268408464290277
90.72321822580645,0.9923017117545174,0.00010194844908695323,0.005489065651794864,0.002107274144600599
91.73125398387096,0.9913886676439296,0.00010971209823630643,0.005451711580302554,0.0030499086775333827
92.73928974193548,0.9913783019754004,0.00011583894213663365,0.005507219483477197,0.0029986395989864793
93.74732549999999,0.9890249763585238,0.0001245328812906092,0.005462934046445776,0.005387556713738581
94.75536125806451,0.991006134893564,0.00013049610681507617,0.005544498902555823,0.0033188700970651947
95.76339701612902,0.9874574827085361,0.0001394883523297117,0.0054405755899659125,0.00696245334916745
96.77143277419354,0.9916155710416444,0.00014617148167534453,0.005594777949573204,0.0026434795271059507
97.77946853225806,0.9890099750100108,0.0001548918757204848,0.005461891373765141,0.0053732417405040695
98.78750429032257,0.9919773809170624,0.0001626367797500418,0.005628284874049684,0.0022316974291381906
99.7955400483871,0.9907571707185705,0.0001717374759611866,0.005538228867074202,0.0035328629383954827
100.8035758064516,0.9913803837840885,0.00017974255345585595,0.005661595776666449,0.0027782778857900407
101.81161156451613,0.9890831989491997,0.0001900636651269911,0.005612434565521929,0.005114302820151989
102.81964732258064,0.9907390660310139,0.00019801334784246612,0.005746722089090834,0.0033161985320538873
103.82768308064516,0.9860524538450752,0.0002091535189195973,0.0056718345563539895,0.008066558079650978
104.83571883870967,0.9909334052807328,0.00021820891460328304,0.005899793498269,0.0029485923063966107
105.84375459677419,0.9862957684254834,0.0002294062317851259,0.005791892186372314,0.007682933156360273
106.8517903548387,0.9913335730899806,0.00024052579904327068,0.006083679481186041,0.0023422216297883883
107.85982611290322,0.9890123333166716,0.00025247900821228844,0.006009688070305658,0.004725499604811782
108.86786187096773,0.9909574018807971,0.0002647039098643252,0.006272572305402404,0.0025053219039357813
109.87589762903225,0.9889679992727407,0.00027857036974065743,0.006251555771783678,0.0045018745857351794
110.88393338709676,0.9901563633086756,0.0002907930317781436,0.006487720187914238,0.003065123471631179
111.89196914516128,0.9853174224117753,0.00030591635391215467,0.006445070736805994,0.00793159049750891
112.9000049032258,0.9898633790947142,0.000319215243145621,0.006746767004786975,0.0030706386573533563
113.90804066129031,0.9833788090654705,0.0003341507750011782,0.00663845343460508,0.009648586724923526
114.91607641935484,0.990021351025056,0.0003501358555879743,0.007018197847164587,0.0026103152721920907
115.92411217741935,0.9858386864234762,0.0003655388449810954,0.006901979090455654,0.006893795641087306
116.93214793548387,0.9898829362847754,0.0003833987168569547,0.007251134778027954,0.002482530220342097
117.94018369354838,0.9879842379191314,0.0004012963889256667,0.007165723370021421,0.004448742321922638
118.9482194516129,0.9893476790112822,0.00041909677825790516,0.007431451091252983,0.002801773119207928
119.95625520967741,0.98553138826708,0.00043921496558618604,0.007309920155537644,0.006719476611797389
120.96429096774193,0.9890581328767556,0.00045756569059260854,0.00757404946797211,0.0029102519646800012
121.97232672580644,0.982068179979362,0.0004774710458562829,0.007353438778258843,0.010100910196520417
122.98036248387096,0.9892094756999695,0.0004988246839044385,0.00767448763595847,0.0026172119801654834
123.98839824193547,0.9830805334851525,0.0005181757664054346,0.007410276772234234,0.00899101397620769
124.996434,0.9893358557363714,0.0005424135017763675,0.0077054638163469216,0.0024162669455037207
126.0044697580645,0.9867333557249273,0.0005637690129862425,0.007464304484618902,0.005238570777467513
127.01250551612902,0.9892330180693962,0.0005876024996625279,0.00765485756840452,0.0025245218625362495
128.02054127419353,0.9867968660821108,0.0006112860112034472,0.007394871633695652,0.005196976272993482
129.02857703225806,0.9891775185742516,0.0006336286318461095,0.007538872511042991,0.0026499802828599418
130.03661279032258,0.9831566734818857,0.0006559450194634001,0.007196591419064462,0.008990790079589984
131.0446485483871,0.9893525258512936,0.000679677337887425,0.007376763543816337,0.0025910332670033677
132.0526843064516,0.9820755323256483,0.0006988305177490282,0.006996050668130229,0.010229586488473977
133.06072006451612,0.9895906268201909,0.0007252401523065884,0.007177282517573831,0.002506850509927457
134.06875582258064,0.9855665951385589,0.0007445201867666443,0.006837897951579493,0.006850986723091466
135.07679158064516,0.98978208735102,0.0007703422612492792,0.006948578016563109,0.002498992371166814
136.08482733870966,0.9881221195162683,0.0007922357299266198,0.006636611941842459,0.004449032811964172
137.09286309677418,0.9900362117491959,0.0008152206799904426,0.006706220683434542,0.0024423468873764754
138.1008988548387,0.9859785677682866,0.0008366816655405286,0.0063623686847908405,0.00682238188138177
139.10893461290323,0.9903057166962488,0.0008599302214271676,0.0064660098189551814,0.0023683432633679383
140.11697037096772,0.9833101893878059,0.0008775498532731735,0.006107911962547568,0.009704348796374286
141.12500612903224,0.9904564642220168,0.0009044949370254746,0.006246081727671744,0.002392959113291234
142.13304188709677,0.9850567540176196,0.0009209092985201583,0.005947336747227038,0.008074999936635087
143.1410776451613,0.9905910313710036,0.0009492458241549499,0.0060657164085919,0.0023940063962522664
144.14911340322578,0.9886598231769566,0.0009689023388971207,0.005831416647970502,0.0045398578361771184
145.1571491612903,0.9908358249570701,0.0009943177123639911,0.0059307612601382734,0.002239096070428021
146.16518491935483,0.9885691341982017,0.001015444489087525,0.005699904856451204,0.004715516456257606
147.17322067741935,0.9910124698676588,0.0010393074871039953,0.005830341746966989,0.0021178808982720357
148.18125643548387,0.9855483155143883,0.0010567189348724736,0.005585610643756764,0.007809354906981191
149.18929219354837,0.9908946127598729,0.001083926013550144,0.00575276340429042,0.0022686978222882267
150.1973279516129,0.9850286406068711,0.001098358195981453,0.005544983679654357,0.008328017517493834
151.2053637096774,0.9907294366541164,0.0011287759065098815,0.005702064526675656,0.0024397229126993597
152.21339946774194,0.9880150461967638,0.0011461073352775413,0.005555065401920709,0.0052837810660378735
153.22143522580643,0.9909069450494641,0.001174891362263591,0.005682536925684634,0.0022356266625876207
154.22947098387095,0.9897643828426269,0.001196404050825992,0.005540520448037114,0.0034986926585106764
155.23750674193548,0.9912004985165288,0.0012225825020556649,0.005673049943726602,0.0019038690376881415
156.2455425,0.987893930949017,0.0012431526724275938,0.005492065776349003,0.005370850602209413
157.2535782580645,0.9911354187530389,0.0012715653911698644,0.0056402098695321114,0.001952805986259493
158.26161401612902,0.9861207604787394,0.0012885643424288009,0.005454774557418087,0.007135900621412778
159.26964977419354,0.990863324888575,0.0013217016384532094,0.005574819396828477,0.002240154076141934
160.27768553225806,0.9876652309309737,0.0013395153830815536,0.005429011053145331,0.005566242632801945
161.28572129032256,0.9909736270450153,0.0013730005434699195,0.0054901799168331974,0.0021631924946812157
162.29375704838708,0.9901704127646223,0.0013952532884982174,0.0053512967842557204,0.0030830371626233656
163.3017928064516,0.9914659455764805,0.0014247635704720048,0.005385359047041193,0.0017239318060076163
164.30982856451612,0.9900332582566976,0.0014476760646893075,0.005195629623465538,0.003323436055150771
165.31786432258065,0.9916687096121429,0.0014754599146709758,0.00523199976603302,0.001623830707152394
166.32590008064514,0.9882818894296779,0.0014939371526116942,0.0050069037567403284,0.005217269660971219
167.33393583870966,0.9914534074463122,0.0015240350840302714,0.005013424905866053,0.0020091325637906243
168.3419715967742,0.9884669318682344,0.001539808384826951,0.004811863479331146,0.005181396267607876
169.3500073548387,0.9915235524567072,0.0015705974783600599,0.004751744342150218,0.002154105722782414
170.3580431129032,0.9907034006176498,0.001588527814998445,0.0045746086908517525,0.003133462876500231
171.36607887096773,0.9921949153149121,0.0016154855845562784,0.004474930801307454,0.0017146682992251216
172.37411462903225,0.991926379447976,0.0016351765387732909,0.004272306744124825,0.002166137269126878
173.38215038709677,0.9928292654794211,0.0016583120630991833,0.004183250943827471,0.001329171513651883
174.39018614516127,0.9911526288976968,0.0016752501994850217,0.003948835368797256,0.003223285534020814
175.3982219032258,0.9928863559271784,0.0016984986853556057,0.0038628089448550992,0.0015523364426107162
176.4062576612903,0.990678162251737,0.0017115885275929671,0.003645301519877835,0.00396494770079362
177.41429341935483,0.9928586212651784,0.0017359222506173543,0.0035244677705026798,0.001880988713702303
178.42232917741936,0.9919977740551005,0.0017487482764315598,0.003348327064078718,0.002905150604390178
179.43036493548385,0.9934055818761556,0.0017706812141302078,0.003199305641322744,0.0016244312683928149
180.43840069354837,0.9935641254487602,0.0017848887463713908,0.003035895002583695,0.0016150908022843395
181.4464364516129,0.9941674565819887,0.0018024531283908503,0.002904235591469152,0.001125854698151355
182.45447220967742,0.9936477465624988,0.001815099678527656,0.0027307470574959004,0.001806406701478671
183.4625079677419,0.9944031314339108,0.0018305822607588946,0.0026316859286461903,0.0011346003766840478
184.47054372580644,0.9930791594749446,0.0018396122384131074,0.0024702669829213355,0.002610961303721242
185.47857948387096,0.9942442285217313,0.0018552745652121304,0.0023743309543898944,0.001526165958667449
186.48661524193548,0.993486597127972,0.001862867321337533,0.0022515070277233894,0.0023990285229673744
187.49465099999998,0.9944417285308461,0.001877666756477332,0.002143802132190952,0.0015368025804844707
188.5026867580645,0.9946514982360681,0.0018863285372902338,0.0020506708467843346,0.0014115023798561327
189.51072251612902,0.9950962078360639,0.0018986588551774383,0.0019544380353200526,0.0010506952734397298
190.51875827419354,0.9952029822923687,0.001907618374096013,0.0018670428704579587,0.001022356463076572
191.52679403225804,0.9954968159758608,0.0019184378954753515,0.0018031113592844204,0.0007816347693800009
192.53482979032256,0.9949153732722988,0.001925788259520113,0.001719388524307286,0.0014394499438749057
193.54286554838708,0.9953658783007449,0.0019369810540455046,0.001673367685516639,0.001023772959693876
194.5509013064516,0.9948388985573418,0.0019431068919875244,0.0016091801142499814,0.001608814436421844
195.55893706451613,0.9952795192398762,0.0019545993876128563,0.0015574139851413822,0.0012084673873698644
196.56697282258062,0.995418768697446,0.0019613149414316206,0.0015155573703696248,0.0011043589907523447
197.57500858064515,0.9956363393525836,0.0019716088817734647,0.0014596059711389762,0.0009324457945041844
198.58304433870967,0.995953098494951,0.0019790033862503663,0.0014243504372782152,0.0006435476815203481
199.5910800967742,0.9960500795972712,0.0019878110059914195,0.0013809105183541772,0.0005811988783825131
200.5991158548387,0.9959388546159762,0.0019943201442540635,0.0013407946718648346,0.0007260305679041396
201.6071516129032,0.9960538981785879,0.002002668341082349,0.0013102746179950518,0.000633158862335436
202.61518737096773,0.9957789353443851,0.00200788911939817,0.0012697559807177473,0.0009434195554989218
203.62322312903225,0.9958822162263528,0.002016244733952559,0.0012351286365938302,0.0008664104031023759
204.63125888709675,0.9959802638590561,0.002021315305625569,0.0012016438927228631,0.0007967769425961609
205.63929464516127,0.9960291589375416,0.0020291403887633076,0.0011537750754264365,0.0007879255982693365
206.6473304032258,0.9963826828415797,0.002034710403332847,0.0011236730363130716,0.00045893371877384363
207.65536616129032,0.9964157970207008,0.002041645688136918,0.0010709705996761218,0.0004715866914864142
208.6634019193548,0.9965658649318978,0.0020470913943012896,0.001035202009521064,0.00035184166428208586
209.67143767741933,0.996613568257384,0.0020534920928499266,0.000986953117041787,0.0003459865327260037
210.67947343548386,0.9965538153051023,0.0020580890373037464,0.0009439538385248452,0.0004441418190705867
211.68750919354838,0.996564039945425,0.002064225146814081,0.0008966767245956791,0.0004750581831656451
212.6955449516129,0.9966412215670732,0.0020681272317356393,0.0008520755734729515,0.00043857562771846593
213.7035807096774,0.9965987162983393,0.002073659751971343,0.0007978838464651016,0.0005297401032236779
214.71161646774192,0.9968791068149243,0.0020773157919484436,0.0007554659352574528,0.00028811145787053453
215.71965222580644,0.9968605922887448,0.002081829245452837,0.0006952152505018653,0.0003623632153015968
216.72768798387096,0.9970797784542683,0.002085101906744431,0.0006534934705916721,0.00018162616839651543
217.73572374193546,0.9971062758481916,0.002088634323707461,0.000594913840548594,0.0002101759875536762
218.74375949999998,0.9971567476776715,0.002091117903223849,0.0005518355727855479,0.00020029884632016378
219.7517952580645,0.9971665140813799,0.002093935999696103,0.0004993152546433677,0.00024023466428143496
220.75983101612903,0.9972257712914447,0.0020956751055063944,0.00045626417149971456,0.00022228943155057292
221.76786677419352,0.9971891666277579,0.0020979110367232425,0.00040806980733106653,0.00030485252818677295
222.77590253225804,0.9973654043936964,0.002099228619629086,0.00036838712467494265,0.00016697986200130214
223.78393829032257,0.9973299362134553,0.0021009186578891657,0.00032249986006889036,0.00024664526858862756
224.7919740483871,0.997511933007653,0.00210197341965312,0.0002880215481320645,9.807202456340684e-05
225.8000098064516,0.9975211807177501,0.002103199715405138,0.00024622048416579595,0.00012939908267957506
226.8080455645161,0.997603685130894,0.002103979786613936,0.00021672039767589015,7.561468481571168e-05
227.81608132258063,0.997621977059429,0.00210485125371495,0.00018195142402855873,9.122026282844168e-05
228.82411708064515,0.9976597810560608,0.0021053332765286017,0.0001567241006951143,7.816156671646599e-05
229.83215283870967,0.9976435982481874,0.00210590330341728,0.00012956035443420906,0.00012093809396349128
230.84018859677417,0.9977185122910083,0.0021061581252463614,0.00010875132515605745,6.657825859044837e-05
231.8482243548387,0.9976889511978785,0.002106440200844055,8.771274029745779e-05,0.00011689586098010035
232.85626011290321,0.9977784919141655,0.002106536957361406,7.175996819128698e-05,4.321116028188391e-05
233.86429587096774,0.9977668003377447,0.0021065971379072433,5.564489786775419e-05,7.095762648274936e-05
234.87233162903223,0.9978165997996549,0.0021065520412275533,4.43314138806906e-05,3.251674523733865e-05
235.88036738709675,0.9978195597613659,0.002106476672763456,3.281548574676231e-05,4.1148080123631023e-05
236.88840314516128,0.9978369418551323,0.002106349179115103,2.5235052157047525e-05,3.147391359608125e-05
237.8964389032258,0.9978345171182833,0.002106214050136779,1.7875084895567953e-05,4.139374668476224e-05
238.9044746612903,0.9978535917603137,0.002106089865432443,1.3051555280011173e-05,2.7266818975689277e-05
239.91251041935482,0.9978436018143702,0.0021059652647613877,8.813014068682712e-06,4.161990680075689e-05
240.92054617741934,0.9978684379096567,0.0021058778256187955,6.029075114355572e-06,1.965518961316632e-05
241.92858193548386,0.9978630668464464,0.002105801558532888,3.7955107735268464e-06,2.7336084248441886e-05
242.93661769354838,0.9978782462028783,0.0021057518107810377,2.4498935111927134e-06,1.3552092831048704e-05
243.94465345161288,0.9978785313730907,0.0021057222028635007,1.4266830826660812e-06,1.4319740964290843e-05
244.9526892096774,0.997882406708215,0.002105705053590574,9.236395138918724e-07,1.0964598680790513e-05
245.96072496774192,0.9978828217571942,0.002105700017551985,5.655775734426575e-07,1.0912647681542587e-05
246.96876072580645,0.9978841022533054,0.00210569719666773,4.2871647366896683e-07,9.771833554560677e-06
247.97679648387094,0.9978843235563923,0.002105696637062063,3.4092015029940516e-07,9.638886396490305e-06
248.98483224193546,0.9978848224427386,0.0021056930334247236,3.1075551020463165e-07,9.173768328212703e-06
249.992868,0.9978850742222036,0.0021056860048128375,2.970672431964957e-07,8.942705743544185e-06
