tg,0-2,2-2,8-2,other
0.0,1.0,0.0,0.0,0.0
1.0062901446540882,0.999999893026511,6.454396705500722e-17,1.2084089913877842e-08,9.488940148791751e-08
2.0125802893081763,0.9999968032176225,1.9594280638557064e-14,2.06666452471027e-07,2.9901159065131612e-06
3.0188704339622645,0.9999971995321395,3.9878461917754775e-13,1.050148042684718e-06,1.7503194207454973e-06
4.025160578616353,0.9999739926262498,3.9746895916656986e-12,3.4362924362375272e-06,2.257107734133126e-05
5.03145072327044,0.9999861285983296,2.094161528165084e-11,8.438220477179167e-06,5.433160253842482e-06
6.037740867924529,0.9999232081990395,8.759161686144276e-11,1.7737892170493187e-05,5.905382120084645e-05
7.044031012578618,0.9999514600530571,3.159469492419537e-10,3.372005440944397e-05,1.4819576588977215e-05
8.050321157232705,0.9998515303250834,8.657185333512768e-10,5.772740549567278e-05,9.074140370289996e-05
9.056611301886793,0.9998717370062484,2.5056916141140996e-09,9.607849024410972e-05,3.2181997816731316e-05
10.06290144654088,0.9997646704942733,5.516537695602394e-09,0.0001465938734051082,8.873011578886381e-05
11.06919159119497,0.9997350753725558,1.3315838265495499e-08,0.00022335881626750595,4.155249533852934e-05
12.075481735849058,0.9995914981424278,2.646432805361429e-08,0.00031775639414566623,9.071899909851958e-05
13.081771880503146,0.9994969022296232,5.5269417650698883e-08,0.0004524446550045725,5.059784595709643e-05
14.088062025157235,0.9991791589893868,1.0046117792193669e-07,0.0006139349021733492,0.0002068056472623411
15.094352169811323,0.9990781773582349,1.896219652322906e-07,0.0008296387478625664,9.199427193815162e-05
16.10064231446541,0.9984818670161897,3.127348319794373e-07,0.0010849328405352144,0.00043288740844449406
17.1069324591195,0.9983720079817107,5.595611477039534e-07,0.0014126108831007185,0.00021482157404341656
18.113222603773586,0.997585666866197,8.48336169952294e-07,0.0017898946711483823,0.0006235901264860439
19.119512748427674,0.9973195396110145,1.459640507664021e-06,0.0022742837034112925,0.00040471704506852657
20.12580289308176,0.9965816307666879,2.106551567111192e-06,0.002805529686399605,0.0006107329953461932
21.132093037735853,0.9959876950184166,3.4585929810548463e-06,0.0035041873323641204,0.0005046590562412793
22.13838318238994,0.995338003097289,4.912081694228155e-06,0.004229834986318497,0.00042724983470000675
23.14467332704403,0.9943408471680919,7.662682181093172e-06,0.0052020307675736295,0.00044945938215430417
24.150963471698116,0.9934137240568239,1.0753701640528921e-05,0.0061705562499534666,0.0004049659915865853
25.157253616352204,0.9920939592373903,1.608759710850441e-05,0.0074554448163178305,0.0004345083491836177
26.16354376100629,0.990521215594592,2.194846526139042e-05,0.008713361550416378,0.0007434743897299132
27.16983390566038,0.9887899711669986,3.2040208155829357e-05,0.01034514643894828,0.0008328421859008449
28.17612405031447,0.9867470021433945,4.2096921589885804e-05,0.011973736819748336,0.0012371641152676743
29.18241419496856,0.9841742116825487,6.039870652483252e-05,0.013981721398434026,0.0017836682124922761
30.188704339622646,0.982379230522349,7.71928306335005e-05,0.01608609370207899,0.0014574829449373872
31.194994484276734,0.9786598788029228,0.00010817950749801049,0.018537607237056362,0.002694334452521587
32.20128462893082,0.9774466943867137,0.00013731486769988138,0.021219076445416516,0.0011969143001702653
33.20757477358491,0.9727780158896281,0.000186716907156142,0.024262690182153896,0.002772577021063158
34.213864918239,0.9713732341486682,0.00023767070131439286,0.027542611028424677,0.0008464841215933046
35.220155062893085,0.9662191428582386,0.00031467430131793667,0.03137668862929592,0.002089494211150705
36.22644520754717,0.9634975278284399,0.0003983537349080518,0.0351773006528481,0.0009268177838060063
37.23273535220126,0.9577144440545713,0.0005192482798528013,0.03984001686128388,0.0019262908042926754
38.23902549685535,0.953685335222896,0.0006456834849721833,0.04423003982330155,0.0014389414688301425
39.245315641509436,0.9459621227839237,0.0008331276914020011,0.04941971563398787,0.003785033890686166
40.25160578616352,0.9421948382110552,0.0010167541224690452,0.05487039576514523,0.0019180119013312757
41.25789593081762,0.9313389488341794,0.0012920943388202233,0.06010752252947091,0.0072614342975295156
42.264186075471706,0.9291877877674899,0.0015658160063377015,0.06728421782607301,0.0019621784000986697
43.27047622012579,0.9157721651493143,0.0019456963742341567,0.0725410092471691,0.009741129229283222
44.27676636477988,0.9142718461706595,0.0023656923978691425,0.08156467367774782,0.0017977877537244788
45.28305650943397,0.9004070426089352,0.0028781031561149104,0.08769501252293184,0.009019841712018896
46.28934665408806,0.896863298490949,0.0035031839208553017,0.09769744029489139,0.0019360772933027719
47.295636798742144,0.8838578082624768,0.0042140113455842974,0.10573102368333612,0.006197156708602154
48.30192694339623,0.8767903735051343,0.0050826808293190865,0.11571294745264893,0.0024139982128962394
49.30821708805032,0.8629698212646906,0.006085045902030504,0.1251979382716418,0.005747194561638401
50.31450723270441,0.8541334997760028,0.007236366187297907,0.13570917763992907,0.0029209563967721713
51.320797377358495,0.8363034912686429,0.008587699009413374,0.14417790058692592,0.01093090913501788
52.32708752201258,0.8288382347334312,0.010129614914975405,0.15762996937032628,0.0034021809812661186
53.33337766666667,0.8061789920337589,0.011813832625173552,0.16294877547694522,0.019058399864121445
54.33966781132076,0.8005677159579692,0.013947375439722347,0.18113014996467103,0.004354758637637222
55.345957955974846,0.7760871827947479,0.015958675913778333,0.18461861917434694,0.023335522117127777
56.35224810062894,0.7692158955428479,0.018878787170414888,0.2059742707821705,0.005931046504568013
57.35853824528303,0.7468686699288181,0.02138067534570223,0.2118952367809428,0.019855417944538156
58.36482838993712,0.7353002100794339,0.025148419704659676,0.2323545353748662,0.007196834841040268
59.371118534591204,0.7154991451338977,0.028460206461759417,0.24306595491470429,0.01297469348963915
60.37740867924529,0.69924731903309,0.03304770617810104,0.26033220795795886,0.007372766830851446
61.38369882389938,0.6784046499352401,0.037351131400981265,0.27210903578270973,0.012135182881068313
62.38998896855347,0.6608208556103085,0.04289006325662478,0.2886385795544216,0.007650501578646158
63.396279113207555,0.6359911691279738,0.04799280817302733,0.29492540080631524,0.021090621892683355
64.40256925786164,0.6194680316051328,0.05489558636703325,0.3150429644150726,0.01059341761276014
65.40885940251573,0.5919950746026172,0.060472657267494206,0.3149198027957798,0.032612465334108436
66.41514954716982,0.5754303653217046,0.06915814082612882,0.33881315452341015,0.01659833932875803
67.4214396918239,0.5494244603072589,0.07534817497071986,0.339404325117333,0.03582303960468905
68.427729836478,0.5302914385708036,0.0858292987869805,0.3622370426771809,0.0216422199650344
69.43401998113208,0.5080337089543838,0.09339073037027852,0.3705328637261833,0.028042696949153335
70.44031012578617,0.4855446853450237,0.10529229608971959,0.38795105370830474,0.02121196485695087
71.44660027044026,0.4653040139881303,0.11483651866809859,0.40158538058969023,0.01827408675408028
72.45289041509434,0.4412337201080828,0.12795838168393353,0.41396379781522463,0.016844100392760842
73.45918055974843,0.42011673422936047,0.1391268317950256,0.42340322444933387,0.017353209526280812
74.46547070440252,0.3964600998017461,0.15378083126943715,0.4332344981124998,0.01652457081631362
75.47176084905661,0.37418911725210896,0.16561279216815555,0.43468159181659966,0.025516498763135276
76.4780509937107,0.35115603669470147,0.18214556944242405,0.44086705214273986,0.025831341720135424
77.48434113836478,0.3300360958379172,0.19443405098360345,0.4426514429531829,0.03287841022529591
78.49063128301887,0.3070864259932129,0.21257469747746754,0.4412512391486705,0.03908763738064842
79.49692142767296,0.2889325383770716,0.2264155461580547,0.45334246445176496,0.031309451013107774
80.50321157232705,0.266334930402147,0.2454363171773102,0.4442083665229841,0.0440203858975611
81.50950171698115,0.25056398318518597,0.26191798320302057,0.4645612627588104,0.022956770852981256
82.51579186163524,0.22938705175553042,0.28154184944581195,0.4535345180305308,0.03553658076812755
83.52208200628932,0.21432523456359395,0.30009622042678274,0.4692613371565363,0.01631720785308691
84.52837215094341,0.19521944328488539,0.3207520684890684,0.46100412657347895,0.023024361652568017
85.5346622955975,0.18040081762841956,0.3395963043537147,0.4641528501623822,0.015850027855483357
86.54095244025159,0.16303048505438505,0.3612528460323781,0.45422521728468673,0.021491451628551057
87.54724258490567,0.14949641681148723,0.3797487395594743,0.45242230911333875,0.01833253451569962
88.55353272955976,0.13352846967215568,0.4010557173387106,0.4316455111534199,0.03377030183571375
89.55982287421385,0.1221824496454325,0.42078036765953325,0.4385800532952136,0.018457129399820367
90.56611301886794,0.10792316104317876,0.4401459319943406,0.4053443169182994,0.046586590044182564
91.57240316352203,0.09850471069416483,0.4628468327185219,0.4233415093061115,0.015306947281201414
92.57869330817611,0.08649008092173888,0.48039837010547887,0.38714691801988455,0.04596463095289779
93.5849834528302,0.07819149821105711,0.505306510217095,0.4046824523647055,0.011819539207141787
94.59127359748429,0.06856025364987187,0.5230504426690505,0.3764733185388035,0.03191598514227468
95.59756374213838,0.06098838861951842,0.5471581134749538,0.38176723381512323,0.010086264090403259
96.60385388679246,0.05325588164723428,0.566427019247641,0.36248261632013773,0.017834482784988292
97.61014403144655,0.04667853624656832,0.5877974354645911,0.356088411968159,0.009435616320682235
98.61643417610064,0.0402878559926794,0.6070324651771513,0.33687967127056895,0.01580000755960096
99.62272432075473,0.03504346218424459,0.6271156788179026,0.3293404015829158,0.00850045741493808
100.62901446540882,0.029803990372116156,0.6431999697281021,0.3033473499393082,0.023648689960475783
101.6353046100629,0.025787804290315856,0.664917040123302,0.30196313334891145,0.007332022237472552
102.64159475471699,0.021694109648305118,0.6767415304417881,0.27196445496369137,0.029599904946214114
103.64788489937108,0.018571252473661662,0.700726534101258,0.27401373674476115,0.006688476680319586
104.65417504402517,0.015562258942925102,0.7106102038203033,0.24775919822152584,0.026068339015245832
105.66046518867925,0.01308021451173751,0.7342541568755201,0.2462678459670127,0.006397782645729443
106.66675533333334,0.01095613680199689,0.7453569152792829,0.22760151637522902,0.016085431543491072
107.67304547798743,0.009016356792643456,0.7656159480736818,0.21974099726939522,0.005626697864280308
108.67933562264152,0.007528985404609768,0.7783914442910204,0.20585783299942353,0.008221737304945853
109.6856257672956,0.006108956076709503,0.7949457030966407,0.19461116322402983,0.004334177602621306
110.69191591194969,0.0050759776299133825,0.806890045971285,0.18096326859680775,0.007070707801992778
111.69820605660378,0.004108391936936329,0.8219384339355305,0.17046650045196063,0.0034866736755732887
112.70449620125788,0.0034148819658519547,0.8307482174025338,0.15602352761317076,0.009813373018441813
113.71078634591197,0.002798268693436295,0.8461119373841668,0.14735308406960335,0.003736709852789923
114.71707649056606,0.0023652086651018726,0.8522763864424855,0.1342913800251968,0.01106702486721609
115.72336663522015,0.0020031956724805185,0.8675187821586836,0.12609385944517548,0.004384162723658421
116.72965677987423,0.0017614847563578629,0.8734055088820059,0.11608787309251019,0.008745133269125663
117.73594692452832,0.0015745051151473224,0.8868098932187604,0.10737750462798756,0.004238097038105647
118.74223706918241,0.0014656766935893678,0.8938224393859742,0.09981257089367507,0.004899313026760366
119.7485272138365,0.0013968848909010293,0.9045153201692182,0.09102757655274214,0.0030602183871381045
120.75481735849058,0.0013757091871935613,0.911838129726308,0.08436192023725923,0.0024242408492379324
121.76110750314467,0.0013774841237993792,0.9204301478362024,0.07636331220105733,0.0018290558389424127
122.76739764779876,0.0014077094785977635,0.9264754412622018,0.07002400163942275,0.0020928476197794926
123.77368779245285,0.001448959989700831,0.9339377434655651,0.06305741573709624,0.0015558808076358973
124.77997793710693,0.001505342823192212,0.938347667825562,0.05754152341659293,0.002605465934652815
125.78626808176102,0.0015666682030990697,0.9449270811835273,0.05137732309627093,0.002128927517103158
126.79255822641511,0.001631081142203914,0.9487031272729289,0.04710139726641199,0.0025643943184567634
127.7988483710692,0.0016982639599671125,0.9540727944933726,0.041643294729192495,0.002585646817468879
128.80513851572329,0.0017595767045084374,0.9581178925260603,0.03833684586055906,0.0017856849088732688
129.81142866037737,0.0018258966951447105,0.9621935860392292,0.03373846035675388,0.0022420569088704738
130.81771880503146,0.0018770746606753895,0.9663151449363434,0.030888121684276897,0.000919658718706426
131.82400894968555,0.0019343587345646675,0.9694789803058055,0.027231268416726843,0.0013553925429040095
132.83029909433964,0.0019716964424399313,0.9728821842142997,0.02466167762601209,0.0004844417172505121
133.83658923899372,0.0020150677230642683,0.9755045600873813,0.021792792942314242,0.0006875792472418862
134.8428793836478,0.002039701912706503,0.9778736684256236,0.019655224770691513,0.0004314048909795843
135.8491695283019,0.0020676285268828943,0.9799340321454375,0.017377911533499383,0.0006204277941814954
136.855459672956,0.0020816065444975436,0.9817084973956827,0.01576846652849185,0.0004414295313287131
137.86174981761008,0.0020941348092077747,0.9830282256224235,0.014002169200186747,0.0008754703681825963
138.86803996226416,0.002099830889739565,0.9847345437034272,0.01281271969181295,0.00035290571502277345
139.87433010691825,0.0021020724221236446,0.9853854083732801,0.011550742012711874,0.0009617771918851967
140.88062025157234,0.002100248043558868,0.9870744154030722,0.01061187915855135,0.00021345739481831708
141.88691039622643,0.0020958939459295753,0.9873955901468925,0.009791790114638975,0.0007167257925408091
142.8932005408805,0.0020868739440626782,0.9887494391175946,0.009046595632948864,0.00011709130539213451
143.8994906855346,0.002077986313204514,0.9890180980624536,0.008539131912421085,0.0003647837119244907
144.9057808301887,0.0020643616036563153,0.9898434934095568,0.008013075647973305,7.906933881424992e-05
145.91207097484278,0.0020527078550951197,0.9900787313015225,0.0077097606551620994,0.00015880018822175723
146.91836111949686,0.00203699080889244,0.9905076613809026,0.007394416078021449,6.093173218501739e-05
147.92465126415095,0.0020229871057351506,0.9905919126953222,0.0072546539475070015,0.00013044625143638987
148.93094140880504,0.0020075405097798892,0.9908593949964816,0.007089249881341324,4.3814612396916154e-05
149.93723155345913,0.0019932827147155887,0.9907805104679178,0.007077303105416544,0.0001489037119509523
150.94352169811322,0.0019796124517482685,0.991000243914351,0.006991740781619773,2.8402852281443127e-05
151.9498118427673,0.0019669882194420676,0.9908585911362081,0.007054639864875097,0.00011978077947359755
152.9561019874214,0.001955212200818309,0.991000932377047,0.007024913536457277,1.8941885677682138e-05
153.96239213207548,0.001945115845436444,0.9908888174100746,0.007105032928040754,6.1033816447907725e-05
154.96868227672957,0.0019359276972415644,0.9909298253654185,0.0071211372056442426,1.31097316970469e-05
155.97497242138365,0.0019289115176479871,0.9908619425196296,0.007188292214662429,2.0853748063678146e-05
156.98126256603774,0.0019228201860093219,0.9908439544275444,0.007224722093366231,8.50329308006035e-06
157.98755271069183,0.0019188766229553613,0.9908024950486993,0.007270320829007294,8.307499338383376e-06
158.99384285534592,0.0019162356987405492,0.9907820423195512,0.007295071391801318,6.650589905375678e-06
160.000133,0.0019154350648531962,0.9907701555373674,0.007307811286830305,6.598110953264178e-06
