,00,02,20,22,50,01,10,08,80,14,41,05,12,82,45,21,28,25,52,91
0,0.0,0.0,0.0,1.0,0.0,0.0,0.0,0.0,0.0,0.0,0.0,0.0,0.0,0.0,0.0,0.0,0.0,0.0,0.0,0.0
1,9.625651048171256e-23,5.784396899757754e-15,1.1251836792298171e-21,0.9999981706308144,1.4909263454239023e-13,1.2130031449847735e-16,2.3433456615408356e-16,2.7410139336441114e-15,3.85051536708926e-16,7.896339547012053e-16,9.939192970179685e-15,6.933516094107776e-12,1.047000952129717e-10,3.49403826547832e-08,1.137977391728096e-08,8.271135650450443e-13,1.0650878609809314e-10,1.4986264890262149e-07,1.6329619148495395e-06,5.3269096789557285e-12
2,1.0995349227273812e-21,1.2125625821599882e-12,3.234312779070838e-19,0.9999807256897069,6.144336935727989e-13,2.1515352931080817e-17,3.634430970156381e-17,9.52507843837808e-15,1.2688254038635542e-15,2.4088061529724205e-15,3.2395272619221794e-14,3.0655133341703454e-11,4.308497469200496e-10,2.959683288696208e-07,1.6377039650043687e-08,3.476170389103346e-12,4.121391794814456e-09,1.5266179184636797e-06,1.743069057738286e-05,6.818338450307789e-11
3,2.1196347531262065e-20,2.571540805632177e-11,7.525466930305066e-19,0.9999756102707191,1.7626916561144752e-12,7.942931022409491e-16,1.5453353795687787e-15,3.179308230439909e-14,4.033450511329778e-15,7.799418405872779e-15,1.0230949294418072e-13,8.082578266020234e-11,1.2220564262877235e-09,1.554222110687256e-06,1.4380022003278e-07,1.0495218720204257e-11,3.372004029204269e-09,2.1074902909822764e-06,2.057921260645093e-05,2.910445949648795e-10
4,7.682373983945376e-20,2.1412954099545071e-10,3.624315995140335e-18,0.99984363946157,6.743884949519755e-12,4.659794887550181e-16,5.878731156331161e-16,1.1500258864999557e-13,1.4371198524627497e-14,2.8365169108956972e-14,3.6794204109071173e-13,3.2301772431879307e-10,4.667987522992186e-09,2.970784520599464e-06,4.820765560151719e-08,4.0399656274257993e-11,1.509730683346173e-08,1.1007369715378067e-05,0.00014231272517406144,1.1012524314982418e-09
5,2.9619825279402996e-19,1.01838654247666e-09,4.2101920159422905e-17,0.9998957521048981,5.0068420442103465e-12,1.4398586343285845e-15,2.512290110378987e-15,8.610888820359429e-14,1.0583495113230194e-14,2.0334105058270365e-14,2.668582488535514e-13,2.3842684037251537e-10,3.5190375396720048e-09,5.903493651298378e-06,2.7381982403669055e-07,2.849710616767378e-11,9.59871478537832e-09,7.416757195148612e-06,9.063740938315568e-05,2.006590741179836e-09
6,1.0116611827602484e-18,3.5312292425910923e-09,5.695208518225449e-17,0.9996338007679209,1.8633873089397704e-11,2.3048107551040858e-15,3.709337413906683e-15,3.0942424908202106e-13,3.9338349584164924e-14,7.943279800592995e-14,1.0153272361707784e-12,8.605564230117151e-10,1.2689142753120248e-08,7.573377920516928e-06,3.0218223496325e-07,1.0744878533498568e-10,3.829786706421963e-08,2.6671842879570274e-05,0.0003315910512938378,5.2714221714774785e-09
7,9.461800614853119e-19,8.802672629042913e-09,7.622297749673792e-16,0.9998198128666084,4.6583794317824794e-12,1.7781549493198183e-15,3.018185204729025e-15,8.145066577895677e-14,9.34638466158322e-15,1.8833851361258398e-14,2.410061382223613e-13,2.5017294168119537e-10,3.3979135047270624e-09,8.204399095341743e-06,2.990785846827244e-07,2.796835432054085e-11,3.514810400989629e-08,1.1270934874019328e-05,0.00016035840042245478,6.6885686602732e-09
8,3.23011749940498e-18,1.9352995056560572e-08,1.8665675951124106e-15,0.9996182280670886,2.314983639155211e-11,6.797946963665582e-15,1.2007671323254735e-14,3.8347083575243496e-13,5.0913285900619104e-14,1.0056498801086682e-13,1.2932625660132612e-12,1.0602357529753612e-09,1.5619377189592917e-08,1.3237913733354832e-05,1.1872976449508406e-06,1.3271869320484577e-10,3.1521418504766345e-08,3.0020932983324408e-05,0.000337244188706225,1.3888100153215191e-08
9,1.8452504169822948e-18,3.5898493876018094e-08,5.382256839502418e-15,0.9997918796320817,1.1495028862394892e-12,2.226942529509091e-15,4.1833508237708485e-15,7.485825295777717e-16,4.686509061020857e-16,1.0875728951972301e-15,3.000989338490319e-14,7.844618129560275e-11,6.186089395821409e-10,1.0104214702917219e-05,5.78096186698909e-07,8.898774168439119e-12,4.803705707082654e-08,1.2727345422001366e-05,0.00018461168980947131,1.4379098445670186e-08
10,2.5184990013816693e-18,6.534804778414564e-08,1.2132557519641074e-14,0.9997747105713127,1.650580645516698e-11,1.2556823787291012e-14,2.315796500818361e-14,3.449632816923107e-13,3.9551939053851833e-14,7.536959578612827e-14,9.426802635544642e-13,7.604730453533706e-10,1.123996706081386e-08,2.7353275606467038e-05,2.092217238924535e-06,9.671154723988556e-11,3.152529438921117e-08,1.6854188143738302e-05,0.00017885586351730517,2.4895730298624672e-08
11,7.175610515744195e-18,1.1071889448413824e-07,2.6432207082722625e-14,0.9992629197482473,2.542359805835507e-11,3.18744530272143e-15,5.422953590246656e-15,5.158565896499126e-13,5.3674688757461384e-14,1.0516469798075163e-13,1.3527806044932376e-12,1.3882837400858159e-09,1.9834483204754045e-08,1.7791288463951225e-05,6.749518130477492e-07,1.522659923074594e-10,1.1360607993967235e-07,5.165597233320164e-05,0.0006666907876241076,2.1524024448117694e-08
12,4.459193948094452e-19,1.9677666867748499e-07,3.971825013442637e-14,0.999900821874493,8.61364381632307e-12,1.6700843912986992e-14,3.1730620155538224e-14,2.367549627056689e-13,2.0488560452546356e-14,4.013378801211164e-14,4.81205036621174e-13,3.873032640116887e-10,5.958777429754298e-09,4.9308842974342114e-05,3.1974650714118498e-06,4.7784297691574944e-11,2.6549497777654442e-08,5.12952876907066e-06,4.127804132307947e-05,3.4517857256526915e-08
13,1.0416209203357139e-17,3.226928361420504e-07,7.681669379728774e-14,0.9975472555355565,1.1348199218943227e-10,4.2916926051808894e-15,5.169189557281077e-15,2.956025407395334e-12,2.4684796337964154e-13,4.821548044330287e-13,6.195790779859189e-12,6.309842751929554e-09,9.376636044516751e-08,2.135893627182581e-05,2.1002217065272931e-07,6.571907303709709e-10,2.3415300911354283e-07,0.0001799797408208206,0.0022505137828577404,2.4279634443473065e-08
14,1.5973267200163045e-18,5.336605518350506e-07,8.297845019459206e-14,0.9999025328361961,3.9134186618394605e-12,2.0357882010911865e-14,3.9078039940050145e-14,4.925030276703273e-14,5.2741302131268864e-15,1.3513909656299752e-14,2.1377223177267062e-13,1.752903013040825e-10,2.579222570641453e-09,6.303132505631148e-05,4.2407836081028865e-06,2.2639451962370054e-11,5.990167412552459e-08,2.833962694320021e-06,2.6723615990790685e-05,4.113273833364173e-08
15,9.278194776595109e-18,8.116673984206751e-07,1.439405354051146e-13,0.9956539472199547,2.131006174664648e-10,6.375268214571329e-15,8.098791941375934e-15,5.1135410202026564e-12,4.3882480369504214e-13,8.846696649705146e-13,1.1673905907133363e-11,1.1208157026179633e-08,1.6734543326718474e-07,2.0857370972333084e-05,1.4379747174505673e-07,1.234199681828366e-09,3.907069794736582e-07,0.0003256237487185515,0.003998018820973826,2.66483708161456e-08
16,8.416086732115726e-18,1.1900132060427052e-06,1.2413465253859585e-13,0.9998559801430593,8.058338220014899e-13,2.5601596234010466e-14,5.017385979574989e-14,1.235478518904107e-13,4.496190412146069e-16,8.357784752244139e-17,3.279361054349084e-14,7.928252665180931e-11,9.312122284368326e-10,7.28101820917898e-05,5.100905488368391e-06,6.05216400127058e-12,7.931436699857563e-08,4.120608484013596e-06,6.0670534412833065e-05,4.728118143863713e-08
17,9.563670423995954e-17,1.682998727992717e-06,1.5701867427208628e-13,0.9957619935982228,2.046283729338448e-10,1.5065035183875106e-14,2.389181966857786e-14,2.399143712484412e-12,3.781741012531494e-13,8.173910355797481e-13,1.1299623251168103e-11,8.714541804997324e-09,1.2419315063838874e-07,4.805712150382661e-05,2.119772508682323e-06,1.1965842076198698e-09,4.1869611209917484e-07,0.000317981919534762,0.003867573099444042,3.8469950150779366e-08
18,1.790531078069042e-17,2.2920564951707245e-06,1.4511621293707105e-13,0.99968147774359,9.206062193059334e-12,3.458744823812969e-14,6.704374093721812e-14,5.341945084204665e-13,1.9400391634960463e-14,3.733189126239791e-14,4.941818459185071e-13,2.758597047948035e-10,3.7807326027061446e-09,0.00010466616711204078,7.173822653315995e-06,5.428769023080313e-11,1.2658250930953973e-07,1.5294252160523344e-05,0.00018890655281009056,5.870125201434288e-08
19,1.3488183965635636e-16,3.155294357577114e-06,1.2875699617761508e-13,0.9976625423781895,9.01721744589749e-11,2.9837531199758146e-14,4.778456805923591e-14,7.465099971441065e-14,1.647760759708816e-13,3.52125004716791e-13,4.926209559558882e-12,2.3593842559661695e-09,2.767473441255946e-08,0.00010491128281217014,5.018133131551768e-06,5.361824677969336e-10,3.16421917531138e-07,0.00016096147708144877,0.0020630018367551826,6.250955749177137e-08
20,1.2891941669446648e-16,4.242300466664994e-06,1.1755368960139375e-13,0.998341822272256,8.733522266837889e-11,3.608582919578457e-14,8.238325481404284e-14,1.1800277983465436e-14,1.1163608647971397e-13,2.937462820524981e-13,4.963809682756126e-12,3.5401277814634846e-09,4.823836659234463e-08,0.00014341009307896344,8.900795173769804e-06,5.110702233381408e-10,1.9929580519684293e-07,0.00011742502102125452,0.0013838704525203228,7.738716137749956e-08
21,7.1219371658074e-17,5.740253847796707e-06,1.3219387758487326e-13,0.9988909625941131,8.728660409592372e-12,3.5362435290740465e-14,6.294315883376041e-14,3.0228181513589467e-12,3.572571077401148e-14,3.353595273516117e-14,3.125375413746894e-13,1.074494149240612e-09,1.6623697287266708e-08,0.00014612484090062815,7.56394149727774e-06,6.045618186083657e-11,3.133789232558077e-07,5.970525728159612e-05,0.0008894768227497539,9.513967489593866e-08
22,3.86266081437364e-16,7.538900181583022e-06,1.9846716461568412e-13,0.9939941253361138,3.2087911338196764e-10,1.3236735718048825e-14,7.223855203748062e-14,8.792897937131466e-12,5.437148788632847e-13,1.1670601667937239e-12,1.7767390191271874e-11,2.239114636912803e-08,3.4329693206189905e-07,0.0001370856689597401,7.710466257613123e-06,1.852940909379098e-09,5.421992377218366e-07,0.00044918736868198537,0.005403345236980772,9.693313315002398e-08
23,2.802902784691935e-16,9.833954815311255e-06,2.54724387848135e-13,0.9984551455274675,3.1977656016488495e-11,4.133994878142058e-14,8.554330931354141e-14,3.2841697577726446e-12,1.3867297888115421e-14,5.6510975033983e-14,1.6764558072158892e-12,1.6313905886154101e-09,2.1038648299919028e-08,0.0001762907293382019,1.0582699661472621e-05,2.0043037899322326e-10,3.477279899923439e-07,9.265702546145062e-05,0.0012549792203594026,1.4020704695557256e-07
24,4.1001705209521505e-16,1.2218492651093064e-05,7.207394274364048e-13,0.9879635660944381,6.202620033875923e-10,3.950278554644196e-15,3.6506217369369137e-14,4.991343598456333e-11,1.4714849071321642e-12,2.6052894759008455e-12,3.343075641168451e-11,6.374859541757492e-08,1.0440562690987373e-06,9.923082018793712e-05,3.604405730227702e-06,3.5163469242533285e-09,1.0117195658824272e-06,0.0009061052051727841,0.011013033703852489,1.1752874589315947e-07
25,2.6281451492972664e-16,1.551920539137492e-05,7.246790020804877e-13,0.9978936331731766,9.712539761746309e-11,1.1211512438483621e-13,1.623032045171257e-13,5.655053076088198e-12,3.117108256427756e-13,4.898815974177667e-13,5.367937950446605e-12,1.0248912660060573e-09,8.414082924685407e-09,0.0002599320487590696,1.6368234368973244e-05,5.769189333487748e-10,3.5969896995157374e-07,0.00013940846365987942,0.0016745639174274756,2.0513240446973686e-07
26,2.5056808005493504e-16,1.869472274052365e-05,1.6381160000445807e-12,0.9861728732958281,6.4963953311902e-10,2.8316289027419396e-14,9.65563599729881e-15,8.771643606020176e-11,1.731781467851459e-12,2.9044783518868115e-12,3.45514897708645e-11,7.919569058268543e-08,1.3434553678195443e-06,0.00011588477298873028,6.538778542883793e-07,3.687309517346258e-09,1.3546620743410453e-06,0.0010217819814913273,0.012667171324382548,1.5824605227577395e-07
27,5.528972493822503e-17,2.3562776357776883e-05,1.6842707136814912e-12,0.9979822501799438,1.531723323931277e-10,2.649244996893191e-13,2.973827387248315e-13,1.8153966929126815e-11,1.0256410727490819e-12,1.3353177222004744e-12,8.476435134033142e-12,2.0216806510448885e-09,3.550722112467526e-08,0.0003991335391538098,2.6689757818058666e-05,8.981781181843247e-10,2.0434037866042125e-07,0.00013996146273877042,0.0014278746416834028,2.8469043582680933e-07
28,2.6845353283242585e-16,2.857912666593909e-05,2.402279647607639e-12,0.9909328312764758,2.914097693783676e-10,2.4913840832627244e-14,3.626678359543188e-15,6.269090030775548e-11,5.230750252402852e-13,1.0564723664234733e-12,1.553490121671685e-11,2.7737047801784418e-08,5.030360884104467e-07,0.0002034337878129476,3.2121409200680836e-06,1.7276812362475507e-09,1.2344588088682607e-06,0.000618959910056633,0.00821098925593468,2.2716886120582298e-07
29,2.9816905682974275e-17,3.562587515214969e-05,2.8905854034064787e-12,0.9974481179349669,2.443057598366354e-10,4.0581508005626435e-13,4.2395155541920877e-13,2.592075072129359e-11,1.585859659576689e-12,2.0998078324560736e-12,1.371466340871148e-11,3.5990818788917575e-09,5.5424720226103506e-08,0.0005176037035532276,3.6138328156209175e-05,1.424635749391422e-09,1.4541416841091213e-07,0.00019468614655105418,0.0017672592295977715,3.6262806841955563e-07
30,8.287150990058194e-16,4.2751181703223815e-05,3.5056821382546017e-12,0.9946129533399523,2.6191251687634116e-11,6.89771794955938e-16,1.3015696342689062e-14,7.630166204570982e-11,1.8424389057969144e-13,6.933810502280265e-14,8.021967366021767e-13,6.316349808904781e-09,1.854365973421602e-07,0.00027577934520468794,6.9783306154519805e-06,2.2680121341276582e-10,1.1465191435058045e-06,0.0003183730445475083,0.004741528861002695,2.972910129467317e-07
31,1.4695216123409157e-15,5.2176691927437394e-05,3.791236536643014e-12,0.9938519607784153,4.48038558786641e-10,3.7577161487775843e-13,4.141767476113459e-13,1.3381458722976501e-11,1.1014960077478424e-12,2.008476171883298e-12,2.6088892648905352e-11,1.248518878274253e-08,1.6114133183257455e-07,0.0005645426540265803,3.9679073575894804e-05,2.641418604949555e-09,3.375240718643623e-07,0.00047007057109397404,0.005020634396552504,4.215471961423644e-07
32,3.372927779085421e-16,6.067738700233456e-05,4.8659925798075966e-12,0.9895720765972976,3.203107885874666e-10,2.7572102295178438e-14,1.4944035131444797e-14,1.8660074675439258e-10,1.0419060172256231e-12,1.3229308656034546e-12,1.6008582707851732e-11,7.96506663272818e-08,1.5012568099760279e-06,0.0003230832406164614,8.339410551734693e-06,1.7842633801635915e-09,1.5425332571740237e-06,0.0007029129347719506,0.009329424785726364,3.5988884359637156e-07
33,4.016649128935835e-15,7.234406920446948e-05,4.43829220410183e-12,0.9868085511786608,7.542723311161465e-10,1.749945475103232e-13,2.198698675389913e-13,6.061087135851325e-11,1.651817958402701e-13,1.4317889256553028e-12,4.386958597694178e-11,7.098016743570607e-08,1.1603666763222994e-06,0.0005475074157717568,3.360240974946944e-05,4.444382083427797e-09,1.0408440881405697e-06,0.000992201527439728,0.011543059379227767,4.5651944478004266e-07
34,4.347785246191329e-15,8.383266808847656e-05,5.025062961936275e-12,0.9815487752154064,8.329392279241066e-10,2.379768443807715e-13,6.903999329630044e-14,2.0695209485021806e-10,3.4867768834344106e-13,1.7803068594737205e-12,4.685163022902776e-11,1.0708177567593566e-07,1.966792640073621e-06,0.0004790612992225871,1.701263690864137e-05,4.8857810184611124e-09,1.7925235447081344e-06,0.001326521702170967,0.01654045031676421,4.7378348828768706e-07
35,1.398712549501381e-15,9.816595975643484e-05,5.388652556238752e-12,0.9814916450968559,8.905294089450734e-10,1.454035448399014e-13,5.943394975490783e-14,2.9635876001054516e-10,1.7490408895038799e-12,2.6056401552879947e-12,4.8099528687080004e-11,2.005641099555932e-07,3.614039781513945e-06,0.0005253411067312519,1.957801253613659e-05,4.999226016499871e-09,1.7668354429831818e-06,0.0013345661897994174,0.01652460707954352,5.088712800569745e-07
36,9.884573206286587e-15,0.00011699019320418844,4.286663333641589e-12,0.9811603056600955,9.95407986524546e-10,9.658731110968924e-13,4.1858845008525933e-13,1.5587986198614986e-10,1.7252153408697776e-12,3.3414047049358943e-12,5.817155096880777e-11,4.5322388420736735e-08,8.766775575265962e-07,0.0008083432034226506,4.230361269035025e-05,6.103731910762589e-09,1.4846932504582072e-06,0.0013938521462329829,0.01647509443384377,6.96733375324743e-07
37,3.949846968624088e-15,0.00013608099506404905,6.284486647591608e-12,0.9849387883004898,4.958297324231775e-10,2.500591976001369e-13,6.106914086878946e-14,5.450133338943619e-10,3.821034125709364e-12,3.431695149236044e-12,2.337417566080769e-11,2.0727989000896093e-07,4.0898924964840254e-06,0.0005897957577420209,1.3813433909746781e-05,2.665823531683532e-09,2.0415080346320623e-06,0.0010017413088564346,0.01331278452117751,6.532584464268505e-07
38,1.6853608234354509e-15,0.00016421184064064443,5.751138461068961e-12,0.9876108921833815,7.956972871417322e-10,2.010450800318171e-12,1.010011722168211e-12,1.6987505700319245e-10,8.529844164815797e-12,8.697437730960571e-12,4.464188578482595e-11,1.3484330125588172e-08,3.1526504605568825e-07,0.0011894808424030778,7.149333331480683e-05,4.90506842574752e-09,6.912587321352488e-07,0.0009199591354271387,0.010041929953910915,1.0067615305053668e-06
39,2.3273381115379897e-15,0.00018913984944382277,8.438171853620015e-12,0.989688047086498,4.243710302811824e-11,4.185152140844685e-14,3.913666989230437e-14,5.976837225782879e-10,2.4118219470503968e-12,1.0042094688146868e-12,1.2698769638206737e-12,4.745133204424995e-08,1.5691500787907297e-06,0.0007269798504254329,1.6755306510593512e-05,4.474902331709718e-10,2.039002366067447e-06,0.0005939338363732314,0.008780592600283556,8.947658696579935e-07
40,1.7704696917588956e-15,0.0002254001289488833,1.178897077335707e-11,0.9931376468316301,5.470425243697181e-10,2.4253740434041245e-12,1.3271137227587999e-12,2.0820708754839813e-10,1.390289019157985e-11,1.2191786337446197e-11,2.8719648647306003e-11,1.6241549910791634e-08,2.5074697822022797e-07,0.0014998642986210338,9.197459686790792e-05,3.316746103818801e-09,2.6532619081782567e-07,0.0004843130877407849,0.004558911375367408,1.3532237515653916e-06
41,3.6158227055143775e-15,0.00025124866275530976,1.8650801391018265e-11,0.9770560236705199,8.112866516290066e-10,7.76176716021052e-13,1.7260116346504908e-14,1.2404279899335705e-09,6.852034256008457e-12,5.342404931076033e-12,3.8367451486876636e-11,4.40803772678828e-07,9.016958853813882e-06,0.0007956840241612852,1.2876770409745449e-05,4.321719260237919e-09,2.784190196886752e-06,0.0015447609192062162,0.020325989039801116,1.1685168789183725e-06
42,3.841682309541121e-15,0.0003004576924946777,2.3013483934872815e-11,0.9938178974350906,4.147618267942389e-10,1.8335530509098043e-12,1.088240313579496e-12,2.4300101381315114e-10,1.2187155791159866e-11,9.071890562995652e-12,2.3690421790439856e-11,2.831169728487702e-08,3.522493525309497e-07,0.0017348176340727759,9.615651439292755e-05,2.5351057384564826e-09,4.032948264022816e-07,0.0003819033701291958,0.003666243251286781,1.7369828996436078e-06
43,8.739659504773859e-15,0.0003235808101639454,3.612294461148383e-11,0.9495610451989589,2.6446518458523755e-09,3.800719554024733e-12,1.0292730202559483e-13,2.8285506451835216e-09,1.475233592963372e-11,1.4616969655197374e-11,1.281093408658173e-10,1.52440168956657e-06,2.9244878698832304e-05,0.0008600118978328359,5.493991009082338e-06,1.3486303547476453e-08,4.367612870829088e-06,0.003678434355614808,0.04553472611033284,1.5515858084581208e-06
44,2.078648703655232e-14,0.00039701186658567015,3.866176647662866e-11,0.9915979816289555,3.4277177959361745e-10,7.3487468507641e-13,5.14618724097426e-13,4.913273684665257e-10,7.794143169151636e-12,3.077659781127542e-12,2.3083531416624678e-11,9.39760833616005e-08,1.690650311050117e-06,0.0019281425699374114,8.836831957794603e-05,2.136365224911667e-09,9.414850737788047e-07,0.00047452851165765065,0.005509016874376174,2.2210730899538873e-06
45,4.116901793868241e-15,0.00043061631648911127,4.721658054931172e-11,0.9361487061471618,3.379168375445816e-09,7.216246454253392e-12,2.2167914969494598e-13,3.4271452508726853e-09,6.152463341854116e-12,7.840032960378765e-12,1.8444918513011066e-10,1.9118703673566793e-06,3.706681086452337e-05,0.001279472789528577,2.284518967678682e-05,1.874451700706294e-08,4.714838831141214e-06,0.004711448104578651,0.057360884709791046,2.307418780050928e-06
46,1.0903798018096659e-14,0.0005297106417728878,5.679234849784587e-11,0.9909541246036433,1.9706949164265954e-10,5.934013412312933e-14,2.938537622016387e-13,1.15990886406917e-09,1.2889717429517717e-11,4.505227843720159e-12,1.1700038426448601e-11,2.023983858490175e-07,4.275468772621785e-06,0.0021714919546402586,8.360651144574224e-05,1.0483168049140507e-09,1.4255743992857745e-06,0.0004292807174438568,0.005822944818826311,2.9348191232237288e-06
47,6.094888966231716e-14,0.0005967222770725541,5.610572084847746e-11,0.9524191542240308,2.238900077623937e-09,8.461513802243922e-12,7.060924454753783e-13,2.63683057934239e-09,4.986157890802578e-12,2.0310113716619965e-12,1.4345660345583093e-10,1.1520409113567694e-06,2.3371990482649523e-05,0.0021673000179807593,7.235469160593315e-05,1.4551785499322554e-08,3.3483254197002203e-06,0.0034438597029547977,0.04126916394727852,3.5531389394309808e-06
48,1.925570587025752e-14,0.0007111860865541579,7.450407001647543e-11,0.9905209952727883,4.958796313599008e-11,1.8738366895967958e-13,4.2723817188701665e-13,1.6940728660583157e-09,2.3141825052870254e-11,9.60137878264947e-12,4.101956531092893e-12,1.641511653918649e-07,4.403938775194072e-06,0.0025705319320835918,8.880161574357961e-05,4.717965656092592e-10,1.552563578053386e-06,0.00039361318192021155,0.00570475518559207,3.993744359581393e-06
49,3.371972857244438e-14,0.0008199663605341257,8.229092712655921e-11,0.9781787340107712,7.981720105226264e-10,6.467555984259408e-12,1.4999224837787959e-12,2.111746376128175e-09,3.7825161256223193e-11,2.0454420127164902e-11,5.246336896793638e-11,4.282158970889928e-07,9.383004159724514e-06,0.003161141865258893,0.00012209601798928368,5.910260284752985e-09,1.782527905425191e-06,0.0013704783754391577,0.016330838024367134,5.142576464155551e-06
50,8.241106798698741e-14,0.0009304031265462017,1.0353244696614665e-10,0.9738650009038722,9.716294420027342e-10,3.9881045688772206e-12,1.3018628406426314e-13,3.1918453995409496e-09,2.097279495704219e-11,3.4339216492460945e-12,6.464281027876212e-11,9.225022627053928e-07,1.95044397272374e-05,0.0029396647348272145,9.12847505038233e-05,6.0126361990295844e-09,2.4744603834867167e-06,0.0016513520865150517,0.02049402967127942,5.3529511887803145e-06
51,7.304258300626718e-14,0.0010912964987075603,1.2728553537090018e-10,0.9908029418646943,1.4359203647781256e-10,2.552580116392609e-12,1.384025960796105e-12,2.119613904847631e-09,6.726341866163308e-11,3.333638797751778e-11,3.5280946619178963e-12,2.04207664809556e-07,4.618212564035959e-06,0.004045735114229472,0.00014621315417021605,8.199330117029406e-10,1.1033954681312484e-06,0.00028669189635737737,0.0036140966366236477,7.095700957872862e-06
52,2.2271650709067876e-14,0.0011607032363818892,1.7380945261074897e-10,0.9310157132956103,4.1981071218004766e-09,2.0792077353926987e-11,4.567463801794157e-13,9.167354276999387e-09,4.0980836220871326e-11,1.628169661491366e-11,2.0145970829922667e-10,5.2688248603280985e-06,0.00010286224523621136,0.0030153118019580595,5.7117398568463175e-05,1.954508913879847e-08,4.8632201155897845e-06,0.004919492680839021,0.0597115164828383,7.117449238787532e-06
53,2.044727808474557e-13,0.0014262252511780635,1.966086710992092e-10,0.9911360125543005,2.8812962892002488e-11,1.0364163625637842e-12,9.60076877456367e-13,2.7090350318685257e-09,8.89315443275649e-11,3.7728217543723595e-11,3.0621107434340267e-12,1.4096733766032619e-07,3.2652925815094297e-06,0.005108354830053121,0.0001707346395662815,2.5360956122598653e-10,1.0659170649956636e-06,0.0001456104658343401,0.001998767976872636,9.818785221466541e-06
54,1.2159808451411746e-13,0.001446416590235804,2.649340385310083e-10,0.8926035066660489,7.149492896677909e-09,4.766418465849652e-11,1.905289345871232e-12,1.9399644451909714e-08,9.156788103232677e-11,5.197698585001233e-11,3.01744142363971e-10,1.1592904792063204e-05,0.00022632460569642392,0.0033037815745117103,1.8641963808447873e-05,3.068087446456925e-08,7.139080333381799e-06,0.007797741260598327,0.0945746846756815,1.0112688366994388e-05
55,1.7830987168046438e-13,0.0018685606833277171,3.124058828784976e-10,0.988984731957463,1.4149946045604587e-10,4.490587133367688e-12,2.0204334061192678e-12,2.7099694549032662e-09,1.5058441861098092e-10,7.019128959892943e-11,5.9303943138503604e-12,1.66377466077061e-07,2.885561781070547e-06,0.0066348506356801815,0.00020878357634636748,1.0743515468627082e-09,8.289125480753048e-07,0.00020035523013109833,0.0020851107360741615,1.372185756054809e-05
56,1.1781324896628696e-13,0.0019276053810551525,3.52151273178711e-10,0.9002889779500075,5.3982382356482125e-09,5.607418471436309e-11,2.539692837325004e-12,2.4013067918141786e-08,9.27968380688763e-11,3.444574204380197e-11,2.6640191992594506e-10,1.2078906095525227e-05,0.00024253559872954567,0.00479201596660518,3.725814643648011e-05,2.7202367603907415e-08,7.00055750347957e-06,0.006993747632550798,0.08568344696141522,1.5275481399629248e-05
57,2.9419956861217815e-13,0.002462890663495968,4.901525722346186e-10,0.9849754778123918,3.913071817047656e-10,1.2739109065600469e-11,3.9851925327271054e-12,2.5420157678359833e-09,2.5751865850848896e-10,1.2690972531863819e-10,1.1227829173746507e-11,4.129948434556622e-07,4.9233993896288825e-06,0.00857758811968948,0.0002629623080348587,2.6944311209250698e-09,4.3508523751807557e-07,0.0003793742867154502,0.0033169495189246936,1.897928069617479e-05
58,4.1405564021940065e-13,0.002687936376786128,5.400027272978373e-10,0.9433378619354879,1.2778286670252757e-09,2.9666175408418555e-11,1.5015488184750886e-12,1.892876863342084e-08,1.234518679721451e-10,1.764017493337419e-11,1.166060182623346e-10,5.839828830491879e-06,0.00013030646936897284,0.007403490109409562,0.0001054499741216039,1.1421761395244464e-08,4.765361653953339e-06,0.0033429298277418145,0.04295896059212926,2.242706682882664e-05
59,5.091909176668982e-13,0.0032247198825619684,7.449572343267847e-10,0.9710688039296342,1.1208678071151061e-09,3.0514903243862544e-11,5.112048912417683e-12,3.2563443319167822e-09,3.4806490777073407e-10,1.5125350037870047e-10,7.148393844527018e-11,2.1831803241125977e-06,3.51939003042273e-05,0.01062240476020611,0.00029697257345067936,7.504427486460138e-09,6.761084633810463e-07,0.001304381651950023,0.013419018231738383,2.5632547831438286e-05
60,9.665059296182505e-13,0.003633968748919165,8.801819726838643e-10,0.9665321993479152,2.7472113376331975e-10,3.2975984638662087e-12,2.4320617720938694e-13,2.0498751417120128e-08,2.836845658605872e-10,7.479082247166945e-11,1.0695856587677938e-11,3.1115152781505583e-06,8.177836044443609e-05,0.010143378192640282,0.00015645072084445998,1.1499119060651995e-09,3.442199660605155e-06,0.0012395216754383265,0.018174895528946668,3.1230532667517005e-05
61,1.712798497013534e-12,0.004108468702662901,1.1175618276875429e-09,0.937422776730544,3.584148287924566e-09,7.520990146463861e-11,4.432247579050685e-12,1.2553329536145683e-08,3.61368977976075e-10,9.892726665776719e-11,2.3041148540780504e-10,9.933770592795467e-06,0.0001842949658767575,0.012263814604492974,0.0002766154904656218,1.75800055748894e-08,2.330112735451788e-06,0.0036974886561961513,0.04200017072320901,3.407063611627908e-05
62,1.5263017731134784e-12,0.004703159129875304,1.2460355899914475e-09,0.9498379192139043,9.791082498349032e-10,2.6666472817097855e-11,4.744820766753988e-13,2.9556952183301522e-08,4.254080599807784e-10,8.782716666950978e-11,8.111340411408734e-11,7.931675437285866e-06,0.0001778508288932159,0.013326134922981712,0.0001926345781026936,6.530062393712309e-09,3.879046079276562e-06,0.002222470089148332,0.029485186245529583,4.2795334873627105e-05
63,1.986732959629934e-12,0.0051036699549932805,1.6137338673998459e-09,0.8937094597269558,7.785102996536229e-09,1.5908630385394183e-10,6.858804796217775e-12,4.36970682604392e-08,4.4485695265648223e-10,8.540858174794074e-11,3.6744497678534694e-10,2.767858634136827e-05,0.0005390083561108639,0.013733646314019176,0.00018268307405278257,2.827407441828776e-08,5.201027162073544e-06,0.006720113804740837,0.079932539139544,4.591758045793084e-05
64,4.657816019190304e-12,0.00608788400797323,1.7907075661546125e-09,0.9282859039583253,1.3105120147481626e-09,9.646045049229647e-11,7.146593429726397e-12,3.27598189699623e-08,7.208522083660371e-10,1.534483269546211e-10,1.8206569502849175e-10,1.3567933691941887e-05,0.0002826134217326662,0.018640346324501112,0.0002949086029376121,1.5237268930069174e-08,3.7182406320882077e-06,0.0035365917604815566,0.042796988162338234,5.7425324447898066e-05
65,3.1352569156169684e-12,0.006504579109613966,2.1388424002894135e-09,0.8775321987282805,7.92686652192697e-09,2.1910840323203416e-10,9.290847910940983e-12,7.798917600733674e-08,7.592017882564773e-10,1.8329489180820598e-10,2.9279258713843887e-10,4.2405001428241726e-05,0.0008552241997398847,0.017049554998167127,0.00011351856050257889,2.9197029467520112e-08,7.0512875233227495e-06,0.007403711288677041,0.09042928284140013,6.23552659293818e-05
66,6.783911355345898e-12,0.008050079562981783,2.737721680663169e-09,0.9243741397764929,2.059935904072673e-09,1.6480550916854902e-10,2.236642712137094e-11,2.702749760949911e-08,1.584791596669172e-09,4.780523027197029e-10,1.230142909492283e-10,1.560943562336267e-05,0.00029638667386521904,0.026517093612736655,0.0004583318523926315,1.6035422993070467e-08,2.041220941868642e-06,0.0032781204036574627,0.03693552229890375,7.262492201231554e-05
67,7.007697946205061e-12,0.008803245292919825,3.0018015982504863e-09,0.9043104039829103,2.2064670546488787e-09,1.4076402029802354e-10,5.381345461061285e-12,8.989065675729705e-08,1.1298171331273633e-09,2.0686453118792376e-10,1.0124444116643973e-10,3.146734762066469e-05,0.0006898357462329224,0.023985531201220392,0.00014557426425913154,1.5035023164033548e-08,6.170748585258707e-06,0.004453979980932886,0.05749322298590173,8.045672438921666e-05
68,1.087013743412581e-11,0.010705823123564039,3.9539312925002675e-09,0.9260355921458442,2.4304959189254207e-09,1.9987823615462224e-10,3.2738239074826305e-11,9.938269036657039e-09,2.80886984168799e-09,8.589065448882532e-10,2.6812692676595402e-11,1.5437249337750447e-05,0.000251888454874268,0.03564777128641093,0.0005966273322444538,1.2878956824460897e-08,4.187837272058133e-07,0.00237189779917118,0.02428835329563066,8.615738946757594e-05
69,1.1569327024310002e-11,0.011872033314413652,4.331107039033761e-09,0.9227831009448474,3.191420184808389e-10,2.2794175860515845e-11,3.0927321997466282e-12,9.670898906684373e-08,1.715564190693114e-09,2.412939934345645e-10,1.7983955600197352e-12,1.649080001258648e-05,0.00044077053197384697,0.033214279797753224,0.00021484346205445838,1.600525059636241e-09,4.865411042114074e-06,0.0019924591723700204,0.029364840861267623,9.62107483889443e-05
70,1.8989276085954786e-11,0.014052039608496868,5.220372117373203e-09,0.9165553989342414,2.567116399924877e-09,2.2554157343408073e-10,3.05878616385683e-11,4.918854072395053e-09,3.866156931549249e-09,9.992844567784908e-10,1.0563989827698842e-10,1.9230531847806867e-05,0.00029548336522792546,0.0450061128602188,0.000635333663615342,1.164282184848722e-08,1.5929344076862454e-07,0.002137755740461132,0.02120059368334087,9.786272374453402e-05
71,2.0092138671503026e-11,0.014950666666379859,5.184425517084616e-09,0.8776002652692723,2.793954537122049e-09,2.3903796535521924e-10,6.6226232388848035e-12,1.5620661954946692e-07,2.613295289901658e-09,3.691784571217286e-10,9.48197992097186e-11,5.559333774979452e-05,0.0012235578039713976,0.043575345267355285,0.0002261841295746086,1.5002127222800342e-08,6.116324291178755e-06,0.004455558982693058,0.057797818352504346,0.00010871133603504842
72,3.311801898317549e-11,0.01808947028796497,6.251968728788875e-09,0.8927722819414523,3.2159007220424437e-09,2.881680089294448e-10,2.3790083425205084e-11,3.4738794707579095e-08,4.684411574430009e-09,9.100339818883529e-10,3.2636723577932927e-10,3.476728064721578e-05,0.0006120438019616295,0.05505836726327892,0.0005652422793321919,1.318742028579646e-08,1.2962951482182969e-06,0.0027559755676147477,0.0300034686545282,0.00010702296809832689
73,2.9753268364018704e-11,0.018340698561153213,5.671649424280034e-09,0.8038184046550538,4.441107341921401e-09,8.328186058300938e-10,3.6356622724665295e-11,2.658094737826356e-07,3.504732392290846e-09,2.9742984947180923e-10,4.2328374931652523e-10,0.00013513903074725543,0.0027861666362047287,0.05900347921940775,0.00030460084680760616,3.7383007839546774e-08,7.986326875409128e-06,0.008733909250962507,0.10675603281093993,0.00011326423223514146
74,4.8493503861257466e-11,0.02307549516710814,6.762638117873654e-09,0.86540086224563,3.143337853880167e-09,3.615497551775956e-10,2.114226902898839e-11,1.0780408252504082e-07,5.942534247232427e-09,9.158120378732041e-10,3.650485597197009e-10,5.781692937216215e-05,0.0011446844601408753,0.06834976512227324,0.00046365708377810535,1.4416909537322363e-08,2.8856686057956567e-06,0.003210352751170454,0.03818482322239637,0.00010951756797657514
75,6.324742078774368e-11,0.02384912214829924,6.503754596682849e-09,0.7703908929696439,5.497475199320169e-09,1.2966956369873303e-09,1.1198036314871958e-10,2.974881952479624e-07,6.256835704036679e-09,6.2828148809385e-10,5.634615442711164e-10,0.00017576368742380555,0.0035390751325100407,0.08322202049291366,0.0005572753209610998,3.715887887679946e-08,6.901111275590959e-06,0.009132788793877565,0.10902169827992583,0.00010410649436321697
76,7.239521625087375e-11,0.02978836705053608,6.819554278195289e-09,0.8478077275742326,1.5405329958987244e-09,2.6109086188003975e-10,8.256680851855338e-12,1.85109997818381e-07,8.348449211895869e-09,1.2186879757819043e-09,1.1993791873176492e-10,5.682778563376185e-05,0.0012577373062121506,0.08839153630917104,0.0004360769742894048,8.512525204473253e-09,3.484116141534785e-06,0.002286817731796652,0.02987080253310976,0.00010041060744825845
77,1.0574810617682289e-10,0.03253110332914525,6.702333727295675e-09,0.7796694842783612,3.4131749465855614e-09,1.1981041786823412e-09,1.6308719982152802e-10,2.0425158734968477e-07,1.240421936533109e-08,2.0358604747213437e-09,2.2118578331513766e-10,0.00014245209166581055,0.0027654059776714723,0.11296383872007507,0.0008499236440449316,2.340731400081061e-08,3.528894805866488e-06,0.005646563496257302,0.06534073521050562,8.671045485198652e-05
78,1.2201516052341888e-10,0.03835960302349363,6.312231178218432e-09,0.8253302012173387,8.225901080439302e-11,5.315797834633572e-11,6.204951773513266e-12,2.2032016279624131e-07,1.1563001355119166e-08,1.529070220718838e-09,6.738268483344775e-11,3.82746485881976e-05,0.0010063318630041769,0.11478521477731587,0.00048083552132520543,9.79268093992342e-10,3.229738133344481e-06,0.0012718844808767005,0.018641892806712315,8.22908884585098e-05
79,1.5843064313641121e-10,0.04352238012833492,5.614839521777369e-09,0.7854264427368263,1.1458137487240958e-09,6.84853093293216e-10,1.1235144596357033e-10,9.306092222980734e-08,1.9202191136191887e-08,3.5381921731671105e-09,1.7205889766527836e-11,7.391764630096376e-05,0.0013180593156043184,0.14360229268056207,0.0009731166709389172,1.0606245659245736e-08,1.007698853135901e-06,0.0021181447581184354,0.022895453534079336,6.905068933576181e-05
80,1.5876341776465566e-10,0.04632001302708283,4.407300771489145e-09,0.7560525050232919,3.3504809072159685e-09,8.016879301290246e-10,5.834943415163412e-11,3.909406544418803e-07,1.4978577956655454e-08,1.7914023117874246e-09,2.1541106398489602e-10,0.00015282884241254893,0.0032933504263746843,0.1440845039687077,0.00043989239781876377,1.4703114376644533e-08,4.408648637099289e-06,0.003631166374744594,0.04595907175921121,6.182812597595024e-05
81,2.30235957937625e-10,0.05561967364876659,3.6341420613874773e-09,0.7614382743795233,4.887010296203809e-10,2.439126118859712e-10,3.290961855460138e-11,5.2693057980115874e-08,2.4873839820291634e-08,4.373263429094394e-09,1.9687030140987621e-10,2.48629315015623e-05,0.000356254016116112,0.17636380363409207,0.0009513800962714569,3.0584208732811912e-09,3.434057017140814e-07,0.0005109705185755124,0.004680881474656748,5.3466069441224234e-05
82,1.9011326660187793e-10,0.05204362512268749,2.1872230415097797e-09,0.6433536524540489,1.4793341550543202e-08,3.2058735852816876e-09,8.5335870772969e-11,8.496177440166807e-07,1.7555158665816804e-08,1.7565932425919113e-09,2.5944948036798053e-10,0.00048540216928053925,0.009865962776125609,0.1801214030565917,0.00039613119479885335,3.7843930896428205e-08,7.153193630712359e-06,0.008659284866947625,0.10502198226733073,4.447540379448274e-05
83,3.027956086587655e-10,0.06885534156975427,1.5003252307114487e-09,0.7144335315447777,1.648777520000125e-10,5.6840100132719236e-11,3.780486836750141e-12,7.764632011432246e-08,3.109689863342873e-08,5.141760593885146e-09,3.4327189286524837e-10,7.924779955162644e-06,9.015177353015067e-05,0.21447777557403117,0.0009074383683607707,6.381121281019916e-10,4.791739387791541e-07,0.00012785488293500473,0.001055212354602568,4.417308313135381e-05
84,2.3198069957457974e-10,0.06033819098555641,7.627983628987898e-10,0.5535675928611361,1.4195934192248584e-08,5.402548556258195e-09,1.606185532209625e-10,1.2724880139510299e-06,2.065051482071893e-08,1.206311241867866e-09,4.917346736896402e-10,0.0007701787482808389,0.015579642552183928,0.23038370654995996,0.000586497211640519,4.322147543335082e-08,8.083640208009697e-06,0.01063190108468949,0.12809176298337827,4.108457103546774e-05
85,3.924560436690985e-10,0.08387800720869776,3.502603706171558e-10,0.6560438161935335,7.036315097502452e-11,1.0120870868876047e-11,6.513751256627149e-13,1.1782067308948494e-07,3.9347127173254117e-08,6.3346881562806575e-09,3.426766295894649e-10,5.996144645883203e-06,0.00010158558849720332,0.2580920032476664,0.0008771449958106538,1.0225025235346936e-10,5.54881260929963e-07,7.750929742968466e-05,0.00087735393219768,4.586373899303285e-05
86,3.5994348216175324e-10,0.07776405721628432,4.5304009025196196e-10,0.5220706899998714,2.031003770099991e-09,4.925336437167057e-09,3.4747070605999735e-10,1.2039378030039659e-06,3.108059776785124e-08,2.3914497367484615e-09,5.531769776974681e-10,0.0006932319081821249,0.014129338635092838,0.2891614287437341,0.0009414138095222012,2.903458896873772e-08,5.743883003920867e-06,0.007290539818314569,0.08788897220676123,5.3308664822214755e-05
87,4.988994469256829e-10,0.10050967776439831,1.1345827133211054e-09,0.5898915793822622,1.0347868629571432e-10,1.8396452251180205e-10,2.6126098958879212e-11,1.516545056227256e-07,4.9480271507532594e-08,7.719642524731887e-09,4.970446801042456e-10,3.211403160064627e-05,0.000563472648540273,0.3042905978546562,0.0008461235328718734,1.013144596667357e-09,5.353200717006689e-07,0.00031532706126977193,0.0034926441250163207,5.77159676523914e-05
88,5.448437561103522e-10,0.10278021938396331,2.247435978703648e-09,0.5102926656030811,7.021882821908487e-10,2.126279271437519e-09,3.2103287146748726e-10,7.966524264891322e-07,4.8260146709645444e-08,5.575099515802266e-09,2.3364899252690464e-10,0.00034036603356910305,0.007201411421573194,0.34349326987405043,0.0011335446765796606,8.854594534107693e-09,2.7386289147024393e-06,0.0026055106232239647,0.03207979630605687,6.961193129105444e-05
89,6.43727667174362e-10,0.1160614226129055,4.097830068439091e-09,0.5110934289907658,3.434732854898542e-09,1.5230015011729192e-09,2.025026686388031e-10,3.292713888619666e-07,5.925850048610678e-08,8.54301333019169e-09,9.148880255177537e-10,0.00021806944651364527,0.004076062739949761,0.3491061551396259,0.000732901249542394,6.780055302141057e-09,1.0611287812039621e-06,0.0015068635394425835,0.01712872178371333,7.489869911940383e-05
90,7.165302406436712e-10,0.12663804769639436,6.059550851861667e-09,0.46792439564752586,1.205982765924935e-09,2.6001203495817427e-10,5.268605715270674e-11,6.08693095438484e-07,6.273546884272452e-08,7.426333055294801e-09,2.8124087219105793e-10,0.00011292798452996992,0.002825249281323328,0.3923882202120425,0.0011527948812574769,1.2197130450461657e-09,1.4349701242607174e-06,0.0005873928283852921,0.00828426949263128,8.4578355172498e-05
91,7.360656881076851e-10,0.12626778123340274,7.980729334944687e-09,0.41707099681922755,1.0742124194086887e-08,5.346056265027372e-09,5.27241830718396e-10,1.0359000515469645e-06,6.460653938917234e-08,8.007178916692443e-09,8.451593651545719e-10,0.0007404913001846726,0.014409363644829108,0.3942045029438861,0.000627127256652568,2.0689688426516848e-08,2.4831284766771494e-06,0.003667261604707866,0.04291676803761661,9.206865018166195e-05
92,9.275982575174681e-10,0.14656259933627558,1.0742244554430573e-08,0.39815182922134446,2.6811161911417753e-11,7.742592122831029e-10,6.062803794812787e-11,6.745331339104906e-07,7.598112986895476e-08,8.636363607827855e-09,4.3668950893959846e-10,0.00016160486138305254,0.0037478781830893658,0.44080120030745173,0.0011989565248123316,1.3547453519094576e-09,1.1500092675649672e-06,0.0006473534359687453,0.008632634776814438,9.401986998936012e-05
93,7.951565959085258e-10,0.13449799402810708,1.1312335911526835e-08,0.3265151998464076,1.1162830442200911e-08,9.959273959842755e-09,4.744363537187161e-10,2.1208677303560523e-06,6.421224192545627e-08,5.714145004158033e-09,2.0582130383940885e-10,0.0013693955655952493,0.027355094632050703,0.4456207260299498,0.0007365327946534094,2.9061781317559556e-08,3.623921506603429e-06,0.0049288226335703275,0.05887077342092416,9.958336148191249e-05
94,1.140635838544333e-09,0.16760337265405037,1.4435185311043694e-08,0.3307469986034467,6.852965555409202e-10,1.9209030020845133e-09,3.204375244426163e-10,5.944353644573217e-07,9.49850432458982e-08,1.1812345727230238e-08,4.2992544609420776e-10,0.00026840085016932976,0.005337323618052612,0.48480950383340765,0.0012360550565038637,2.9310448234496598e-09,7.038871040787143e-07,0.0007734805053491717,0.00912904438003705,9.439351569746953e-05
95,9.199497637859152e-10,0.1534811578985977,1.3991769945668503e-08,0.26506977376543167,4.930265323651635e-09,1.026421188401953e-08,1.5974564649780174e-10,2.633985258061461e-06,6.653148105848257e-08,3.6596440922135546e-09,6.452709189411872e-11,0.0014582358648804622,0.029953042040724645,0.4988447467638875,0.0010589441792217956,1.5799282626720523e-08,3.1757225857557796e-06,0.0037950157712773962,0.046240440795756094,9.271689150203487e-05
96,1.3536733479061912e-09,0.19210674902669383,1.556539568519824e-08,0.2757321354531622,1.3155258113896287e-09,2.49673288820798e-09,4.120055407742878e-10,2.726256757716704e-07,1.1619520688273406e-07,1.6093876769652433e-08,8.536398099555706e-10,0.000295675658674991,0.00501296668093176,0.5184660174513008,0.0011893595626831497,3.948539057727416e-09,1.9675722172843997e-07,0.0006239461832553203,0.006484771339007885,8.775102679656854e-05
97,1.1682445888788248e-09,0.18808295540778713,1.4499938131336043e-08,0.22964529881267892,5.609694954569387e-10,4.739958930377124e-09,2.0516868674964497e-10,2.187093052620072e-06,7.997865126348743e-08,5.006663810037083e-09,1.8814008421766405e-10,0.0008411799819865504,0.01846725844921824,0.5403042950816436,0.001315910961459788,2.654036596285096e-09,1.8019249184412246e-06,0.0015466270886480974,0.019712784649389338,7.959154744595673e-05
98,1.4934809819273336e-09,0.21720849694805158,1.3367463632045485e-08,0.22761462528872722,1.936139370369599e-09,3.1369162654965397e-09,4.551498054877682e-10,3.825292546024719e-08,1.3121506150504674e-07,1.9416656679587124e-08,1.58916427838422e-09,0.00035007054815066084,0.0053555110619952825,0.5420376488290517,0.0010826942436056239,4.199347023228366e-09,1.0713215128450689e-08,0.000580091256148746,0.0056952817294373004,7.535431931174722e-05
99,1.3483007282880907e-09,0.2223133031198604,1.152099210009382e-08,0.19260940998855108,1.9092987231246968e-09,5.125868249269951e-10,1.8157974193752176e-10,1.8138047893147056e-06,9.249773655434497e-08,7.377263436080958e-09,1.4966674466927514e-10,0.00036855895555151964,0.009521235610000062,0.5666292888983109,0.0014249049115491424,1.152528554248473e-09,1.0233845305332447e-06,0.00045984128021300065,0.006605090925245743,6.541247144510593e-05
100,1.5222099416963063e-09,0.23927280112869595,8.83520500776586e-09,0.1816319921125801,4.1742042060719114e-09,4.9342755492165415e-09,7.120680009516303e-10,3.106189737938859e-07,1.3456111344342807e-07,2.0373037652871004e-08,1.8613999011580435e-09,0.0005954246023259378,0.010065372129176055,0.5588870703713114,0.0010488844556337988,5.239299573753647e-09,1.754317216088833e-07,0.0007278990670932224,0.007710304849662371,5.95830200122354e-05
101,1.2868927643204191e-09,0.24198800474215268,6.98697145259921e-09,0.14474976899935257,2.9343131341922118e-09,3.959187866733821e-09,3.507503496638143e-11,2.3514477314563077e-06,9.321343615026311e-08,7.511713686148344e-09,2.454619552214114e-10,0.0007754923968816435,0.017494637586642044,0.5836084037609583,0.001554766999304194,1.3288641968212973e-09,9.728379662385125e-07,0.0006986764346837253,0.009074008868549017,5.279842386169187e-05
102,1.4270606720830405e-09,0.2582720284780441,4.64200914319211e-09,0.1379835899139715,8.566063714295449e-09,7.740994822496571e-09,1.0269113785338886e-09,1.2775443554023552e-06,1.2477858655784398e-07,1.7989144091766672e-08,1.268724876283515e-09,0.001028561751185686,0.01944487949496323,0.5715295997703531,0.0011758965241189339,5.823989531004323e-09,4.7230542394930973e-07,0.0008433768371483965,0.009672848489453632,4.729562749737175e-05
103,1.2433953831906254e-09,0.26047847680140657,3.735580835862211e-09,0.10379045216471627,3.757077741532493e-09,1.0059089555055206e-08,5.699071277111987e-10,2.8737482277641514e-06,9.802914428705433e-08,9.805113193317423e-09,3.1310319663689267e-10,0.0014710820114169562,0.030400497911035097,0.5903313692778825,0.0016738524520959175,2.2464956531968693e-09,8.281122422652072e-07,0.0008947559139600002,0.010909363861218931,4.631798689049735e-05
104,1.2855362605061088e-09,0.28255076687465674,3.1366539044143034e-09,0.10148331350857984,9.186652869021093e-09,8.703698672829646e-09,7.654418131022001e-10,2.368452846868829e-06,1.0945245861554701e-07,1.3523339224091419e-08,4.530811255740371e-10,0.0012701022378008144,0.025826556336941885,0.5784935834678,0.001448606693757697,4.043891745671456e-09,5.905218169443738e-07,0.0006742293604507403,0.00820503219308588,4.469980150824583e-05
105,1.307513331931214e-09,0.29613454352797797,3.4677737912946e-09,0.07932756034082072,6.8299761648510465e-09,1.1601374025834865e-08,1.2577522912542935e-09,2.298553273868132e-06,1.194106011527282e-07,1.7496640450170455e-08,6.248645698457746e-10,0.0015568332729198522,0.030512913255189338,0.5828360407956559,0.001706689776039467,2.4538159404225795e-09,4.238269533913521e-07,0.0006245419054810651,0.0072505905716523,4.7399723723715734e-05
106,1.2367531870614672e-09,0.3226836840836979,5.135357844760843e-09,0.07573845767595341,4.213070359339143e-09,4.9070899607178605e-09,1.276437331502482e-10,2.639340635966021e-06,1.034390477306919e-07,1.1204899057441914e-08,2.2067860543404278e-10,0.0009102027031538868,0.020231717916181897,0.5743260266059179,0.0017306107849518755,1.045118079266694e-09,4.4115793882025204e-07,0.00030896366353669693,0.0040152388036375185,5.1885734735170364e-05
107,1.4028190423355076e-09,0.3472700843954961,6.917014209034042e-09,0.06425482091674395,5.845678080820082e-09,8.51298362180106e-09,1.1323648025157374e-09,1.0493588921689253e-06,1.455672335632282e-07,2.599043084456654e-08,1.413763993616253e-09,0.0010504686661590543,0.0190529409268672,0.5632703864415017,0.0016883003081509431,1.8002064097814002e-09,1.0813632565290926e-07,0.00028520590562079105,0.003069131380453405,5.730498129424026e-05
108,1.3037634840627708e-09,0.37045916062028444,1.0312998136592586e-08,0.056769837501617695,2.7238108202399976e-09,7.096302916435271e-10,1.2444140587409084e-10,2.4813949489746774e-06,1.0793234141692077e-07,1.203565199439865e-08,2.646524564223838e-10,0.0004788254996152894,0.012440469392389126,0.5562715875138856,0.001910918245529465,1.279159620850706e-10,2.6280555728554983e-07,0.00010482750569811503,0.0014949765620628232,6.651742320532762e-05
109,1.5014723869863214e-09,0.4012973985208586,1.3380175275048758e-08,0.05079357551037077,2.7039179457726803e-09,4.937692104080654e-09,6.282828995741126e-10,2.2379436525125326e-07,1.6138875305849032e-07,3.031955085258231e-08,2.0235013166239872e-09,0.0005385633893281458,0.008474063186938295,0.5359213448901573,0.0017437186729626348,1.0109290748978083e-09,9.410284587689e-09,0.00010697531742049309,0.001048825507323443,7.508390571527071e-05
110,1.3353056091633532e-09,0.4014310556166588,1.6648503393117807e-08,0.038965772113778274,5.348541553911579e-09,6.150977492002711e-09,4.298222454634742e-10,3.5175246985191298e-06,1.0478777744523547e-07,1.0677198598651217e-08,1.40823564795542e-10,0.0012133953234559924,0.027001417483386764,0.5267987668511379,0.0020556905114012497,1.4957793095159079e-09,2.3303439965769913e-07,0.00017583619051949256,0.0022688413384620533,8.532699737225082e-05
111,1.6260199862308766e-09,0.45286506484696004,2.058157205456491e-08,0.03770439687595653,1.3410946852400353e-09,3.09151197667864e-09,3.747702150906354e-10,2.560947051406713e-07,1.6431923544570488e-07,3.0136450831770185e-08,2.0290986930216003e-09,0.0003248113057314312,0.0048169158841166754,0.5017810287766101,0.0018851234775491637,5.634213286226817e-10,1.568252516218679e-08,4.765574692816287e-05,0.00047972471396432966,9.478253177820528e-05
112,1.2995044494478366e-09,0.4191603224450852,2.177400546698768e-08,0.023968451523156683,7.664364521205763e-09,1.9600690920761334e-08,5.189013412768827e-10,5.617796402995972e-06,9.278663613502454e-08,6.675553691657344e-09,1.6434877555073788e-11,0.0029197821995405105,0.06040890277051799,0.48779906236327875,0.0021716034033053464,7.895415661296654e-10,2.4591781309353714e-07,0.0002615930469827957,0.0032018663326490848,0.00010240107563431404
113,1.7684690606731566e-09,0.5051073973950267,2.6180971442463878e-08,0.026438093946926557,1.1669520876443232e-09,2.2981500297676105e-09,2.974355910367831e-10,8.440068317988663e-07,1.5884769693746354e-07,2.742382825274551e-08,1.6533674986938527e-09,0.0003050989266361408,0.005620619615682938,0.460016116558708,0.002061489078323598,4.3677312220925686e-10,2.9062687945009887e-08,2.667334081308694e-05,0.00031392072009144755,0.00010949727462767803
114,1.4389872546434627e-09,0.461249560180732,2.52909219976731e-08,0.015198701813414733,9.042102054905414e-09,2.6390271488983988e-08,1.083241685660517e-09,6.370330853559604e-06,9.674130684622091e-08,8.114699441510094e-09,1.757793262888061e-10,0.0037407396460861784,0.07582447904823232,0.4390319825449446,0.0022487440294899617,8.902663342391642e-11,1.8620640079461523e-07,0.00020208420700964445,0.002384263130327659,0.00011272049617176455
115,1.871757815290814e-09,0.5633645461413425,2.8761676236203167e-08,0.017991622244822376,8.910295216073969e-10,1.1293982376847813e-09,1.0657438996223689e-10,1.3717304051149477e-06,1.5176365028831353e-07,2.4952510628737983e-08,1.3378793999657845e-09,0.00025029655320328874,0.0057088691466240455,0.4101636506105607,0.0022330582454256715,1.765698818277646e-10,2.9245571879442702e-08,1.2459511211504366e-05,0.00015902560576743294,0.00011485997401882164
116,1.7242957904563514e-09,0.545141272348107,2.6982941108416675e-08,0.011277273332378646,7.972801952852375e-09,1.943551403089245e-08,1.5515854793812e-09,4.66126601259637e-06,1.2160617656025482e-07,1.7058286714458098e-08,7.64761070171483e-10,0.0027419784907269907,0.05497251715634667,0.3823507140269874,0.0022821559632671302,8.904262383113723e-10,9.116804679532458e-08,8.87943836064195e-05,0.0010270129207177253,0.0001133309570138365
117,1.8817919220464563e-09,0.6262073093396717,2.767803704088387e-08,0.012242699810714054,8.847345664730541e-10,5.008365701296495e-10,4.656094880938401e-11,1.608802812971478e-06,1.47089942160728e-07,2.4699799431748156e-08,1.3125362334148033e-09,0.00023001351317064567,0.0057251718375286136,0.35305611137244075,0.0023237546930841035,7.674315895844342e-11,2.8150508756523636e-08,7.264061811441237e-06,9.616047595792054e-05,0.0001096737713168307
118,1.8175994083728165e-09,0.6437043415336011,2.5395278122110092e-08,0.008890025797092155,4.075297303859508e-09,7.315610097776059e-09,8.938262640377288e-10,2.3716228616785375e-06,1.407894176641309e-07,2.532023152475852e-08,1.3702301475224698e-09,0.001089209838275505,0.02184976978560496,0.3217605219436973,0.002327277235894455,6.597690296055142e-10,2.9251292646484624e-08,2.1018573491502836e-05,0.00025182425443266655,0.00010340252649603272
119,1.7200149082980086e-09,0.6758842862810379,2.291561708655157e-08,0.008160208891944593,4.119119321243342e-09,5.945130066940293e-09,7.81742596178328e-10,2.5845497149348276e-06,1.347696943478852e-07,2.350168904438874e-08,1.2264716157850313e-09,0.0009871248970774852,0.02052993709225147,0.2917466709627275,0.0023492850638555775,5.669421153879067e-10,3.355656521298063e-08,1.8020747289599284e-05,0.00022637418885362376,9.527822226051532e-05
120,1.6023597465262819e-09,0.7246574884873105,2.0351006038547103e-08,0.006684110448842838,1.0728202919442267e-09,9.141458941658109e-10,1.1673130698098204e-10,1.4356677273083077e-06,1.3889533293955606e-07,2.7870859683612518e-08,1.5295344998462044e-09,0.0002293226333993002,0.005130022257786998,0.2608207526488111,0.0023568342362327507,8.805193142408517e-11,1.1886262015633284e-08,2.654753124667549e-06,3.157843180158507e-05,8.559610785874822e-05
121,1.327082924564536e-09,0.6997963532168533,1.6205567643160376e-08,0.005114016598611131,1.2358796581837234e-08,1.9505427968620062e-08,1.6594834025720757e-09,5.266032839499505e-06,1.0335802075129758e-07,1.638167585679548e-08,7.281448967252779e-10,0.002876367677113233,0.05824640200249371,0.23116228594056035,0.00230374035644537,6.530009523483897e-10,3.962042460583339e-08,3.322862895035896e-05,0.0003869435852240821,7.518416328328707e-05
122,1.2431635682985425e-09,0.7861752502049892,1.3877452232254233e-08,0.005004540593122586,7.121702311762749e-10,4.1845020960205545e-10,2.3026384814708784e-11,1.3552411323894961e-06,1.281562509556653e-07,2.8359457873321187e-08,1.5282103680113528e-09,0.00013439299874342997,0.003215948485869014,0.20308159306390522,0.0023073774026113195,2.4041215439949217e-11,1.368809200462496e-08,9.565867839155157e-07,1.3894577048912376e-05,6.450281547884608e-05
123,8.664156563087191e-10,0.7235754065083133,1.0054513224259679e-08,0.003290160662373059,2.0377629245367402e-08,2.973192553131519e-08,1.6473479947560822e-09,7.868878209210499e-06,6.879691742925066e-08,7.617710798339502e-09,1.490935907208543e-10,0.004389913905777511,0.08929439945074477,0.17669419183806237,0.0022409465951292763,2.6246050784890145e-10,4.0978313105910414e-08,3.4783376791181286e-05,0.0004181779154875107,5.3970386784207486e-05
124,8.803582529574948e-10,0.837244327364192,8.083559582273758e-09,0.004067709946918308,8.627705146211352e-10,1.3393664916635555e-09,1.3240400128757976e-10,1.0217750509929679e-06,1.2052284807433697e-07,3.014761058224399e-08,1.7088436751330599e-09,0.00017249602412331235,0.0031211489646138834,0.1531555910246802,0.00218061821844659,4.573202300532375e-11,1.1867282555167847e-08,8.741412250761232e-07,1.1696740437638477e-05,4.434020953628253e-05
125,5.749741579175132e-10,0.7805820881155028,5.5997073236795065e-09,0.0027002103945870967,1.978229026434113e-08,2.4318464605199448e-08,1.1434915150738019e-09,7.531421238671726e-06,5.6580706717535157e-08,6.347555072388398e-09,1.7755455253836706e-11,0.0037472841251607932,0.07744436862551282,0.13302701960172636,0.0021389402888237173,1.2743262803916686e-10,3.836831511351824e-08,2.3150827677335062e-05,0.0002937474387898122,3.550630028769311e-05
126,6.053482204841851e-10,0.8760627088116402,4.061353394818173e-09,0.0035939558658342036,9.207549787267945e-10,2.453839802027167e-09,2.2451069878378947e-10,5.345686144973966e-07,1.1411562030938072e-07,3.187626280179309e-08,1.9428773556832203e-09,0.0002169756418396663,0.0028616516688391067,0.11524368007821856,0.0019845135278967535,4.6080030283887826e-11,5.577571621230181e-09,9.267697652818316e-07,6.7356295587175955e-06,2.8155613573522625e-05
127,4.5988574403004566e-10,0.853540617600623,2.833256747541305e-09,0.002727717575251711,1.0800067732558708e-08,9.024594755860284e-09,5.626220763799475e-10,4.93906611700926e-06,6.066144138125625e-08,1.0804480305141445e-08,2.447892098288711e-10,0.00169189905431232,0.0370429288968285,0.10283102242095314,0.002012699914419613,1.2390022492119773e-10,2.9667571075286204e-08,9.369052620926814e-06,0.0001165599165578905,2.2121319707259158e-05
128,4.5950465308073715e-10,0.8955276667944619,1.973739678156997e-09,0.0032702811300806232,2.6622210852731596e-09,5.076228997641408e-09,4.712274862402107e-10,5.813383939914486e-07,1.0236840384567011e-07,3.0773122691644124e-08,1.964886750504545e-09,0.0005094434958448173,0.00795913181742071,0.0909201467852935,0.0017713977528962448,8.535757602204323e-11,7.356282583613311e-09,2.187864215958238e-06,2.1478770237701843e-05,1.7531060179232978e-05
129,3.9777095681829584e-10,0.8949158628037983,1.5440254832035336e-09,0.002710198951296242,4.6286596884549e-09,8.160402961009266e-10,8.676399766021133e-11,3.4198365002068862e-06,5.7687172809510044e-08,1.23333179850865e-08,3.6466555947063374e-10,0.0005621965560289609,0.014652664449871207,0.08526480591599801,0.001824627980716132,5.1875254736450615e-11,1.7674107710510927e-08,2.8220934075817583e-06,4.8749725675544785e-05,1.4556102307872854e-05
130,3.99844290328722e-10,0.8933989523921153,1.2822579196932997e-09,0.002903559598710498,7.746609561723909e-09,9.992458565141474e-09,9.39453774946207e-10,1.7420083315122894e-06,8.047394255772798e-08,2.469697294650685e-08,1.57481818279354e-09,0.0012342419058439978,0.02276006907286056,0.07806278141772852,0.0015527392232402603,1.6218534619245244e-10,1.413422097745261e-08,5.3972681782926824e-06,6.770462941320488e-05,1.2671080813690176e-05
131,3.420081730696121e-10,0.8994980461977125,1.1965257482260478e-09,0.002519971286791114,6.265267123865581e-09,3.5648419504619217e-09,1.6863592806443608e-10,3.482103558841069e-06,4.6985267337753444e-08,1.0963641073080045e-08,3.7732003916464774e-10,0.0008458349654714866,0.019594383970764753,0.07587121048727895,0.0015942638177602493,9.882366426789015e-12,1.6467217900391828e-08,4.355113660849509e-06,5.6020929167593224e-05,1.2344787225977457e-05
132,3.3346803630549017e-10,0.8826590254638453,1.2294847980591787e-09,0.0024665887680458565,1.372708917711048e-08,1.426583570569529e-08,1.2318677619988422e-09,3.67058534716151e-06,5.2195840774850714e-08,1.4874683742048258e-08,8.584930364533703e-10,0.002022542587300737,0.04009766710525373,0.0712389014813592,0.0013854599663010326,1.8737845660189556e-10,1.5040468277857387e-08,8.831736507048358e-06,0.00010431691196894674,1.2881449460265717e-05
133,2.77980210592436e-10,0.9018012718564064,1.2231389051835025e-09,0.002255826214035461,8.463509256832615e-09,7.575103466832473e-09,5.299474705196392e-10,3.07912499284855e-06,4.282391631020671e-08,1.233846516818178e-08,6.133191407804288e-10,0.0011984742598353912,0.02491648690376212,0.06838976492062937,0.0013443719458712108,3.7172397785633773e-11,1.955181965837706e-08,5.403742769013877e-06,7.069383443182886e-05,1.4533762894321778e-05
134,2.2297996305782057e-10,0.8885672650165128,1.3395291423264146e-09,0.0020235711512603593,1.4257202938159097e-08,1.2629257826756702e-08,9.272861500555258e-10,4.642391475260946e-06,3.109925516945807e-08,7.0915068096999374e-09,2.6183584912957745e-10,0.002027676305766208,0.042149369561985735,0.06384280971832233,0.0012535852924200174,1.0342940612368483e-10,1.789919788104393e-08,7.887679330437939e-06,0.0001060234523005888,1.708359914487376e-05
135,1.8048289570843132e-10,0.9199006209865266,1.3925219912767008e-09,0.0019540952395445572,6.474991767240246e-09,7.4357517028660185e-09,5.962448225181836e-10,1.7472805979142732e-06,4.6704754155385026e-08,1.6362636772154608e-08,1.0306668361275377e-09,0.0009605409423846449,0.018266639281974355,0.057718036798814876,0.0011372394796863709,5.51242053271308e-11,1.0421604879540136e-08,3.5828697729338734e-06,3.72242513331478e-05,2.01822145845582e-05
136,1.1144151107680604e-10,0.9187985081407477,1.5530191759398218e-09,0.0016280302964016666,8.506716319457182e-09,5.3781372875535334e-09,3.2586619101690877e-10,3.897523509491918e-06,2.430488943237428e-08,4.952403237572995e-09,6.181979494665506e-11,0.0011338605861563066,0.02545445213685387,0.05175289337376521,0.0011515569179224787,2.1502254200831012e-11,1.8051582389260755e-08,3.93882612385091e-06,4.856017366116238e-05,2.423875748045524e-05
137,8.077568488197162e-11,0.9451953217787379,1.7327220001873163e-09,0.001540650542906255,3.198419597146777e-09,5.307024027509375e-09,4.322260898762748e-10,5.571292982798596e-07,4.920368270986029e-08,1.871055895732602e-08,1.2847811989618496e-09,0.0005406055451331253,0.008831172232096285,0.04287579879900086,0.0009728197351808179,3.7223837842861366e-11,4.789319789195743e-09,1.2239481494552572e-06,1.3291077468018286e-05,2.847443529558615e-05
138,4.3657364475611357e-11,0.9487495690323154,2.0020132157915934e-09,0.0012039694036402383,4.186155822047697e-09,5.965425169876156e-10,3.47863497702165e-11,2.9957051400362225e-06,2.2778841936562296e-08,5.0535239953144046e-09,6.10787039553977e-11,0.00046754056192945963,0.012300255430522421,0.03619077311817863,0.001028846673955116,1.9838013116798955e-11,8.534644528180967e-09,1.3454562634365207e-06,2.1116932095778357e-05,3.354437487687988e-05
139,3.354221586843417e-11,0.9649384648312742,2.3847538160308534e-09,0.0010975074156692856,1.7980194697295391e-09,3.881342729234874e-09,3.118483375393177e-10,2.5424058163478965e-07,4.467343031816386e-08,1.7382115609036535e-08,1.2172667106491646e-09,0.00034305044082429093,0.0049559957190894975,0.027769200955876268,0.0008547960521647364,2.1837160167099286e-11,5.852893116404354e-09,2.966580499821908e-07,1.6736103262632393e-06,3.86825190943314e-05
140,2.7806712704497405e-11,0.9555339633202902,2.7897764442057664e-09,0.0008075628097130419,6.474314447679962e-09,3.5167818496337353e-09,2.3372722455635147e-10,3.231516670315091e-06,1.7180098780848688e-08,3.5305509915113955e-09,2.075659261324307e-11,0.0008300571886775211,0.01907596559941679,0.022799694731715982,0.0008857035992223541,4.9933130590596255e-11,7.333524035189833e-09,1.3348644134165595e-06,1.8081674899668563e-05,4.4363537710209754e-05
141,4.242480125027271e-11,0.973521374029485,3.4200454018290868e-09,0.0007285220604340715,2.261671653139726e-09,3.4007469485385267e-09,2.75175017017459e-10,6.979653794875539e-07,3.4521013253704065e-08,1.3311256403785915e-08,9.104126541535103e-10,0.000371035395013833,0.006381878581064952,0.018198527873500393,0.0007465088860495857,2.2430591802331318e-11,2.234677290931352e-09,1.5107608688140943e-07,1.124582059226861e-06,5.0119151072332865e-05
142,4.687043971901368e-11,0.9496814583069664,3.922932066241093e-09,0.0004982613485225603,1.0444371484410198e-08,8.675400534452372e-09,5.82882939535456e-10,3.677240841343914e-06,1.170878751822035e-08,2.1930725088308633e-09,3.039923867909867e-11,0.001461309817261658,0.030809530757321964,0.016737722163859353,0.000729411924959026,6.35652134569467e-11,8.198144397233924e-09,1.4584085021597307e-06,2.1047233752015686e-05,5.607693158723185e-05
143,6.735528422147914e-11,0.9735625912043946,4.77238641470845e-09,0.00045206648758583617,2.9261545971257555e-09,2.7481328372947322e-09,2.1921663117548592e-10,1.2827604133222692e-06,2.3738195443606034e-08,8.639237246026116e-09,5.400766311906427e-10,0.0004096919673878767,0.008276788505250703,0.01657525909445747,0.0006583403309150066,2.5492021884963645e-11,2.496142848745079e-09,1.0746233463982718e-07,1.7574514679119266e-06,6.206856340274993e-05
144,7.02921377544663e-11,0.9520291020658558,5.372037617766004e-09,0.00027525460073012537,9.78771027303181e-09,9.059876027658871e-09,6.507063022129029e-10,2.9170656938035416e-06,1.2490727042293802e-08,3.5791207755434115e-09,2.087727163847604e-10,0.0013773708390267794,0.028050465807182703,0.017590007425693256,0.0005927229952762829,5.0159228889432543e-11,2.953487130555944e-09,9.938561165918865e-07,1.314842728850987e-05,6.797269424697651e-05
145,7.532192930124704e-11,0.9732514335441715,6.328545968119133e-09,0.00023994947343599013,2.3400776865196565e-09,1.218861822519033e-09,8.603922962439506e-11,1.4443758597210216e-06,1.677923667526134e-08,5.5791993147437596e-09,2.9429409110454843e-10,0.0002821861698563012,0.0064787816715522716,0.019104364652925105,0.0005672670233496654,1.6914815288467132e-11,2.765998984047977e-09,3.3746473632292266e-08,7.553781545589134e-07,7.374847973103846e-05
146,7.205205888061915e-11,0.9645377694929604,7.073020675566932e-09,0.0001245211579744786,5.376303980316448e-09,5.328415618098639e-09,4.07700435244842e-10,1.49389721211377e-06,1.581404370046871e-08,5.940315369110761e-09,4.061418187074626e-10,0.0007438001782731082,0.01463472305927038,0.019381746861397084,0.0004918961079942745,2.6325054161600294e-11,2.727258729144358e-09,4.37697910630029e-07,4.3251822239466916e-06,7.92431932055663e-05
147,6.224801623255149e-11,0.9761839824596257,8.020835710851758e-09,0.00010509666294430928,1.471554185715974e-09,1.7883358045524528e-10,7.113867365008619e-12,1.2343325135668792e-06,1.3264580707466541e-08,4.364845250720626e-09,2.0945704205564967e-10,0.00014851180310201717,0.003932620315135061,0.01905891160337056,0.0004851375402887235,7.168814813763879e-12,5.210409842674069e-10,5.090400365880398e-09,1.1754573073520784e-07,8.435453921079323e-05
148,5.131344730355259e-11,0.9785184659221847,8.935469197906317e-09,5.804111798106637e-05,1.6303043077141296e-09,1.8703587476582837e-09,1.4829507951232486e-10,5.950570742411927e-07,1.5976764716911748e-08,6.677717833826563e-09,4.51518721022049e-10,0.00022661410446300737,0.004154348495806997,0.016537499522941666,0.00041306006713878605,7.09665196939097e-12,2.5266847375983707e-09,1.3303273775766483e-07,2.132887998549667e-06,8.907151614894024e-05
149,3.804042973495492e-11,0.9780513828656284,9.822223433718671e-09,6.571243449207976e-05,3.006781989347788e-09,1.602692549516086e-09,1.2990538844473657e-10,1.3843188274582158e-06,9.637678226685115e-09,3.221514048450682e-09,1.526825622065543e-10,0.00033505425212009086,0.0074897488868828355,0.013565171335653414,0.0003982893878015538,1.0192415706865947e-11,1.2787686213212878e-09,7.2849833829687475e-09,7.705014699730934e-08,9.314328298429396e-05
150,2.4677770944123276e-11,0.9893220962807441,1.091030242545327e-08,7.125570394227056e-05,2.0683025675526027e-10,3.907521988869591e-10,3.1023813911707625e-11,3.391578526017426e-07,1.342703964654487e-08,5.846677183956869e-09,3.774823174454021e-10,3.3836735124758964e-05,0.0004829209099152091,0.009639501123867007,0.000352758658779367,8.526139453408547e-13,4.876017632453297e-10,3.9001125956094206e-08,4.882179168323641e-07,9.673250749244148e-05
151,1.5286239981575357e-11,0.9769848294157499,1.1740987729929832e-08,9.209492731410565e-05,6.6283164708817624e-09,4.418369542051054e-09,3.463429225677907e-10,1.8531006557873686e-06,5.3339047697983035e-09,1.4668589930278865e-09,5.7928712641121113e-11,0.0007324359566327715,0.015310142926871287,0.006458023383114909,0.0003197030506840504,1.590033781601244e-11,1.7862048913137658e-09,9.881710301911806e-08,1.2902292646747083e-06,9.949638250956189e-05
152,7.1379610973687125e-12,0.9952404432013837,1.3015566576700583e-08,0.00011349660284445762,1.7789910005436225e-12,4.656655518770562e-11,3.505383786477833e-12,3.2870916983206327e-07,1.0828830623245176e-08,4.686048611712043e-09,2.900751964860118e-10,2.0746350307855085e-06,2.712530882163963e-06,0.0042484103166559335,0.00029004412945000057,5.059788025563915e-14,1.6777235339432844e-09,3.1325840100305206e-08,7.403155967442814e-07,0.00010168767586180079
153,4.810727653458644e-12,0.9777090502956762,1.3848012007432348e-08,0.0001365668914495927,8.158516989409769e-09,5.2769925914175354e-09,4.077242961522222e-10,1.9223205432201505e-06,2.9047192474736217e-09,4.5316031229253164e-10,4.887283713754659e-12,0.0008466014105841073,0.017493528773437718,0.0034517115119962524,0.00025528350030997344,1.0346564473431653e-11,3.9908755221947247e-10,1.964264292593928e-07,2.1144931802105733e-06,0.00010299290813568142
154,4.222460544422269e-12,0.9954757701194794,1.5212782689374174e-08,0.00015566977209752265,7.963397777909191e-12,1.0176583933082741e-11,6.29423263280669e-13,2.8580028332787295e-07,8.67016988703946e-09,3.775284251969772e-09,2.3023483021247747e-10,1.0383999160701574e-06,1.8121712780543096e-05,0.004008302940608966,0.00023632437682625086,2.3969105216889607e-15,1.5344849449080734e-09,5.2811101643785265e-08,7.416417320371269e-07,0.000103662979223076
155,7.576487906949458e-12,0.982456943880698,1.6116162088645752e-08,0.00018680914497257617,5.608627759860667e-09,3.3342857260616747e-09,2.592385797796691e-10,1.3220362435763836e-06,2.9108613702621845e-09,7.895167486496328e-10,3.119403263771524e-11,0.0005428868117839979,0.011275068877935083,0.005228313682184935,0.00020377099652788683,3.4591140813367355e-12,1.743634780341453e-09,1.3023620912919205e-07,1.2735003709217646e-06,0.00010345002851708306
156,1.0881000242142965e-11,0.9928353500903508,1.737067954923879e-08,0.00020829307542818387,9.71496383315633e-11,1.2211042853228638e-10,9.631984107047386e-12,2.3588111399687454e-07,6.745013827596601e-09,3.117881232975758e-09,1.9332977864930848e-10,1.1773967051754846e-05,0.00018809664013084846,0.006468200164563607,0.00018499594558754544,1.1425369595443462e-13,5.790719320980431e-10,4.112076148162794e-08,3.1661209061609385e-07,0.00010266825705752819
157,1.502986245979309e-11,0.9881451609830663,1.8326693979633865e-08,0.00024313072598431982,2.0841280319572942e-09,9.924087557130349e-10,7.826854722438444e-11,6.629133719598109e-07,3.419584304433495e-09,1.3284659254698345e-09,6.508371846866699e-11,0.00018605481554184028,0.004035751754709951,0.007119386174901468,0.00016733998370586873,9.13731685903072e-13,1.1566780421798045e-09,4.231533719748981e-08,1.248133277785201e-06,0.00010119473284857659
158,1.78473823076856e-11,0.9914801950205488,1.9352641604512584e-08,0.0002613968111049374,6.53710731453056e-10,5.332443925756096e-10,4.244256493128899e-11,2.480276775191988e-07,5.1774518278329905e-09,2.4541714537095213e-09,1.565953564653515e-10,6.661763943592507e-05,0.0012440110762219848,0.006704787455879949,0.00014229421338430575,4.5292827933176895e-13,2.201515747140334e-09,5.3535195771848015e-08,1.1406271274670804e-06,9.92250033495693e-05
159,1.9289793598178955e-11,0.9928218736994102,2.0268157001631558e-08,0.0002805447469468977,5.877083361302541e-10,7.298977714001401e-11,4.7295449869394184e-12,3.857524009833865e-07,3.263499371006788e-09,1.282251832887062e-09,6.30370201983238e-11,4.464011474341586e-05,0.0011576563440943428,0.005466125489471813,0.00013115615063839645,5.810147495738333e-13,6.987410759052586e-10,5.2996685026331095e-08,7.572108779691574e-07,9.678123374693332e-05
160,1.994420017506261e-11,0.9924053155372989,2.10958985642501e-08,0.0002836289988647001,1.6960863751741715e-09,1.1678648523059351e-09,9.203431392813226e-11,4.0419794578584153e-07,3.560298790327123e-09,1.5363410047791789e-09,9.897735220547221e-11,0.00016662898757952195,0.0033006726063428953,0.0036376332058771434,0.00010898513899249441,2.3127065739506242e-12,5.782497629986812e-10,1.692780510218281e-07,2.4907665800693163e-06,9.404143445977017e-05
161,1.873396408297247e-11,0.9965153228532475,2.195378839073253e-08,0.0002854727759092564,5.133670821958327e-10,1.489832567420508e-10,9.770688337534718e-12,2.8897330707875856e-07,2.6696937947409603e-09,1.034170922420373e-09,5.42431196899531e-11,4.35326399276343e-05,0.001041880680186191,0.0019213694609450664,0.00010057609114835856,2.0629429378287217e-12,1.6907155994944667e-09,4.450420915239446e-08,3.8591069205843624e-07,9.109801489811494e-05
162,1.7726518664777806e-11,0.9940658713287766,2.2660348231513058e-08,0.00028180266449231864,2.1945561322673974e-09,1.4375320882462002e-09,1.118245617295956e-10,5.155598730037939e-07,1.8031918354765616e-09,6.280426338030132e-10,3.698089939713608e-11,0.00022246769204775196,0.004543455607107251,0.000714837015247879,8.103035317805242e-05,7.1836321269806e-12,1.5346242756594498e-09,2.1200511583996583e-07,1.7009636299951095e-06,8.80763785202636e-05
163,1.5582715965719522e-11,0.9982650032248931,2.3491221455076676e-08,0.00028274272094564915,4.2480700527575746e-10,2.7606517509626446e-10,2.011564765250585e-11,1.8549369958535353e-07,2.1488842575859123e-09,9.567441783876064e-10,5.977486994950583e-11,4.416178770719407e-05,0.0009133912411382973,0.00033609994994057295,7.258634572416335e-05,3.18397104329936e-12,1.641641975612465e-10,2.3096824818263875e-08,6.38887961893933e-07,8.513969062145103e-05
164,1.4236561512534932e-11,0.9952377803964693,2.414162061813882e-08,0.000280031317794907,1.5163568309093048e-09,9.806301048338493e-10,7.526524408434956e-11,4.44811928507564e-07,7.629483955421614e-10,1.9055421081099193e-10,4.329726638883843e-12,0.00016567680457683402,0.0034850435815867776,0.0006843978786635709,6.238560284949438e-05,9.690488699385667e-12,1.089245836894248e-09,1.052220559465659e-07,1.802268615630079e-06,8.230333058121564e-05
165,1.2621464633985134e-11,0.9977024848063196,2.4917332425035492e-08,0.00028558933784855837,1.8810893867221353e-10,2.37936557300108e-10,1.770680009695078e-11,7.086303485463244e-08,1.9059301176627743e-09,9.05229423229247e-10,6.458288559071425e-11,2.5934002693709164e-05,0.00044965846759120645,0.0014058311477935241,5.002385284289649e-05,3.1190431554291683e-12,1.0670913781083685e-09,3.015875746281759e-08,5.402039210969706e-07,7.980783953777452e-05
166,1.1990266103507707e-11,0.9958769769274863,2.5533229973819967e-08,0.00027922855904515844,5.492438999663074e-10,3.02105305820287e-10,2.2477241439144652e-11,2.542469399875438e-07,6.319287658919059e-10,1.4947895251420778e-10,5.49882705222077e-13,6.530499413329203e-05,0.0014702123436966096,0.0021842037882695707,4.515545450174811e-05,7.0935457424170356e-12,2.4730169368438833e-10,3.639717017959237e-08,1.070809559938136e-06,7.752902379704307e-05
167,1.1456617349025273e-11,0.9969027423175904,2.6210389552707556e-08,0.0002792442048626904,7.145177164343958e-11,1.7702860883384958e-10,1.322560952306609e-11,2.509592298711754e-08,1.6526545926227743e-09,7.264308872787523e-10,5.58450379077744e-11,1.4440510692177307e-05,0.00020016480155823376,0.002493027100314051,3.454005774597833e-05,2.370144570735633e-12,2.557728304335749e-10,1.687999003217635e-08,1.800364975148479e-08,7.575185104886272e-05
168,1.1682740503193743e-11,0.9966979767707445,2.676077862827403e-08,0.000269380847685098,1.5270958001615098e-10,2.221128635495883e-11,1.016199709361211e-12,1.383785275759163e-07,5.728858634842199e-10,1.398103611313671e-10,2.0291301055089925e-12,1.857301656718911e-05,0.0004914831899557341,0.002416649944260405,3.135915926419311e-05,3.170136435698562e-12,8.241454266912712e-10,3.1086356502844774e-08,1.3367994952831498e-07,7.424543625040196e-05
169,1.1896803931148697e-11,0.9975739773467788,2.7324313543851937e-08,0.0002641650518083162,6.694573038450408e-11,1.4957403824556955e-10,1.1074063137383187e-11,2.5149825587292578e-08,1.1005056601000521e-09,4.6485439726989345e-10,3.71121421254783e-11,1.4410057130889694e-05,0.00023119523908587443,0.0018211439870356187,2.1716703827845594e-05,2.727336984057318e-12,2.796635346748584e-10,3.8930857543401775e-09,6.770423851103292e-08,7.326541851501677e-05
170,1.2450128673913432e-11,0.9980225675185008,2.7773488254824274e-08,0.0002595778289362491,1.2243926983962493e-10,7.959608442231634e-11,5.69534868013294e-12,9.796500023010086e-08,2.973525257895361e-10,7.551340077944656e-11,1.2287946713000425e-12,2.0625367380227893e-05,0.0004826781902594944,0.00112202645008321,1.9736806876561038e-05,3.9574492146687e-12,7.513736263218732e-12,1.0157198239750497e-08,9.385508562846222e-08,7.255748144503833e-05
171,1.2793872744774908e-11,0.9988573118723125,2.821405435444215e-08,0.00025741737755657993,6.997802833111993e-11,1.2113839652616557e-10,8.835423812495413e-12,4.0462250805484356e-08,5.174664177963778e-10,2.2367873597523772e-10,1.765492149740103e-11,1.5710821264719127e-05,0.0002997995100891513,0.00048363942236464853,1.375241478281057e-05,3.8121207167745416e-12,3.4115752094271505e-10,2.4668972566813717e-09,2.317516235873617e-08,7.22729467491609e-05
172,1.3193332878826978e-11,0.9990597534142244,2.8560425497753702e-08,0.0002577517239203851,9.165131027267557e-11,1.199845556138447e-10,9.000062676646425e-12,6.004746541795269e-08,1.5981235224546551e-10,4.5655562131209215e-11,2.3372878223869966e-12,2.0825681015042168e-05,0.0004416026155055868,0.00013702992446663068,1.0398830967648679e-05,3.855558887367503e-12,3.983984842516226e-10,4.693848978271117e-09,3.326514896763071e-07,7.221101278251091e-05
173,1.3357822828515676e-11,0.9993318162981503,2.8871612553698613e-08,0.00025788272749526024,4.383700115870464e-11,6.447529421209568e-11,4.618176610331617e-12,3.26703119204659e-08,2.2150175759483487e-10,7.830687705063399e-11,5.377016482195612e-12,1.0498896621008674e-05,0.0002190345160240542,0.00010082936668406002,7.41102534588354e-06,2.605073968761634e-12,8.115245417467902e-11,4.692582174227273e-10,7.502324694377876e-08,7.2389620018308e-05
174,1.3515085333808651e-11,0.9991838855719307,2.9123067587347426e-08,0.00025733292889537184,3.697010705966831e-11,6.568778490051344e-11,4.9577942589179574e-12,2.213685714110017e-08,1.427698252176065e-10,4.1964757847222426e-11,3.4749407812863317e-12,9.70672971905903e-06,0.00019448176725684655,0.0002766108326979731,5.119766400918269e-06,1.8993625615200264e-12,1.7100879604168992e-10,1.339177565826963e-08,1.0059745015378791e-07,7.269667170012141e-05
175,1.3538883413265472e-11,0.9990809748727837,2.931887760294096e-08,0.00025687753241580147,1.4307756268900314e-11,1.3768241476686269e-11,9.40821229915594e-13,1.6359482554947303e-08,1.02964714373028e-10,2.3613887638848827e-11,1.1357485074695231e-12,3.1690454261428503e-06,7.26849961268165e-05,0.0005099251533020523,3.199191158960935e-06,8.473577587539412e-13,2.4361585163601095e-10,3.5272134072828874e-09,6.33585507664656e-08,7.305622992832235e-05
176,1.3578959099431357e-11,0.9989649440397791,2.9480058956692376e-08,0.00025555163880046415,7.231300707515765e-12,1.5408455030653357e-11,1.1648407745044646e-12,2.8825918098603546e-09,6.558272616053972e-11,2.3337427266203466e-11,2.0077232194048846e-12,1.8789031657077255e-06,3.4495625291686906e-05,0.0006680656420002903,1.5706157388672863e-06,3.589127284226443e-13,1.4220971416542924e-10,7.577518793252187e-09,2.4728279649027277e-08,7.342859589483185e-05
177,1.3574482660950173e-11,0.9989408009809426,2.958190778350695e-08,0.00025554900426375546,2.353215174610985e-12,4.3647719763666494e-13,1.953927522192492e-14,3.1699499612070497e-09,2.590924712198848e-11,6.4356522103386784e-12,2.406679826916843e-13,3.9649763976997793e-07,1.0629106334548804e-05,0.0007179340122654178,8.918569720732562e-07,8.522526217146211e-14,1.5193947777814317e-10,2.877830690797863e-09,4.494894103347168e-08,7.371776195787658e-05
178,1.35868405332658e-11,0.998982395666816,2.9652163948312004e-08,0.00025548679346047194,2.604058675705673e-13,8.128179751596334e-13,6.174116801322852e-14,2.463836624005501e-10,6.670197710135865e-12,3.401184441698186e-12,2.419945830660873e-13,6.90398175649126e-08,9.758793003589816e-07,0.0006868208567431413,2.3877037496619687e-07,3.64550055420326e-15,1.9227852572861044e-10,2.3667764948162023e-09,6.297163115277429e-08,7.391753921490934e-05
179,1.3586422109196529e-11,0.9990064859013937,2.9672456357490754e-08,0.0002556309464933863,9.809594299082667e-15,2.708258545469976e-15,1.5680539625028943e-16,2.9030355354341273e-10,2.752841374415992e-12,7.669091431405211e-13,9.808370078026983e-15,1.5025264548019302e-09,4.936347577400402e-08,0.0006637267387185717,4.6803981416420274e-08,3.999883197836776e-15,1.7823817028870905e-10,2.820131247697198e-09,4.63107657521701e-08,7.397945438267284e-05
