Xgate_noise.py
Current Mountain Time: 2025-03-06 10:59:07.463178-07:00
truc =  300
num_cpus =  4 ;   n_job =  5
params =
[30.002512, 0.222626, 0.201971, 0.389445, 0.425332] ,
[50.000191, 0.215248, 0.148153, 0.354356, 0.376483] ,
[70.001044, 0.209788, 0.131851, 0.353189, 0.36997] ,
[90.009744, 0.219753, 0.113433, 0.351332, 0.376525] ,
[110.009928, 0.211658, 0.106989, 0.341806, 0.362874] ,
[130.002315, 0.201238, 0.098495, 0.3428, 0.353056] ,
[150.002399, 0.205268, 0.094552, 0.339607, 0.355509] ,
[170.00663, 0.212306, 0.087921, 0.33633, 0.362475] ,
[190.009275, 0.209698, 0.083495, 0.335382, 0.359146] ,

hspace_select_index (len=140) = [
0, 2, 3, 4, 8, 9, 10, 11, 15, 16 ,
18, 19, 20, 23, 24, 25, 28, 31, 33, 35 ,
37, 39, 40, 42, 43, 46, 47, 49, 51, 53 ,
55, 56, 57, 60, 62, 64, 66, 67, 69, 70 ,
73, 76, 77, 79, 81, 83, 85, 86, 88, 91 ,
92, 95, 96, 98, 100, 101, 102, 104, 106, 108 ,
110, 112, 113, 116, 118, 120, 121, 123, 126, 128 ,
130, 132, 133, 136, 137, 139, 141, 143, 145, 146 ,
148, 151, 153, 154, 156, 158, 159, 162, 164, 166 ,
167, 169, 170, 173, 174, 176, 179, 181, 183, 185 ,
186, 188, 190, 192, 194, 196, 198, 200, 202, 205 ,
206, 208, 209, 212, 213, 216, 218, 220, 222, 223 ,
226, 227, 229, 230, 232, 234, 237, 239, 241, 242 ,
245, 246, 248, 250, 252, 253, 255, 257, 259, 262 ,
]
UserWarning: A worker stopped while some jobs were given to the executor. This can be caused by a too short worker timeout or by a memory leak.
 /home/zlqed/anaconda3/lib/python3.11/site-packages/joblib/externals/loky/process_executor.py: 700
f_ideal = [
-0.7710296520870434, -1.137366901124569, -1.6405575650317505, -1.6549173821223386 ,
-1.9055133720239796, -2.250809546974744, -2.5388987862677066, -2.4791309644505026 ,
-2.6693074486470736 ,
]

f_noise = [
-0.7738740011678911, -1.1275068993090454, -1.5926022942046747, -1.5934061361700882 ,
-1.7894363129283495, -1.9524905261080059, -2.068837875672322, -2.003601523219357 ,
-2.0603941827210117 ,
]
Current Mountain Time: 2025-03-07 19:47:56.395870-07:00
2262782.41user 371391.73system 32:48:57elapsed 2229%CPU (0avgtext+0avgdata 2783348maxresident)k
0inputs+24outputs (26major+40467266minor)pagefaults 0swaps
