Xgate_noise.py
Current Mountain Time: 2025-03-08 15:05:31.557837-07:00
truc =  300
num_cpus =  4 ;   n_job =  5
params =
[80.007155, 0.210573, 0.122946, 0.355789, 0.37113] ,
[90.009744, 0.219753, 0.113433, 0.351332, 0.376525] ,

hspace_select_index (len=160) = [
0, 2, 3, 4, 8, 9, 10, 11, 15, 16 ,
18, 19, 20, 23, 24, 25, 28, 31, 33, 35 ,
37, 39, 40, 42, 43, 46, 47, 49, 51, 53 ,
55, 56, 57, 60, 62, 64, 66, 67, 69, 70 ,
73, 76, 77, 79, 81, 83, 85, 86, 88, 91 ,
92, 95, 96, 98, 100, 101, 102, 104, 106, 108 ,
110, 112, 113, 116, 118, 120, 121, 123, 126, 128 ,
130, 132, 133, 136, 137, 139, 141, 143, 145, 146 ,
148, 151, 153, 154, 156, 158, 159, 162, 164, 166 ,
167, 169, 170, 173, 174, 176, 179, 181, 183, 185 ,
186, 188, 190, 192, 194, 196, 198, 200, 202, 205 ,
206, 208, 209, 212, 213, 216, 218, 220, 222, 223 ,
226, 227, 229, 230, 232, 234, 237, 239, 241, 242 ,
245, 246, 248, 250, 252, 253, 255, 257, 259, 262 ,
264, 265, 267, 269, 271, 273, 275, 277, 279, 281 ,
282, 283, 286, 288, 290, 291, 293, 294, 297, 299 ,
]

f_ideal = [
-1.699658138072829, -1.7407043566777372 ,
]

f_noise = [
-1.696906457113737, -1.7290104964354713 ,
]
Current Mountain Time: 2025-03-08 22:32:50.740733-07:00
898488.99user 153271.61system 7:27:25elapsed 3917%CPU (0avgtext+0avgdata 1856780maxresident)k
200inputs+16outputs (9major+9146093minor)pagefaults 0swaps
