Xgate_noise.py
Current Mountain Time: 2025-03-05 17:31:46.191142-07:00
truc =  300
num_cpus =  4 ;   n_job =  5
params =
[20.000087, 0.249753, 0.216297, 0.43883, 0.490612] ,
[40.006173, 0.223179, 0.160035, 0.358809, 0.386917] ,
[60.000967, 0.213711, 0.14419, 0.358967, 0.378127] ,
[80.007155, 0.210573, 0.122946, 0.355789, 0.37113] ,
[100.001683, 0.212233, 0.113924, 0.340021, 0.36258] ,
[120.004766, 0.209273, 0.104767, 0.341188, 0.360503] ,
[140.008725, 0.211735, 0.099358, 0.338134, 0.362321] ,
[160.000656, 0.209132, 0.090941, 0.337889, 0.359183] ,
[180.006237, 0.21108, 0.084566, 0.335734, 0.36059] ,
[200.005395, 0.208582, 0.081626, 0.335171, 0.357777] ,

hspace_select_index (len=140) = [
0, 2, 3, 4, 8, 9, 10, 11, 15, 16 ,
18, 19, 20, 23, 24, 25, 28, 31, 33, 35 ,
37, 39, 40, 42, 43, 46, 47, 49, 51, 53 ,
55, 56, 57, 60, 62, 64, 66, 67, 69, 70 ,
73, 76, 77, 79, 81, 83, 85, 86, 88, 91 ,
92, 95, 96, 98, 100, 101, 102, 104, 106, 108 ,
110, 112, 113, 116, 118, 120, 121, 123, 126, 128 ,
130, 132, 133, 136, 137, 139, 141, 143, 145, 146 ,
148, 151, 153, 154, 156, 158, 159, 162, 164, 166 ,
167, 169, 170, 173, 174, 176, 179, 181, 183, 185 ,
186, 188, 190, 192, 194, 196, 198, 200, 202, 205 ,
206, 208, 209, 212, 213, 216, 218, 220, 222, 223 ,
226, 227, 229, 230, 232, 234, 237, 239, 241, 242 ,
245, 246, 248, 250, 252, 253, 255, 257, 259, 262 ,
]
UserWarning: A worker stopped while some jobs were given to the executor. This can be caused by a too short worker timeout or by a memory leak.
 /home/zlqed/anaconda3/envs/qutip4/lib/python3.11/site-packages/joblib/externals/loky/process_executor.py: 752
f_ideal = [
-0.6009112143429436, -0.8953468063786553, -1.46633629292876, -1.6632854175496878 ,
-1.8939398906481715, -2.100645638428869, -2.2880623312778505, -2.5841711750029046 ,
-2.6794524498984034, -2.7365165224563937 ,
]

f_noise = [
-0.6023835948636584, -0.8961866890012773, -1.4372339959804545, -1.6041503976614544 ,
-1.787068214544117, -1.8788895866091895, -1.9879654264077375, -2.0738735911352877 ,
-2.0442747958567145, -2.030625726965328 ,
]
Current Mountain Time: 2025-03-06 05:27:10.285497-07:00
1893746.66user 304543.45system 11:55:34elapsed 5120%CPU (0avgtext+0avgdata 2928108maxresident)k
0inputs+24outputs (20major+28193538minor)pagefaults 0swaps
