run_2q_fidelity.py

Current China Time: 2026-04-17 16:16:52.113511+08:00

============================================================
 Configuration 
============================================================

[cz_run]
    True

[n_truc_list]
    type: np.ndarray, shape=(2,)
    preview: [200, 900]

[reduced_model]
    charge_pick

[calculate_ideal]
    True

[calculate_noise]
    False

[max_step_ideal]
    0.001

[max_step_noisy]
    0.001

[num_cpus]
    4

[folder_load]
    ../data/Two_qubit_data_Sorted_Truc

[tg_list]
    type: np.ndarray, shape=(30,)
    preview: [0, 6, 12, 18, 24, 30, 36, 42, 48, 54, 60, 66, 72, 78, 84, 90, 96, 102, 108, 114, 120, 126, 132, 138, 144, 150, 156, 162, 168, 174]

[params]
    type: np.ndarray, shape=(30, 3)
      [20.0396, 0.042986, 0.024999]
      [26.093888, 0.014711, 0.005774]
      [32.051075, 0.038251, 0.013537]
      [38.051728, 0.042323, 0.017513]
      [44.045552, 0.032456, 0.024949]
      [50.061226, 0.0273, 0.027376]
      [56.069465, 0.022632, 0.026119]
      [62.05419, 0.021118, 0.016864]
      [68.034924, 0.018637, 0.016083]
      [74.047574, 0.016614, 0.015243]
      [80.077779, 0.022211, 0.025875]
      [86.105841, 0.019796, 0.025541]
      [91.948301, 0.017913, 0.02519]
      [97.911043, 0.016379, 0.024548]
      [104.063579, 0.015087, 0.022589]
      [110.011572, 0.014146, 0.020779]
      [116.081819, 0.013307, 0.020056]
      [121.899104, 0.012552, 0.019398]
      [127.989493, 0.011846, 0.018614]
      [134.04404, 0.011216, 0.01771]
      [140.029224, 0.010651, 0.016991]
      [146.026626, 0.010146, 0.016335]
      [151.995423, 0.009679, 0.01572]
      [158.03957, 0.009263, 0.015107]
      [164.005209, 0.008876, 0.014574]
      [170.004681, 0.008521, 0.01407]
      [176.000245, 0.00819, 0.013584]
      [182.010007, 0.00788, 0.013127]
      [188.012436, 0.007596, 0.01271]
      [193.987562, 0.007333, 0.012326]

[n_job]
    10

============================================================


params = np.array([
[20.0396, 0.042986, 0.024999] ,
[26.093888, 0.014711, 0.005774] ,
[32.051075, 0.038251, 0.013537] ,
[38.051728, 0.042323, 0.017513] ,
[44.045552, 0.032456, 0.024949] ,
[50.061226, 0.0273, 0.027376] ,
[56.069465, 0.022632, 0.026119] ,
[62.05419, 0.021118, 0.016864] ,
[68.034924, 0.018637, 0.016083] ,
[74.047574, 0.016614, 0.015243] ,
[80.077779, 0.022211, 0.025875] ,
[86.105841, 0.019796, 0.025541] ,
[91.948301, 0.017913, 0.02519] ,
[97.911043, 0.016379, 0.024548] ,
[104.063579, 0.015087, 0.022589] ,
[110.011572, 0.014146, 0.020779] ,
[116.081819, 0.013307, 0.020056] ,
[121.899104, 0.012552, 0.019398] ,
[127.989493, 0.011846, 0.018614] ,
[134.04404, 0.011216, 0.01771] ,
[140.029224, 0.010651, 0.016991] ,
[146.026626, 0.010146, 0.016335] ,
[151.995423, 0.009679, 0.01572] ,
[158.03957, 0.009263, 0.015107] ,
[164.005209, 0.008876, 0.014574] ,
[170.004681, 0.008521, 0.01407] ,
[176.000245, 0.00819, 0.013584] ,
[182.010007, 0.00788, 0.013127] ,
[188.012436, 0.007596, 0.01271] ,
[193.987562, 0.007333, 0.012326] ,
])

===== n_truc = 200 =====

f_ideal_200 = np.array([
-0.57869856, -0.31183365, -0.36858025, -0.54081560 ,
-1.08117868, -1.14273116, -1.00308178, -1.03069603 ,
-1.19226352, -1.32044210, -1.62309274, -2.13110618 ,
-2.56922559, -2.31802375, -2.10624342, -2.32821764 ,
-2.82834421, -3.15629905, -2.99726096, -3.05324701 ,
-3.27912524, -3.34237523, -3.32668196, -3.49118440 ,
-3.72329256, -3.83168994, -3.97556849, -4.26986760 ,
-4.40850679, -4.34475545 ,
])

Current China Time: 2026-04-17 16:18:13.939926+08:00

===== n_truc = 900 =====

f_ideal_900 = np.array([
-0.61473406, -0.31183054, -0.38948655, -0.43161802 ,
-1.00760319, -1.14115476, -1.00821119, -1.03874871 ,
-1.19191039, -1.31847757, -1.63144236, -2.23620020 ,
-2.89260051, -2.37643445, -2.09866487, -2.31829641 ,
-2.81631486, -3.14770754, -2.99409826, -3.04938118 ,
-3.27204810, -3.33467159, -3.32043815, -3.48559766 ,
-3.71750117, -3.82769387, -3.97314620, -4.26691930 ,
-4.40617000, -4.34306246 ,
])

Current China Time: 2026-04-17 16:36:58.237796+08:00

fidelity_list = np.array([
[-0.5786985610959464, -0.31183364585865486, -0.36858024866618383, -0.5408155993124525, -1.0811786823937695, -1.1427311597587448, -1.0030817813804533, -1.030696034639285, -1.1922635200300113, -1.32044210350036, -1.6230927353204927, -2.131106182223495, -2.5692255922883596, -2.3180237473608774, -2.1062434153087106, -2.328217637455303, -2.828344208895771, -3.1562990517695564, -2.9972609588853993, -3.0532470144587247, -3.2791252415900005, -3.3423752336546757, -3.326681957559729, -3.491184401102846, -3.72329256355352, -3.8316899415159393, -3.9755684851677473, -4.269867597396011, -4.408506788164023, -4.34475545191895] ,
[-0.614734063361709, -0.31183053811455425, -0.38948654506957175, -0.431618020509439, -1.0076031929788183, -1.141154761725521, -1.0082111894010388, -1.0387487117174339, -1.1919103876254433, -1.3184775716499202, -1.6314423585042934, -2.2362001979160735, -2.892600513679916, -2.3764344479565986, -2.0986648733530586, -2.31829640910401, -2.816314864699933, -3.1477075423230576, -2.994098257127559, -3.049381177173064, -3.2720480966134113, -3.3346715926708184, -3.3204381460567927, -3.4855976557516537, -3.717501170172962, -3.827693871650364, -3.9731461973131874, -4.266919300156758, -4.406170000401451, -4.343062460122151] ,
])
34312.63user 195.91system 20:11.33elapsed 2848%CPU (0avgtext+0avgdata 2131060maxresident)k
2801024inputs+24outputs (830major+24760031minor)pagefaults 0swaps
