0
0
1
2
4
5
8
9
12
13
15
18
20
22
24
25
26
28
30
33
34
35
37
39
41
44
45
46
50
51
54
56
58
59
60
64
65
66
69
70
73
75
77
79
81
84
85
86
89
90
92
93
98
99
100
101
102
105
106
109
110
111
115
116
121
123
124
127
128
129
131
132
135
136
138
140
141
144
145
147
150
151
154
157
160
161
162
165
167
169
170
173
174
175
177
179
180
183
185
188
189
194
195
198
199
200
201
204
205
207
208
210
213
214
216
217
222
223
224
225
228
229
234
235
238
241
244
247
248
249
250
251
252
254
255
260
261
262
263
264
265
269
270
271
275
277
281
282
285
288
289
293
294
295
299
