param_optimized = np.array([
[20.042209, 0.049978, 0.039991] ,
[26.099981, 0.026182, 0.019529] ,
[32.057496, 0.047462, 0.021916] ,
[38.059233, 0.041072, 0.025351] ,
[44.046786, 0.033734, 0.028972] ,
[50.067794, 0.036383, 0.039999] ,
[56.065043, 0.028997, 0.039984] ,
[62.061713, 0.02096, 0.017575] ,
[68.034924, 0.018637, 0.016083] ,
[74.044345, 0.016515, 0.015571] ,
[80.08052, 0.022351, 0.025764] ,
[86.104958, 0.019856, 0.025527] ,
[91.947295, 0.017908, 0.025175] ,
[97.915742, 0.016361, 0.024639] ,
[104.063579, 0.015087, 0.022589] ,
[110.015207, 0.014187, 0.020769] ,
[116.085225, 0.013312, 0.020023] ,
[121.899104, 0.012552, 0.019398] ,
[127.98677, 0.011843, 0.018552] ,
[134.046451, 0.011217, 0.01769] ,
[140.026912, 0.010657, 0.016972] ,
[146.029202, 0.01015, 0.016335] ,
[151.996899, 0.009688, 0.01572] ,
[158.047613, 0.009264, 0.015093] ,
[164.005505, 0.008876, 0.014574] ,
])

f_60 = np.array([
-0.54365858, -0.28017197, -0.44107243, -0.90923460 ,
-1.19925911, -1.17585189, -1.05601843, -0.97188930 ,
-1.13464832, -1.27320826, -1.62397994, -2.23522414 ,
-2.97267254, -2.37475419, -2.05000572, -2.26195855 ,
-2.76500812, -3.07475984, -2.90448424, -2.95808909 ,
-3.18591485, -3.24807240, -3.23610900, -3.39726775 ,
-3.62828630 ,
])