hspace,derivative,tphi_50us_02,t1_50us_49
0.0,0.0,0.0,3.2130857598951405e-35
2.0,1.81610897,2e-05,9.826523146548449e-33
3.0,1.81605649,1.9999422061111236e-05,1.1200298950682558e-09
4.0,0.00027071415,2.981254478358752e-09,1.157625042349286e-34
8.0,0.110984452,1.2222223867987394e-06,4.6591153384079027e-32
9.0,0.103856014,1.1437200709382545e-06,6.948122595437315e-06
10.0,0.0023401545,2.5771080245256426e-08,0.0013825535459581887
11.0,0.00554232091,6.103511409890785e-08,1.570365995068692e-30
15.0,0.00763872599,8.412189043920642e-08,5.797665775388436e-05
16.0,0.047004192,5.176362517498056e-07,1.2488067956887695e-31
18.0,0.0613387958,6.754968651468089e-07,1.912164990232547e-33
19.0,0.0982456242,1.0819353444413637e-06,2.958426422195364e-07
20.0,0.00723629288,7.969007366336614e-08,1.5623823550458456e-05
23.0,2.83028269,3.1168643916779954e-05,2.231419149521923e-31
24.0,2.68450471,2.956325588766846e-05,3.983987386593973e-07
25.0,0.138246955,1.52245220175307e-06,1.4345759366801143e-32
28.0,0.000784888634,8.643629286187603e-09,3.4182598541747785e-07
31.0,0.0300415399,3.308341117879067e-07,5.569645955903888e-33
33.0,0.00592067644,6.520177519964565e-08,2.1551972136439297e-33
35.0,0.0187950341,2.0698134760052424e-07,7.076010709217194e-07
37.0,0.162785686,1.792686327627136e-06,6.692446428325564e-35
39.0,0.0643906118,7.09105156834284e-07,2.3239649820588188e-07
40.0,0.0753514901,8.29812432455526e-07,8.567282922964921e-33
42.0,0.00232804703,2.5637746065424702e-08,3.8068560649900444e-33
43.0,0.0426013473,4.691496821360891e-07,1.0744942634347172e-07
46.0,0.0276229551,3.041993135466976e-07,8.057911017897745e-34
47.0,0.0242164289,2.6668475625666893e-07,1.901781692135384e-33
49.0,0.0535880382,5.901412204356879e-07,9.174210297105967e-09
51.0,0.0518787992,5.713181318629796e-07,2.0586300096588006e-32
53.0,0.0296648664,3.266859741351313e-07,2.9969700878385527e-06
55.0,0.0241841255,2.6632901328602545e-07,1.47670592796422e-06
56.0,0.0107421734,1.1829877587136197e-07,4.9180051028811846e-33
57.0,0.0386880008,4.260537383943431e-07,3.324814655655584e-07
60.0,0.383979307,4.228593254511595e-06,1.3910048926895598e-07
62.0,0.345534242,3.805214859987174e-06,1.1513933134782283e-31
64.0,0.021678363,2.387341658248624e-07,5.319414382251663e-35
66.0,0.273740913,3.0145868725046823e-06,3.098694397359597e-06
67.0,0.26945492,2.967387138669328e-06,5.399718460511206e-31
69.0,0.0212934297,2.344950666699257e-07,2.8324917026243367e-06
70.0,0.103888961,1.144082901589325e-06,1.0257156852646051e-09
73.0,0.102886759,1.1330460968980293e-06,2.119225219765335e-33
76.0,0.00227298258,2.5031345778772298e-08,4.379518337953896e-34
77.0,0.0482033814,5.308423910267895e-07,2.2635731742160876e-09
79.0,0.00967341081,1.0652896901885794e-07,1.9820496743373805e-33
81.0,0.000558325645,6.148591898645818e-09,5.026375139170098e-07
83.0,0.0326880213,3.599786338812038e-07,2.594842953226793e-32
85.0,0.0100055394,1.1018655339827984e-07,2.4381260909874665e-34
86.0,0.0221993244,2.444712819187276e-07,5.7796353517634844e-08
88.0,0.0838554423,9.234626741588089e-07,5.994726736954285e-33
91.0,0.0152421675,1.678552086001756e-07,3.110916394600949e-08
92.0,0.0221870538,2.443361512607914e-07,1.2108639900226517e-33
95.0,0.0543276122,5.982858198206025e-07,3.105318361602865e-09
96.0,0.00737620122,8.123082195888278e-08,6.638713084376776e-34
98.0,0.0144745611,1.5940190086721504e-07,1.5984058849773648e-33
100.0,0.00952172541,1.04858525201822e-07,2.5873085444069397e-08
101.0,0.00263209027,2.8986038982011083e-08,6.94087048466876e-07
102.0,1.67657143,1.846333515989407e-05,3.7786561381979804e-33
104.0,0.245804323,2.7069336373576747e-06,6.591258364556435e-09
106.0,0.0691660031,7.616944163873604e-07,1.7520333894036314e-34
108.0,1.44009982,1.5859178538168884e-05,1.9268730885418223e-08
110.0,0.0520482662,5.731843965288052e-07,1.2384567881240928e-10
112.0,0.0308008437,3.391959866813499e-07,7.048316320143284e-34
113.0,0.0440680618,4.853019563027653e-07,1.041416327749e-07
116.0,0.0593186315,6.532496945929407e-07,3.830293234883376e-09
118.0,0.038180048,4.204598802240375e-07,1.1904953169816403e-37
120.0,0.000668073319,7.357194199641005e-09,2.6506800300047652e-34
121.0,0.00856310187,9.43016307000565e-08,6.13355563071656e-35
123.0,0.115239947,1.2690862597303288e-06,6.019753276424268e-34
126.0,0.053483055,5.889850871668785e-07,1.518863537209316e-08
128.0,0.00262074996,2.8861153193907744e-08,3.438110184172239e-35
130.0,0.0228141417,2.512419912776489e-07,2.7526969372762566e-09
132.0,0.00916984014,1.0098336929639194e-07,4.377600630462153e-36
133.0,0.0426928514,4.7015737607419017e-07,4.334946175528084e-34
136.0,0.0275401116,3.0328699494281995e-07,1.0136213604038672e-10
137.0,0.189427384,2.0860794933467015e-06,1.9745757414325292e-33
139.0,0.0846947175,9.327052384967847e-07,1.3263536221948215e-08
141.0,0.0399782022,4.402621523310906e-07,2.7682157238638566e-10
143.0,0.0161016072,1.7731983560435805e-07,2.942455732206009e-33
145.0,0.0449644632,4.951736260627577e-07,2.3625138132162388e-08
146.0,0.0345000907,3.7993414789422025e-07,9.856328242316546e-08
148.0,0.0112952528,1.2438959320816528e-07,1.1092087574493055e-10
151.0,0.0243139857,2.677591058866914e-07,1.809562120432136e-34
153.0,0.0440151015,4.84718728083811e-07,3.8379321783397224e-08
154.0,0.039033331,4.2985670623057383e-07,1.0120596790520855e-33
156.0,0.0534211356,5.883031963660199e-07,6.913385984450161e-35
158.0,0.0358366107,3.94652647963079e-07,1.376124936314478e-33
159.0,0.0622581346,6.856211342868926e-07,4.292440700945927e-09
162.0,0.0424214994,4.6716909723759584e-07,4.445758800296495e-34
164.0,0.0272390142,2.9997114325138765e-07,3.172334215992192e-09
166.0,0.00354635856,3.905446885161302e-08,2.219800380210369e-35
167.0,0.00952169736,1.04858216299653e-07,4.737056804159275e-10
169.0,0.00913567625,1.0060713757721268e-07,5.443806364346866e-11
170.0,0.04237641,4.6667254773814597e-07,2.3949614970300763e-34
173.0,0.0368453265,4.0576118623542726e-07,4.534975852100839e-09
174.0,0.0158643597,1.7470713445129896e-07,2.9209461482436597e-33
176.0,0.0850766188,9.369109475848248e-07,2.610566517667989e-35
179.0,0.140810926,1.550688073524575e-06,1.0840213517917364e-36
181.0,0.121964977,1.3431460227851855e-06,1.1107617446523927e-09
183.0,0.0193215762,2.1277992146032957e-07,4.803991702674136e-10
185.0,0.0159569473,1.7572676049279135e-07,1.5160500123722632e-09
186.0,0.023960185,2.638628562029513e-07,5.382803056913144e-33
188.0,0.00192624299,2.1212856957586635e-08,3.151962404176082e-33
190.0,0.0168394132,1.8544496479195302e-07,3.234490305426339e-12
192.0,0.0179585121,1.9776910302909855e-07,6.349119743645996e-34
194.0,0.00523151659,5.7612364416657224e-08,2.0831802794335753e-08
196.0,0.0679493374,7.482958183946418e-07,8.475170719398182e-34
198.0,0.0644187765,7.094153221433624e-07,9.721949092820086e-10
200.0,0.0419071492,4.615047873476447e-07,7.446425113033247e-10
202.0,0.0337713518,3.7190887064447463e-07,4.7524457412476474e-35
205.0,0.0118303418,1.3028229027468545e-07,6.799836566602341e-09
206.0,0.00263054491,2.8969020619946616e-08,2.1728078654991882e-36
208.0,0.00919151145,1.0122202579066608e-07,1.0211252441914743e-34
209.0,0.00167745738,1.8473091733036264e-08,1.6429206543949784e-12
212.0,0.1752951,1.9304469378839095e-06,4.522052713026993e-10
213.0,0.152580284,1.6802987763449021e-06,9.340075317980016e-34
216.0,0.0626003653,6.893899687087609e-07,3.558776940779832e-11
218.0,0.0444409517,4.89408426852272e-07,7.357954079199206e-35
220.0,0.0035100276,3.865437215477219e-08,5.777689734367463e-35
222.0,0.00333407468,3.671668093792853e-08,3.63345998801253e-36
223.0,0.0419467711,4.6194112570238563e-07,1.1762788387490622e-09
226.0,0.0190870464,2.1019714912811648e-07,2.0150821638254986e-34
227.0,0.0191834429,2.1125872089052016e-07,8.873582402021477e-12
229.0,0.0108022109,1.1895994214488132e-07,7.157783183951688e-12
230.0,0.00131568649,1.4489069893201398e-08,4.762130505361642e-34
232.0,0.0675363406,7.437476684011974e-07,3.5809304786473206e-35
234.0,0.0134400155,1.480089105005632e-07,2.2613185105649542e-10
237.0,0.0151297534,1.6661724213608174e-07,1.4939213394890834e-36
239.0,0.00830842484,9.149698588846241e-08,1.189928386741917e-11
241.0,0.0102276892,1.1263299029903477e-07,2.4300761799762184e-09
242.0,0.0119182024,1.3124985996847977e-07,1.6564493737905574e-34
245.0,0.0141099741,1.5538686646099218e-07,1.920545714677898e-12
246.0,0.0233310322,2.5693427636118116e-07,1.9058464440499956e-35
248.0,0.0154018409,1.6961362070691167e-07,3.4110821313124938e-34
250.0,0.0299653514,3.299950817378541e-07,4.892259242818258e-10
252.0,0.0203614052,2.2423109556030662e-07,1.3065452496071264e-34
253.0,0.00141309554,1.5561792418215964e-08,7.401320309791609e-15
255.0,0.00557949319,6.14444758785592e-08,1.722027967738803e-09
257.0,0.0274830684,3.026588035628721e-07,5.693269208077293e-10
259.0,0.0178898402,1.9701284995029788e-07,1.0507732742676417e-35
262.0,0.0428559362,4.71953356411207e-07,7.166317620892609e-35
264.0,0.00390123619,4.296257828625779e-08,1.2847063865504187e-38
265.0,0.000775836526,8.543942448563536e-09,4.8485021113055033e-11
267.0,0.0419288143,4.6174337545395197e-07,3.1965299198930688e-12
269.0,0.0323075836,3.557890427687277e-07,4.3701193396646014e-11
271.0,0.0204498925,2.252055668223477e-07,7.886314965605724e-37
273.0,0.000738218034,8.129666734700397e-09,3.4633307844519886e-10
275.0,0.0781115463,8.602077032855578e-07,6.390840917592233e-35
277.0,0.0395954059,4.360465870062852e-07,2.525058125952985e-11
279.0,0.0194087145,2.1373953678561482e-07,3.1935641775414585e-33
281.0,0.113162144,1.2462043398199836e-06,3.688480496712188e-35
282.0,0.0526944864,5.803009320525519e-07,3.4279169208758383e-10
283.0,0.00670387973,7.382684454226335e-08,1.0846524996105686e-35
286.0,0.0298129234,3.283164599974417e-07,1.430018534194642e-10
288.0,0.177025274,1.9495005742964864e-06,2.4622547983664614e-34
290.0,0.0283820685,3.125590916496602e-07,7.343075089223222e-37
291.0,0.202705368,2.232304023034477e-06,2.625440021245939e-12
293.0,0.0161083435,1.7739401947890827e-07,4.292991388005195e-12
294.0,0.259939974,2.8626032720933044e-06,1.0470481450320025e-36
297.0,0.016562281,1.8239303118468713e-07,8.391479574441893e-39
299.0,0.00810099394,8.921264168416064e-08,2.530312344031976e-36
