hspace,derivative,tphi_50us_02,t1_50us_49
0,0.0,0.0,3.2130857598951405e-35
9,0.10385601443729797,1.143720076127134e-06,6.948122595437315e-06
2,1.8161089694075372,2e-05,9.826523146548449e-33
33,0.005920676528603508,6.520177619666722e-08,2.1551972136439297e-33
10,0.0023401543316481366,2.577107839967948e-08,0.0013825535459581887
19,0.09824562450688745,1.0819353481739347e-06,2.958426422195364e-07
25,0.138246954957566,1.5224522017824278e-06,1.4345759366801143e-32
37,0.16278568532968052,1.7926863208300274e-06,6.692446428325564e-35
31,0.030041539826441976,3.3083411108577176e-07,5.569645955903888e-33
23,2.8302826880537424,3.116864390551472e-05,2.231419149521923e-31
16,0.047004191710442456,5.176362487299039e-07,1.2488067956887695e-31
69,0.02129342943391066,2.3449506381610068e-07,2.8324917026243367e-06
18,0.06133879574043988,6.754968647112649e-07,1.912164990232547e-33
40,0.07535149013548903,8.298124331170578e-07,8.567282922964921e-33
46,0.027622955077077904,3.0419931339350465e-07,8.057911017897745e-34
11,0.005542321030560515,6.103511544649843e-08,1.570365995068692e-30
15,0.007638725618264175,8.412188637288798e-08,5.797665775388436e-05
28,0.0007848885985595189,8.643628898717134e-09,3.4182598541747785e-07
57,0.038688000721265325,4.260537376662633e-07,3.324814655655584e-07
47,0.024216428681000934,2.666847539319293e-07,1.901781692135384e-33
42,0.002328047383315379,2.5637749964693477e-08,3.8068560649900444e-33
20,0.007236292834278402,7.969007318585153e-08,1.5623823550458456e-05
62,0.34553424213257244,3.805214862688497e-06,1.1513933134782283e-31
64,0.02167836354161068,2.387341718672612e-07,5.319414382251663e-35
55,0.024184125404502765,2.663290123212405e-07,1.47670592796422e-06
70,0.10388896125590463,1.144082904780719e-06,1.0257156852646051e-09
53,0.02966486637845378,3.2668597400442604e-07,2.9969700878385527e-06
39,0.06439061183627359,7.091051574650779e-07,2.3239649820588188e-07
49,0.05358803814914381,5.901412200681511e-07,9.174210297105967e-09
35,0.018795034240071118,2.0698134921058794e-07,7.076010709217194e-07
51,0.051878799123272756,5.713181312043958e-07,2.0586300096588006e-32
73,0.10288675917280443,1.1330460991706774e-06,2.119225219765335e-33
56,0.010742173611077988,1.1829877823446212e-07,4.9180051028811846e-33
83,0.03268802142386562,3.5997863536271533e-07,2.594842953226793e-32
24,2.684504713005964,2.9563255930416126e-05,3.983987386593973e-07
77,0.048203381570743886,5.308423930802909e-07,2.2635731742160876e-09
76,0.002272982793982692,2.503134814343436e-08,4.379518337953896e-34
86,0.02219932442315553,2.444712822534822e-07,5.7796353517634844e-08
66,0.27374091315834903,3.014586875231948e-06,3.098694397359597e-06
43,0.04260134722144926,4.691496814240937e-07,1.0744942634347172e-07
60,0.38397930724443086,4.228593258582883e-06,1.3910048926895598e-07
95,0.05432761240697914,5.982858222951485e-07,3.105318361602865e-09
92,0.0221870537515656,2.443361508071138e-07,1.2108639900226517e-33
98,0.014474560867228092,1.5940189835580272e-07,1.5984058849773648e-33
79,0.0096734106946883,1.0652896778373408e-07,1.9820496743373805e-33
91,0.015242167808793283,1.6785521205553743e-07,3.110916394600949e-08
101,0.0026320902719589867,2.8986039013040553e-08,6.94087048466876e-07
100,0.009521725374384005,1.0485852484380654e-07,2.5873085444069397e-08
85,0.010005539419211118,1.1018655364578913e-07,2.4381260909874665e-34
106,0.0691660032536845,7.616944183283043e-07,1.7520333894036314e-34
3,1.8160564882094832,1.9999422047917413e-05,1.1200298950682558e-09
81,0.0005583255564545198,6.148590925539676e-09,5.026375139170098e-07
108,1.4400998245172048,1.5859178593088538e-05,1.9268730885418223e-08
67,0.2694549198878349,2.967387138402144e-06,5.399718460511206e-31
116,0.05931863142549787,6.532496939855893e-07,3.830293234883376e-09
154,0.03903333093546735,4.2985670566013515e-07,1.0120596790520855e-33
112,0.030800843799028144,3.3919598788255753e-07,7.048316320143284e-34
130,0.02281414162297324,2.5124199051134933e-07,2.7526969372762566e-09
88,0.08385544240141485,9.234626755769036e-07,5.994726736954285e-33
104,0.24580432286924747,2.706933636800829e-06,6.591258364556435e-09
121,0.008563101786762672,9.430162981416456e-08,6.13355563071656e-35
133,0.04269285138036594,4.701573760113468e-07,4.334946175528084e-34
96,0.007376201377695679,8.123082372201479e-08,6.638713084376776e-34
110,0.05204826611659996,5.731843957973457e-07,1.2384567881240928e-10
113,0.04406806203149927,4.853019590104821e-07,1.041416327749e-07
158,0.03583661066386412,3.946526476938768e-07,1.376124936314478e-33
146,0.034500090691835794,3.799341479282561e-07,9.856328242316546e-08
143,0.0161016071871245,1.7731983552041234e-07,2.942455732206009e-33
123,0.11523994725592956,1.269086262962777e-06,6.019753276424268e-34
132,0.009169840133438356,1.0098336925707495e-07,4.377600630462153e-36
139,0.08469471746508361,9.327052384165394e-07,1.3263536221948215e-08
153,0.04401510145868315,4.847187277869351e-07,3.8379321783397224e-08
102,1.676571432589924,1.846333519443898e-05,3.7786561381979804e-33
186,0.02396018489037033,2.6386285508172763e-07,5.382803056913144e-33
120,0.0006680732553832058,7.35719350145767e-09,2.6506800300047652e-34
118,0.03818004773137318,4.20459877402935e-07,1.1904953169816403e-37
166,0.0035463584850958796,3.905446803946788e-08,2.219800380210369e-35
136,0.027540111538826295,3.0328699436808146e-07,1.0136213604038672e-10
162,0.042421499252043304,4.671690957606176e-07,4.445758800296495e-34
206,0.0026305449765118283,2.8969021361862245e-08,2.1728078654991882e-36
176,0.08507661872414474,9.369109470551097e-07,2.610566517667989e-35
151,0.024313985434787355,2.6775910305337264e-07,1.809562120432136e-34
145,0.04496446311463842,4.951736252842474e-07,2.3625138132162388e-08
170,0.04237641000059966,4.6667254789699075e-07,2.3949614970300763e-34
194,0.005231516588821705,5.761236442247587e-08,2.0831802794335753e-08
192,0.017958512152915773,1.9776910367635396e-07,6.349119743645996e-34
126,0.05348305509755846,5.889850884333891e-07,1.518863537209316e-08
148,0.011295252903664732,1.2438959439035802e-07,1.1092087574493055e-10
232,0.06753634056622104,7.43747668271835e-07,3.5809304786473206e-35
209,0.0016774571918176662,1.8473089666694367e-08,1.6429206543949784e-12
141,0.03997820228107685,4.4026215336757903e-07,2.7682157238638566e-10
196,0.0679493373496598,7.482958180843816e-07,8.475170719398182e-34
220,0.0035100276960520205,3.8654373225160435e-08,5.777689734367463e-35
128,0.0026207499885799734,2.886115351806155e-08,3.438110184172239e-35
253,0.0014130954397728601,1.5561791319535738e-08,7.401320309791609e-15
137,0.18942738437033313,2.0860794981055502e-06,1.9745757414325292e-33
159,0.06225813456239848,6.856211340964715e-07,4.292440700945927e-09
164,0.027239014173119358,2.9997114305322164e-07,3.172334215992192e-09
173,0.03684532646275329,4.057611859576159e-07,4.534975852100839e-09
188,0.0019262430299704647,2.1212857404683778e-08,3.151962404176082e-33
185,0.015956947379436315,1.757267614249149e-07,1.5160500123722632e-09
248,0.015401840897766306,1.6961362073764547e-07,3.4110821313124938e-34
218,0.044440951647573,4.894084264345749e-07,7.357954079199206e-35
205,0.011830342010910044,1.3028229263984546e-07,6.799836566602341e-09
167,0.009521697457159917,1.0485821740383945e-07,4.737056804159275e-10
241,0.010227689543285123,1.1263299411622496e-07,2.4300761799762184e-09
229,0.01080221081650734,1.1895994126422171e-07,7.157783183951688e-12
213,0.15258028381737176,1.6802987748818564e-06,9.340075317980016e-34
281,0.11316214382617318,1.246204338312251e-06,3.688480496712188e-35
198,0.06441877640384064,7.094153213158323e-07,9.721949092820086e-10
156,0.05342113551165539,5.883031955850401e-07,6.913385984450161e-35
246,0.0233310323451974,2.569342780439943e-07,1.9058464440499956e-35
181,0.12196497726790767,1.3431460261737038e-06,1.1107617446523927e-09
179,0.1408109261049617,1.5506880751863471e-06,1.0840213517917364e-36
174,0.01586435979561429,1.747071355612507e-07,2.9209461482436597e-33
230,0.001315686262159943,1.4489067388826947e-08,4.762130505361642e-34
169,0.009135675938409804,1.0060713417862921e-07,5.443806364346866e-11
200,0.041907149125108845,4.6150478667345683e-07,7.446425113033247e-10
226,0.019087046354115955,2.101971486913878e-07,2.0150821638254986e-34
202,0.03377135158899591,3.7190886844210707e-07,4.7524457412476474e-35
265,0.0007758363693710635,8.54394072646601e-09,4.8485021113055033e-11
305,0.0006961487954981749,7.66637693249516e-09,6.432877521493196e-11
190,0.016839413063962638,1.8544496335433114e-07,3.234490305426339e-12
264,0.003901236077297199,4.2962577059127525e-08,1.2847063865504187e-38
259,0.017889840044915672,1.97012848306694e-07,1.0507732742676417e-35
255,0.005579493169705074,6.144447567510504e-08,1.722027967738803e-09
223,0.04194677111257761,4.6194112599159465e-07,1.1762788387490622e-09
216,0.0626003654105034,6.89389970150583e-07,3.558776940779832e-11
250,0.029965351458827172,3.299950824933448e-07,4.892259242818258e-10
306,0.0002090986797043115,2.3027107208498074e-09,6.025698238605251e-10
282,0.052694486136317664,5.803009293380453e-07,3.4279169208758383e-10
279,0.019408714663882165,2.1373953866010368e-07,3.1935641775414585e-33
262,0.04285593618646999,4.719533564161707e-07,7.166317620892609e-35
183,0.019321576374409233,2.127799234504353e-07,4.803991702674136e-10
297,0.016562281302867632,1.8239303457953505e-07,8.391479574441893e-39
212,0.17529509958791323,1.930446933975544e-06,4.522052713026993e-10
237,0.015129753471398999,1.666172429767221e-07,1.4939213394890834e-36
269,0.03230758326111527,3.557890391528088e-07,4.3701193396646014e-11
257,0.027483068492983875,3.026588046855975e-07,5.693269208077293e-10
275,0.0781115462160642,8.602077026418328e-07,6.390840917592233e-35
273,0.0007382180982062891,8.129667444427803e-09,3.4633307844519886e-10
234,0.013440015599996968,1.4800891165006976e-07,2.2613185105649542e-10
322,0.02832640636540873,3.1194610943031196e-07,9.321466195501527e-11
252,0.020361405077551353,2.242310942849843e-07,1.3065452496071264e-34
291,0.20270536824540386,2.2323040264652373e-06,2.625440021245939e-12
267,0.04192881418418892,4.617433743292091e-07,3.1965299198930688e-12
319,0.10207910673898368,1.124151782283027e-06,1.088595165616012e-13
328,0.01147301428972014,1.2634720143982268e-07,1.8052682390477203e-35
288,0.1770252736790212,1.9495005713976686e-06,2.4622547983664614e-34
349,0.006515286784747332,7.174995437496012e-08,2.0808804911595925e-10
227,0.019183442603321055,2.1125871769224515e-07,8.873582402021477e-12
294,0.25993997400775015,2.8626032731125104e-06,1.0470481450320025e-36
336,0.13636406748673835,1.5017167998594704e-06,2.235616292310339e-11
242,0.011918202844185544,1.312498649029147e-07,1.6564493737905574e-34
239,0.008308424703784567,9.149698441823121e-08,1.189928386741917e-11
208,0.009191511665562757,1.0122202819758412e-07,1.0211252441914743e-34
315,0.020268647126897577,2.2320959224720694e-07,1.8985887184860152e-36
286,0.029812923273198066,3.28316458708134e-07,1.430018534194642e-10
320,0.01984603591154155,2.1855556297390958e-07,7.134141878428927e-11
333,0.0077072853059689805,8.487690370785738e-08,2.7448035552315868e-34
358,0.13363914681008282,1.4717084609045181e-06,2.3270748332101461e-35
363,0.0006480255620999742,7.136417175577051e-09,1.6099208021857675e-11
370,0.0011844115377357411,1.3043397259605274e-08,2.2612800946929544e-11
348,0.020261303319557555,2.2312871816460806e-07,4.395139265347993e-35
384,0.2128696810927977,2.344239081229156e-06,1.1226485713286683e-35
8,0.11098445178348015,1.2222223848130242e-06,4.6591153384079027e-32
397,0.002381500834758299,2.6226409041250515e-08,9.593900453920139e-11
222,0.0033340745559939933,3.67166795842835e-08,3.63345998801253e-36
366,0.10607222499459112,1.1681262168887884e-06,3.127100674843636e-38
303,0.005681220677900001,6.256475545906661e-08,1.0964763905550804e-11
337,0.1543185184047502,1.6994411789628792e-06,1.3612659934938202e-35
302,0.007756209377873802,8.541568274291474e-08,2.702840394949791e-35
418,0.01812063864292668,1.9955453057244814e-07,2.9523497877622752e-36
414,0.006746658328893318,7.429794624156565e-08,6.418505795842369e-35
357,0.12504377828292945,1.3770514918355593e-06,2.476659878432283e-12
398,0.006935812052688561,7.638101203752337e-08,7.037295918437469e-35
326,0.012343668018388598,1.359353235551216e-07,9.714983956373426e-35
271,0.02044989229688099,2.2520556465895645e-07,7.886314965605724e-37
310,0.020826806526486052,2.293563533611126e-07,5.043455763548639e-14
451,0.00212309916491904,2.3380746427475123e-08,1.327432291781893e-38
438,0.053560197116553354,5.898346191641365e-07,4.269135795762716e-36
352,0.042551659518608176,4.686024928613139e-07,1.274863187357962e-11
346,0.039283901628550666,4.326161292113008e-07,1.363856350301883e-36
277,0.03959540575948495,4.3604658560110544e-07,2.525058125952985e-11
245,0.014109974245002377,1.5538686810853013e-07,1.920545714677898e-12
474,0.007969643405658644,8.776613672315657e-08,4.283678461768093e-35
283,0.0067038797126883765,7.382684437570241e-08,1.0846524996105686e-35
445,0.00029522279021421127,3.2511572288585834e-09,2.900275891323161e-11
313,0.0953436166852839,1.0499768272868289e-06,1.463433153384114e-35
407,0.027226802274071815,2.998366588427116e-07,2.1132428349342124e-36
391,0.0013522938644427995,1.4892210624167049e-08,6.630923958438742e-14
299,0.008100993944992751,8.92126417682471e-08,2.530312344031976e-36
290,0.028382068514076764,3.1255909190664646e-07,7.343075089223222e-37
372,0.02069801004722649,2.279379750431906e-07,1.440815401284455e-34
341,0.015187925420434567,1.6725786476776526e-07,7.0811446607321964e-12
382,0.22842832976266436,2.5155795561891175e-06,2.433521319326293e-12
409,0.30946207242266155,3.4079681080328163e-06,7.317714906908518e-16
293,0.016108343480425447,1.7739401932121307e-07,4.292991388005195e-12
361,0.02593082939483793,2.8556468616855355e-07,3.7489317274597806e-13
343,0.05056422459404075,5.568413068356372e-07,9.5007570848604e-12
