tg,fidelity_truc44,fidelity_truc159,drive_amp_1,drive_amp_2,detune_1,detune_2,drag1
20.0,-1.15198607,-0.41491778,0.190148, 0.239561, 0.313038, 0.365646,4.796162
25.0,-1.311848,-0.345414,0.221721,0.211883,0.329296,0.371963
30.0,-1.786595,-0.391148,0.213381,0.20848,0.33484,0.370759
35.0,-2.165116,-0.440385,0.23764,0.174945,0.323456,0.383149
40.0,-2.449442,-0.525286,0.198725,0.196598,0.322698,0.35027
45.0,-2.831378,-0.703973,0.191642,0.193185,0.312935,0.337679
50.0,-2.79914,-0.348502,0.229852,0.152328,0.301876,0.364361
55.0,-2.82329,-0.432485,0.225624,0.147674,0.300016,0.3569
75.0,-3.63606,-0.301651,0.171833,0.172007,0.284062,0.299904
100.0,-5.627182,-0.506612,0.202817,0.123664,0.275593,0.31813