############################################################################
after optimization
############################################################################

Amplitude: A0=0.214044, A1=0.120290
detune_0=0.351830, detune_1=0.375322

state_all_index (300/500) :

0, 9, 2, 10, 19, 33, 25, 37, 23, 70 ,
31, 40, 16, 42, 46, 15, 69, 47, 28, 18 ,
11, 57, 20, 76, 51, 77, 62, 64, 53, 43 ,
49, 55, 66, 60, 56, 39, 83, 86, 35, 67 ,
24, 73, 85, 91, 95, 101, 79, 81, 100, 92 ,

123, 98, 102, 121, 120, 108, 110, 106, 116, 104 ,
118, 3, 88, 112, 113, 154, 96, 133, 146, 128 ,
132, 143, 153, 158, 126, 139, 164, 136, 170, 130 ,
166, 141, 145, 194, 186, 151, 162, 148, 176, 206 ,
230, 209, 137, 159, 192, 232, 173, 220, 279, 185 ,

196, 188, 253, 167, 202, 156, 205, 169, 241, 181 ,
248, 227, 179, 198, 229, 226, 218, 190, 200, 183 ,
281, 213, 223, 246, 216, 174, 255, 265, 305, 250 ,
294, 333, 212, 264, 282, 259, 262, 269, 288, 306 ,
257, 234, 275, 297, 237, 273, 267, 239, 326, 322 ,

348, 222, 291, 313, 252, 349, 245, 319, 286, 208 ,
336, 328, 337, 303, 242, 346, 358, 320, 299, 372 ,
315, 8, 363, 397, 370, 374, 310, 277, 398, 420 ,
384, 366, 271, 357, 302, 418, 414, 332, 352, 293 ,
445, 388, 308, 451, 438, 382, 409, 290, 391, 472 ,

361, 343, 341, 474, 283, 376, 407, 317, 368, 415 ,
449, 424, 330, 487, 455, 465, 442, 417, 464, 430 ,
325, 476, 428, 386, 469, 426, 411, 444, 480, 340 ,
498, 468, 354, 379, 491, 393, 494, 441, 453, 364 ,
478, 403, 422, 492, 488, 405, 432, 497, 4, 350 ,

482, 457, 378, 395, 400, 390, 435, 461, 484, 471 ,
447, 436, 460, 71, 421, 175, 41, 434, 111, 32 ,
131, 58, 177, 122, 135, 21, 36, 38, 97, 191 ,
45, 17, 50, 380, 211, 168, 339, 215, 30, 228 ,
314, 266, 463, 119, 93, 68, 114, 82, 284, 29 ,

state_short_index (300/500) :

0, 2, 10, 19, 37, 40, 42, 33, 15, 9 ,
31, 47, 28, 77, 70, 20, 76, 51, 46, 66 ,
62, 56, 69, 39, 83, 23, 35, 57, 67, 55 ,
91, 53, 60, 24, 86, 85, 81, 121, 18, 79 ,
128, 25, 101, 64, 95, 100, 123, 43, 92, 49 ,

98, 102, 120, 108, 118, 116, 3, 16, 104, 154 ,
143, 126, 88, 112, 96, 113, 146, 73, 133, 132 ,
11, 110, 136, 170, 139, 137, 166, 130, 156, 181 ,
145, 153, 106, 230, 151, 169, 183, 167, 209, 174 ,
162, 194, 158, 148, 179, 220, 159, 279, 253, 205 ,

206, 176, 188, 164, 202, 186, 173, 141, 185, 196 ,
226, 200, 227, 198, 248, 192, 232, 223, 229, 255 ,
241, 281, 265, 305, 246, 294, 333, 190, 208, 218 ,
262, 252, 213, 288, 257, 212, 275, 306, 264, 239 ,
250, 326, 234, 237, 282, 297, 348, 216, 222, 273 ,

313, 322, 291, 259, 319, 349, 336, 242, 337, 286 ,
346, 299, 372, 8, 277, 290, 358, 267, 320, 363 ,
370, 374, 397, 420, 398, 303, 271, 328, 269, 245 ,
357, 315, 352, 293, 308, 302, 445, 388, 384, 340 ,
472, 391, 366, 376, 330, 283, 424, 332, 343, 390 ,

415, 487, 414, 341, 310, 442, 382, 364, 325, 386 ,
409, 469, 368, 411, 317, 455, 438, 379, 498, 354 ,
361, 468, 494, 430, 407, 418, 393, 449, 350, 474 ,
447, 441, 405, 478, 492, 400, 451, 4, 403, 422 ,
428, 464, 444, 417, 465, 426, 453, 432, 378, 471 ,

395, 457, 436, 435, 476, 480, 497, 491, 488, 461 ,
482, 484, 460, 71, 122, 97, 175, 119, 114, 93 ,
421, 184, 144, 134, 41, 124, 131, 434, 178, 138 ,
103, 107, 129, 135, 172, 140, 177, 228, 201, 149 ,
339, 21, 82, 215, 165, 38, 211, 191, 78, 36 ,

Only in states_all: 15 [111, 32, 58, 45, 17, 50, 380, 168, 30, 314, 266, 463, 68, 284, 29]
index only in states_all: [268, 269, 271, 280, 281, 282, 283, 285, 288, 290, 291, 292, 295, 298, 299]
Only in states_short: 15 [184, 144, 134, 124, 178, 138, 103, 107, 129, 172, 140, 201, 149, 165, 78]
index only in states_short: [271, 272, 273, 275, 278, 279, 280, 281, 282, 284, 285, 288, 289, 294, 298]
40.17user 0.97system 0:41.33elapsed 99%CPU (0avgtext+0avgdata 867644maxresident)k
0inputs+16outputs (0major+463962minor)pagefaults 0swaps


state_all_index (160/300) :

0, 2, 9, 10, 19, 33, 25, 37, 23, 70 ,
31, 40, 16, 42, 46, 15, 69, 47, 28, 18 ,
11, 57, 20, 76, 51, 77, 62, 64, 53, 43 ,
49, 55, 66, 60, 56, 39, 83, 86, 35, 67 ,
24, 73, 85, 91, 95, 101, 79, 81, 100, 92 ,

123, 98, 102, 121, 120, 108, 110, 106, 116, 104 ,
118, 3, 88, 112, 113, 154, 96, 133, 146, 128 ,
132, 143, 153, 158, 126, 139, 164, 136, 170, 130 ,
166, 141, 145, 194, 186, 151, 162, 148, 176, 206 ,
230, 209, 137, 159, 192, 232, 173, 220, 279, 185 ,

196, 188, 253, 167, 202, 156, 205, 169, 241, 181 ,
248, 227, 179, 198, 229, 226, 218, 190, 200, 183 ,
281, 213, 223, 246, 216, 174, 255, 265, 250, 294 ,
212, 264, 282, 259, 262, 269, 288, 257, 234, 275 ,
297, 237, 273, 267, 239, 222, 291, 252, 245, 286 ,

208, 242, 299, 8, 277, 271, 293, 290, 283, 4 ,

state_short_index (160/300) :

0, 2, 10, 19, 37, 40, 42, 33, 15, 9 ,
31, 47, 28, 77, 70, 20, 76, 51, 46, 66 ,
62, 56, 69, 39, 83, 23, 35, 57, 67, 55 ,
91, 53, 60, 24, 86, 85, 81, 121, 18, 79 ,
128, 25, 101, 64, 95, 100, 123, 43, 92, 49 ,

98, 102, 120, 108, 118, 116, 3, 16, 104, 154 ,
143, 126, 88, 112, 96, 113, 146, 73, 133, 132 ,
11, 110, 136, 170, 139, 137, 166, 130, 156, 181 ,
145, 153, 106, 230, 151, 169, 183, 167, 209, 174 ,
162, 194, 158, 148, 179, 220, 159, 279, 253, 205 ,

206, 176, 188, 164, 202, 186, 173, 141, 185, 196 ,
226, 200, 227, 198, 248, 192, 232, 223, 229, 255 ,
241, 281, 265, 246, 294, 190, 208, 218, 262, 252 ,
213, 288, 257, 212, 275, 264, 239, 250, 234, 237 ,
282, 297, 216, 222, 273, 291, 259, 242, 286, 299 ,

8, 277, 290, 267, 271, 269, 245, 293, 283, 4 ,

Only in states_all: 0 []
index only in states_all: []
Only in states_short: 0 []
index only in states_short: []
11.58user 0.85system 0:12.50elapsed 99%CPU (0avgtext+0avgdata 867264maxresident)k
0inputs+8outputs (0major+366895minor)pagefaults 0swaps


############################################################################
before optimization
############################################################################

Amplitude: A0=0.2, A1=0.2
detune_0=0, detune_1=0

state_all_index (300/500) :
0, 9, 2, 33, 10, 19, 25, 37, 31, 23 ,
16, 69, 18, 40, 46, 11, 15, 28, 57, 47 ,
42, 20, 62, 64, 55, 70, 53, 39, 49, 35 ,
51, 73, 56, 83, 24, 77, 76, 86, 66, 43 ,
60, 95, 92, 98, 79, 91, 101, 100, 85, 106 ,

3, 81, 108, 67, 116, 154, 112, 130, 88, 104 ,
121, 133, 96, 110, 113, 158, 146, 143, 123, 132 ,
139, 153, 102, 186, 120, 118, 166, 136, 162, 206 ,
176, 151, 145, 170, 194, 192, 126, 148, 232, 209 ,
141, 196, 220, 128, 253, 137, 159, 164, 173, 188 ,

185, 248, 218, 205, 167, 241, 229, 213, 281, 198 ,
156, 246, 181, 179, 174, 230, 169, 200, 226, 202 ,
265, 305, 190, 264, 259, 255, 223, 216, 250, 306 ,
282, 279, 262, 183, 297, 212, 237, 269, 257, 275 ,
273, 234, 322, 252, 291, 267, 319, 328, 288, 349 ,

227, 294, 336, 242, 239, 208, 315, 286, 320, 333 ,
358, 363, 370, 348, 384, 8, 397, 222, 366, 303 ,
337, 302, 418, 414, 357, 398, 326, 271, 310, 451 ,
438, 352, 346, 277, 245, 474, 283, 445, 313, 407 ,
391, 299, 290, 372, 341, 382, 409, 293, 361, 343 ,

455, 415, 376, 464, 487, 374, 476, 388, 428, 330 ,
368, 325, 449, 420, 426, 424, 442, 472, 465, 386 ,
332, 469, 417, 308, 317, 453, 430, 364, 498, 468 ,
379, 488, 393, 480, 444, 491, 340, 492, 432, 441 ,
497, 354, 422, 350, 478, 378, 405, 461, 403, 400 ,

494, 4, 411, 482, 484, 435, 471, 447, 390, 457 ,
395, 460, 436, 71, 421, 32, 175, 434, 177, 58 ,
41, 111, 131, 21, 135, 191, 38, 45, 36, 30 ,
97, 380, 50, 314, 29, 17, 68, 284, 129, 339 ,
93, 266, 82, 342, 22, 211, 72, 463, 61, 65 ,


state_charge 300/500

0, 2, 9, 10, 15, 19, 20, 24, 28, 35 ,
39, 43, 49, 53, 55, 57, 60, 66, 69, 81 ,
86, 91, 95, 100, 101, 104, 108, 113, 116, 126 ,
139, 145, 146, 153, 159, 164, 173, 194, 205, 3 ,
70, 77, 110, 130, 136, 141, 148, 209, 253, 4 ,

8, 11, 16, 18, 23, 25, 31, 33, 37, 40 ,
42, 46, 47, 51, 56, 62, 64, 67, 73, 76 ,
79, 83, 85, 88, 92, 96, 98, 102, 106, 112 ,
118, 120, 121, 123, 132, 133, 137, 143, 151, 158 ,
162, 166, 170, 176, 186, 188, 192, 196, 206, 218 ,

220, 232, 248, 128, 154, 156, 179, 202, 226, 237 ,
246, 262, 264, 275, 281, 288, 297, 326, 213, 252 ,
271, 279, 328, 230, 294, 313, 333, 348, 208, 259 ,
299, 308, 315, 174, 337, 242, 290, 302, 340, 346 ,
354, 222, 376, 325, 366, 390, 372, 374, 398, 455 ,

358, 388, 411, 414, 468, 384, 438, 474, 378, 407 ,
418, 420, 442, 472, 364, 464, 494, 283, 350, 400 ,
451, 428, 432, 447, 426, 436, 453, 492, 476, 460 ,
497, 488, 181, 198, 200, 234, 169, 167, 183, 190 ,
216, 229, 269, 185, 223, 363, 212, 227, 241, 255 ,

265, 267, 273, 291, 282, 306, 239, 245, 250, 305 ,
277, 320, 349, 352, 257, 286, 303, 322, 397, 370 ,
445, 319, 336, 357, 424, 310, 341, 343, 391, 449 ,
330, 382, 409, 293, 317, 332, 379, 415, 386, 430 ,
361, 368, 417, 469, 403, 405, 435, 441, 465, 487 ,

498, 393, 395, 478, 444, 422, 471, 480, 491, 461 ,
482, 457, 484 ,



state_short_index (300/500) :

0, 9, 2, 33, 10, 19, 37, 25, 31, 23 ,
69, 16, 18, 40, 46, 15, 11, 28, 57, 47 ,
42, 20, 55, 62, 64, 70, 39, 53, 49, 66 ,
35, 51, 73, 24, 56, 86, 83, 77, 76, 43 ,
60, 95, 91, 100, 101, 92, 98, 79, 85, 118 ,

3, 81, 108, 106, 116, 67, 154, 130, 104, 112 ,
88, 121, 96, 133, 110, 123, 113, 146, 158, 143 ,
128, 170, 102, 139, 153, 132, 120, 136, 186, 166 ,
162, 206, 176, 151, 145, 194, 209, 141, 192, 148 ,
126, 232, 196, 220, 253, 159, 164, 173, 137, 156 ,

185, 188, 205, 167, 248, 241, 218, 198, 229, 213 ,
281, 230, 181, 246, 179, 200, 169, 265, 305, 174 ,
190, 226, 202, 255, 216, 264, 259, 223, 250, 279 ,
269, 282, 306, 183, 257, 262, 297, 212, 237, 273 ,
322, 291, 275, 234, 267, 319, 252, 336, 349, 239 ,

328, 288, 227, 286, 208, 242, 294, 315, 333, 320 ,
363, 370, 8, 358, 397, 303, 348, 384, 366, 222 ,
357, 337, 302, 418, 414, 310, 398, 352, 326, 277 ,
271, 420, 451, 438, 313, 245, 445, 346, 391, 474 ,
283, 372, 374, 407, 299, 382, 409, 341, 290, 361 ,

293, 343, 415, 487, 472, 455, 376, 464, 368, 330 ,
449, 388, 354, 424, 476, 428, 465, 386, 325, 426 ,
469, 417, 442, 332, 317, 498, 308, 430, 364, 453 ,
379, 393, 480, 444, 491, 468, 488, 441, 340, 492 ,
432, 422, 497, 350, 478, 405, 400, 461, 494, 378 ,

403, 4, 390, 411, 482, 484, 435, 471, 457, 447 ,
395, 460, 436, 71, 421, 32, 175, 119, 97, 122 ,
434, 114, 58, 93, 177, 41, 111, 21, 131, 135 ,
38, 191, 45, 36, 129, 134, 30, 380, 50, 124 ,
103, 17, 138, 314, 107, 29, 68, 284, 339, 266 ,

Only in states_all: 8 [82, 342, 22, 211, 72, 463, 61, 65]
index only in states_all: [292, 293, 294, 295, 296, 297, 298, 299]
Only in states_short: 8 [119, 122, 114, 134, 124, 103, 138, 107]
index only in states_short: [267, 269, 271, 285, 289, 290, 292, 294]
41.66user 1.21system 0:43.10elapsed 99%CPU (0avgtext+0avgdata 860308maxresident)k
0inputs+16outputs (0major+563638minor)pagefaults 0swaps



state_charge 160/300
0, 2, 3, 4, 8, 9, 10, 11, 15, 16 ,
18, 19, 20, 23, 24, 25, 28, 31, 33, 35 ,
37, 39, 40, 42, 43, 46, 47, 49, 51, 53 ,
55, 56, 57, 60, 62, 64, 66, 67, 69, 70 ,
73, 76, 77, 79, 81, 83, 85, 86, 88, 91 ,

92, 95, 96, 98, 100, 101, 102, 104, 106, 108 ,
110, 112, 113, 116, 118, 120, 121, 123, 126, 128 ,
130, 132, 133, 136, 137, 139, 141, 143, 145, 146 ,
148, 151, 153, 154, 156, 158, 159, 162, 164, 166 ,
167, 169, 170, 173, 174, 176, 179, 181, 183, 185 ,

186, 188, 190, 192, 194, 196, 198, 200, 202, 205 ,
206, 208, 209, 212, 213, 216, 218, 220, 222, 223 ,
226, 227, 229, 230, 232, 234, 237, 239, 241, 242 ,
245, 246, 248, 250, 252, 253, 255, 257, 259, 262 ,
264, 265, 267, 269, 271, 273, 275, 277, 279, 281 ,

282, 283, 286, 288, 290, 291, 293, 294, 297, 299 ,



state_all (160/300) :

0, 9, 2, 33, 10, 19, 25, 37, 31, 23 ,
16, 69, 18, 40, 46, 11, 15, 28, 57, 47 ,
42, 20, 62, 64, 55, 70, 53, 39, 49, 35 ,
51, 73, 56, 83, 24, 77, 76, 86, 66, 43 ,
60, 95, 92, 98, 79, 91, 101, 100, 85, 106 ,

3, 81, 108, 67, 116, 154, 112, 130, 88, 104 ,
121, 133, 96, 110, 113, 158, 146, 143, 123, 132 ,
139, 153, 102, 186, 120, 118, 166, 136, 162, 206 ,
176, 151, 145, 170, 194, 192, 126, 148, 232, 209 ,
141, 196, 220, 128, 253, 137, 159, 164, 173, 188 ,

185, 248, 218, 205, 167, 241, 229, 213, 281, 198 ,
156, 246, 181, 179, 174, 230, 169, 200, 226, 202 ,
265, 190, 264, 259, 255, 223, 216, 250, 282, 279 ,
262, 183, 297, 212, 237, 269, 257, 275, 273, 234 ,
252, 291, 267, 288, 227, 294, 242, 239, 208, 286 ,

8, 222, 271, 277, 245, 283, 299, 290, 293, 4 ,

state_short (160/300) :

0, 2, 9, 33, 10, 19, 37, 25, 31, 23 ,
69, 16, 18, 40, 46, 15, 11, 28, 57, 47 ,
42, 20, 55, 62, 64, 70, 39, 53, 49, 66 ,
35, 51, 73, 24, 56, 86, 83, 77, 76, 43 ,
60, 95, 91, 100, 101, 92, 98, 79, 85, 118 ,

3, 81, 108, 106, 116, 67, 154, 130, 104, 112 ,
88, 121, 96, 133, 110, 123, 113, 146, 158, 143 ,
128, 170, 102, 139, 153, 132, 120, 136, 186, 166 ,
162, 206, 176, 151, 145, 194, 209, 141, 192, 148 ,
126, 232, 196, 220, 253, 159, 164, 173, 137, 156 ,

185, 188, 205, 167, 248, 241, 218, 198, 229, 213 ,
281, 230, 181, 246, 179, 200, 169, 265, 174, 190 ,
226, 202, 255, 216, 264, 259, 223, 250, 279, 269 ,
282, 183, 257, 262, 297, 212, 237, 273, 291, 275 ,
234, 267, 252, 239, 288, 227, 286, 208, 242, 294 ,

8, 222, 277, 271, 245, 283, 299, 290, 293, 4 ,

Only in states_all: 0 []
index only in states_all: []
Only in states_short: 0 []
index only in states_short: []
12.09user 1.05system 0:13.22elapsed 99%CPU (0avgtext+0avgdata 860000maxresident)k
0inputs+8outputs (0major+394048minor)pagefaults 0swaps
