############################################################################
after optimization
############################################################################

Amplitude: A0=0.120000, A1=0.028700
detune_0=-0.006970, detune_1=-0.002040

state_all_index (300/500) :

0, 2, 7, 11, 8, 1, 5, 25, 18, 23 ,
16, 12, 31, 40, 33, 21, 37, 17, 4, 27 ,
42, 30, 32, 46, 48, 47, 38, 67, 41, 62 ,
45, 52, 64, 73, 56, 59, 74, 88, 63, 72 ,
82, 96, 98, 65, 51, 83, 78, 92, 93, 118 ,

90, 128, 103, 87, 112, 143, 132, 124, 76, 127 ,
179, 79, 133, 97, 119, 121, 102, 107, 158, 131 ,
142, 85, 134, 137, 114, 150, 156, 138, 122, 202 ,
171, 213, 120, 161, 187, 155, 166, 157, 174, 123 ,
246, 238, 206, 199, 226, 180, 177, 220, 162, 252 ,

151, 154, 214, 170, 106, 231, 285, 258, 163, 281 ,
203, 230, 175, 191, 290, 264, 248, 176, 222, 232 ,
195, 192, 225, 247, 210, 312, 296, 297, 236, 251 ,
298, 299, 340, 280, 242, 186, 313, 274, 345, 263 ,
188, 219, 308, 334, 260, 196, 207, 271, 348, 328 ,

270, 302, 262, 390, 354, 221, 337, 300, 346, 359 ,
325, 275, 400, 243, 327, 407, 314, 307, 358, 289 ,
367, 237, 315, 350, 218, 347, 375, 381, 447, 376 ,
283, 385, 208, 326, 398, 399, 411, 338, 433, 355 ,
279, 259, 464, 374, 301, 339, 294, 453, 388, 373 ,

288, 408, 442, 401, 413, 468, 384, 351, 474, 284 ,
419, 486, 378, 418, 324, 365, 450, 451, 420, 438 ,
472, 366, 439, 333, 452, 389, 467, 492, 372, 364 ,
473, 493, 494, 454, 377, 410, 455, 446, 428, 463 ,
414, 427, 432, 425, 459, 497, 475, 460, 436, 431 ,

476, 426, 437, 489, 496, 488, 20, 39, 50, 6 ,
22, 36, 24, 10, 44, 69, 13, 26, 61, 60 ,
34, 54, 105, 68, 70, 9, 19, 66, 3, 43 ,
15, 28, 58, 35, 75, 49, 94, 29, 80, 14 ,
71, 81, 99, 104, 144, 95, 84, 55, 53, 57 ,

state_short_index (300/500) :

0, 2, 7, 1, 5, 12, 11, 8, 21, 4 ,
18, 25, 17, 16, 38, 41, 27, 48, 23, 45 ,
31, 52, 32, 40, 59, 82, 33, 74, 30, 78 ,
65, 37, 42, 63, 47, 93, 46, 90, 103, 87 ,
67, 72, 51, 124, 62, 127, 64, 73, 119, 76 ,

56, 97, 88, 142, 83, 134, 79, 150, 96, 138 ,
98, 107, 171, 92, 122, 85, 161, 114, 187, 155 ,
157, 118, 238, 199, 112, 128, 132, 177, 121, 143 ,
151, 214, 120, 231, 285, 258, 180, 131, 179, 203 ,
133, 106, 102, 154, 123, 191, 158, 225, 247, 312 ,

296, 137, 210, 195, 175, 156, 251, 236, 298, 280 ,
166, 174, 263, 345, 274, 334, 202, 213, 176, 260 ,
270, 219, 163, 170, 196, 246, 186, 192, 206, 232 ,
162, 300, 188, 230, 359, 226, 207, 327, 307, 314 ,
289, 367, 220, 347, 375, 252, 237, 381, 248, 243 ,

264, 281, 385, 433, 399, 279, 259, 290, 338, 355 ,
222, 301, 262, 218, 275, 271, 339, 313, 242, 373 ,
297, 408, 346, 413, 208, 486, 299, 419, 337, 340 ,
294, 308, 315, 324, 450, 288, 365, 376, 328, 452 ,
439, 467, 351, 493, 348, 326, 221, 473, 302, 390 ,

333, 354, 401, 377, 389, 374, 442, 325, 366, 400 ,
407, 358, 410, 350, 283, 284, 463, 364, 414, 454 ,
447, 446, 372, 398, 427, 411, 384, 388, 425, 464 ,
378, 418, 453, 475, 420, 468, 451, 474, 436, 472 ,
455, 438, 494, 426, 428, 492, 476, 437, 496, 431 ,

432, 459, 497, 460, 489, 488, 20, 39, 6, 50 ,
22, 44, 13, 26, 105, 54, 34, 68, 3, 9 ,
10, 36, 60, 58, 49, 75, 94, 14, 80, 53 ,
77, 19, 24, 61, 15, 70, 43, 104, 86, 81 ,
29, 35, 100, 71, 91, 144, 216, 109, 28, 139 ,

Only in states_all: 7 [69, 66, 99, 95, 84, 55, 57]
index only in states_all: [265, 277, 292, 295, 296, 297, 299]
Only in states_short: 7 [77, 86, 100, 91, 216, 109, 139]
index only in states_short: [280, 288, 292, 294, 296, 297, 299]
40.89user 0.91system 0:42.01elapsed 99%CPU (0avgtext+0avgdata 866640maxresident)k
0inputs+16outputs (0major+448989minor)pagefaults 0swaps



state_all_index (160/300) :

0, 2, 7, 11, 8, 1, 5, 25, 18, 23 ,
16, 12, 31, 40, 33, 21, 37, 17, 4, 27 ,
42, 30, 32, 46, 48, 47, 38, 67, 41, 62 ,
45, 52, 64, 73, 56, 59, 74, 88, 63, 72 ,
82, 96, 98, 65, 51, 83, 78, 92, 93, 118 ,

90, 128, 103, 87, 112, 143, 132, 124, 76, 127 ,
179, 79, 133, 97, 119, 121, 102, 107, 158, 131 ,
142, 85, 134, 137, 114, 150, 156, 138, 122, 202 ,
171, 213, 120, 161, 187, 155, 166, 157, 174, 123 ,
246, 238, 206, 199, 226, 180, 177, 220, 162, 252 ,

151, 154, 214, 170, 106, 231, 285, 258, 163, 281 ,
203, 230, 175, 191, 290, 264, 248, 176, 222, 232 ,
195, 192, 225, 247, 210, 296, 297, 236, 251, 298 ,
299, 280, 242, 186, 274, 263, 188, 219, 260, 196 ,
207, 271, 270, 262, 221, 275, 243, 289, 237, 218 ,

283, 208, 279, 259, 294, 288, 284, 20, 39, 50 ,

state_short_index (160/300) :

0, 2, 7, 1, 5, 12, 11, 8, 21, 4 ,
18, 25, 17, 16, 38, 41, 27, 48, 23, 45 ,
31, 52, 32, 40, 59, 82, 33, 74, 30, 78 ,
65, 37, 42, 63, 47, 93, 46, 90, 103, 87 ,
67, 72, 51, 124, 62, 127, 64, 73, 119, 76 ,

56, 97, 88, 142, 83, 134, 79, 150, 96, 138 ,
98, 107, 171, 92, 122, 85, 161, 114, 187, 155 ,
157, 118, 238, 199, 112, 128, 132, 177, 121, 143 ,
151, 214, 120, 231, 285, 258, 180, 131, 179, 203 ,
133, 106, 102, 154, 123, 191, 158, 225, 247, 296 ,

137, 210, 195, 175, 156, 251, 236, 298, 280, 166 ,
174, 263, 274, 202, 213, 176, 260, 270, 219, 163 ,
170, 196, 246, 186, 192, 206, 232, 162, 188, 230 ,
226, 207, 289, 220, 252, 237, 248, 243, 264, 281 ,
279, 259, 290, 222, 262, 218, 275, 271, 242, 297 ,

208, 299, 294, 288, 221, 283, 284, 20, 39, 6 ,

Only in states_all: 1 [50]
index only in states_all: [159]
Only in states_short: 1 [6]
index only in states_short: [159]
11.78user 0.66system 0:12.50elapsed 99%CPU (0avgtext+0avgdata 866196maxresident)k
0inputs+8outputs (0major+360703minor)pagefaults 0swaps


############################################################################
before optimization
############################################################################
Amplitude: A0=0.2, A1=0.2
detune_0=0, detune_1=0

state_all_index (300/500) :

0, 2, 7, 11, 1, 8, 5, 25, 18, 16 ,
23, 12, 31, 40, 33, 4, 17, 32, 21, 37 ,
42, 46, 47, 27, 67, 38, 30, 41, 62, 64 ,
73, 48, 56, 88, 45, 52, 96, 59, 98, 82 ,
74, 51, 83, 92, 78, 65, 63, 118, 93, 72 ,

128, 90, 112, 103, 143, 87, 132, 124, 179, 79 ,
76, 133, 127, 121, 102, 158, 119, 85, 137, 97 ,
142, 156, 134, 150, 138, 107, 202, 213, 122, 171 ,
120, 114, 131, 166, 174, 161, 123, 187, 246, 155 ,
206, 226, 157, 238, 199, 220, 162, 252, 154, 177 ,

170, 214, 281, 230, 151, 180, 231, 285, 258, 290 ,
106, 203, 264, 248, 176, 222, 232, 192, 191, 297 ,
225, 247, 195, 312, 299, 296, 210, 340, 242, 175 ,
186, 236, 313, 298, 251, 280, 163, 188, 308, 345 ,
263, 274, 271, 334, 348, 328, 196, 260, 302, 262 ,

390, 354, 337, 219, 270, 346, 325, 207, 400, 275 ,
407, 300, 359, 358, 350, 315, 218, 327, 307, 314 ,
367, 289, 347, 375, 447, 376, 283, 381, 326, 208 ,
398, 237, 243, 385, 411, 221, 464, 399, 433, 374 ,
338, 453, 294, 388, 442, 355, 288, 301, 279, 468 ,

339, 384, 373, 474, 408, 378, 418, 413, 419, 486 ,
259, 451, 420, 438, 450, 472, 324, 365, 366, 492 ,
401, 351, 372, 364, 333, 439, 452, 467, 494, 473 ,
493, 389, 284, 377, 455, 428, 410, 454, 463, 446 ,
432, 427, 425, 497, 460, 414, 436, 476, 475, 426 ,

459, 431, 496, 437, 489, 488, 20, 39, 6, 10 ,
36, 24, 22, 50, 44, 13, 15, 61, 54, 9 ,
60, 70, 105, 3, 19, 66, 43, 34, 26, 14 ,
28, 35, 69, 68, 94, 29, 58, 49, 71, 99 ,
80, 144, 95, 84, 75, 86, 91, 100, 117, 104 ,

state_short_index (300/500) :

0, 2, 7, 11, 1, 5, 8, 25, 18, 16 ,
23, 12, 31, 40, 33, 4, 17, 32, 21, 37 ,
42, 46, 27, 47, 67, 38, 30, 41, 62, 64 ,
73, 48, 56, 45, 88, 52, 59, 96, 82, 74 ,
98, 51, 83, 78, 65, 92, 63, 93, 72, 118 ,

90, 128, 103, 87, 112, 143, 132, 124, 127, 179 ,
79, 76, 133, 121, 119, 102, 158, 97, 142, 85 ,
137, 134, 150, 156, 138, 107, 202, 171, 122, 213 ,
131, 120, 161, 114, 187, 155, 166, 174, 157, 123 ,
246, 238, 206, 199, 226, 177, 220, 162, 252, 154 ,

170, 214, 231, 285, 258, 180, 281, 230, 203, 151 ,
106, 290, 264, 248, 176, 222, 191, 232, 192, 225 ,
247, 312, 296, 297, 210, 195, 175, 299, 251, 340 ,
236, 242, 298, 280, 186, 313, 163, 263, 345, 188 ,
274, 308, 334, 271, 348, 260, 328, 196, 302, 262 ,

390, 270, 354, 219, 337, 346, 300, 359, 207, 325 ,
400, 275, 327, 407, 307, 314, 358, 289, 367, 350 ,
315, 218, 347, 375, 381, 447, 376, 283, 243, 326 ,
208, 398, 385, 237, 411, 433, 221, 399, 338, 464 ,
355, 374, 301, 453, 279, 339, 294, 388, 373, 442 ,

288, 408, 413, 468, 384, 474, 486, 378, 418, 259 ,
419, 451, 324, 450, 420, 438, 365, 472, 366, 401 ,
351, 452, 439, 492, 467, 372, 364, 493, 333, 494 ,
473, 284, 377, 389, 455, 428, 410, 463, 454, 446 ,
432, 427, 425, 497, 460, 414, 436, 475, 476, 426 ,

459, 431, 496, 437, 489, 488, 20, 39, 6, 10 ,
36, 24, 22, 50, 44, 13, 15, 61, 54, 9 ,
60, 105, 3, 70, 19, 66, 43, 34, 14, 28 ,
26, 69, 35, 68, 94, 29, 58, 49, 71, 99 ,
80, 144, 95, 84, 75, 86, 91, 104, 216, 100 ,

Only in states_all: 1 [117]
index only in states_all: [298]
Only in states_short: 1 [216]
index only in states_short: [298]
43.21user 1.01system 0:44.47elapsed 99%CPU (0avgtext+0avgdata 867308maxresident)k
0inputs+16outputs (0major+522648minor)pagefaults 0swaps



state_all_index (160/300) :

0, 2, 7, 11, 1, 8, 5, 25, 18, 16 ,
23, 12, 31, 40, 33, 4, 17, 32, 21, 37 ,
42, 46, 47, 27, 67, 38, 30, 41, 62, 64 ,
73, 48, 56, 88, 45, 52, 96, 59, 98, 82 ,
74, 51, 83, 92, 78, 65, 63, 118, 93, 72 ,

128, 90, 112, 103, 143, 87, 132, 124, 179, 79 ,
76, 133, 127, 121, 102, 158, 119, 85, 137, 97 ,
142, 156, 134, 150, 138, 107, 202, 213, 122, 171 ,
120, 114, 131, 166, 174, 161, 123, 187, 246, 155 ,
206, 226, 157, 238, 199, 220, 162, 252, 154, 177 ,

170, 214, 281, 230, 151, 180, 231, 285, 258, 290 ,
106, 203, 264, 248, 176, 222, 232, 192, 191, 297 ,
225, 247, 195, 299, 296, 210, 242, 175, 186, 236 ,
298, 251, 280, 163, 188, 263, 274, 271, 196, 260 ,
262, 219, 270, 207, 275, 218, 289, 283, 208, 237 ,

243, 221, 294, 288, 279, 259, 284, 20, 39, 6 ,

state_short_index (160/300) :

0, 2, 7, 11, 1, 5, 8, 25, 18, 16 ,
23, 12, 31, 40, 33, 4, 17, 32, 21, 37 ,
42, 46, 27, 47, 67, 38, 30, 41, 62, 64 ,
73, 48, 56, 45, 88, 52, 59, 96, 82, 74 ,
98, 51, 83, 78, 65, 92, 63, 93, 72, 118 ,

90, 128, 103, 87, 112, 143, 132, 124, 127, 179 ,
79, 76, 133, 121, 119, 102, 158, 97, 142, 85 ,
137, 134, 150, 156, 138, 107, 202, 171, 122, 213 ,
131, 120, 161, 114, 187, 155, 166, 174, 157, 123 ,
246, 238, 206, 199, 226, 177, 220, 162, 252, 154 ,

170, 214, 231, 285, 258, 180, 281, 230, 203, 151 ,
106, 290, 264, 248, 176, 222, 191, 232, 192, 225 ,
247, 296, 297, 210, 195, 175, 299, 251, 236, 242 ,
298, 280, 186, 163, 263, 188, 274, 271, 260, 196 ,
262, 270, 219, 207, 275, 289, 218, 283, 243, 208 ,

237, 221, 279, 294, 288, 259, 284, 20, 39, 6 ,

Only in states_all: 0 []
index only in states_all: []
Only in states_short: 0 []
index only in states_short: []
11.72user 0.86system 0:12.63elapsed 99%CPU (0avgtext+0avgdata 867104maxresident)k
0inputs+8outputs (0major+374645minor)pagefaults 0swaps
