tg,0,2,7,25,other
0.0,1.0,0.0,0.0,0.0,0.0
0.3381145,0.9999530531346116,1.2404778727135234e-13,2.9150189274664087e-07,5.299765629839562e-13,4.6655362843772856e-05
0.676229,0.9999000299099291,2.074910327256836e-11,5.770534401541889e-06,1.7862307954270888e-10,9.419935629794538e-05
1.0143434999999998,0.9999690603690389,2.2006806884047446e-10,2.874698901647724e-05,3.8335859070939706e-09,2.18858829417141e-06
1.352458,0.9998848097451664,1.1370020161291767e-09,8.902511178512701e-05,3.416309327140513e-08,2.612984295788883e-05
1.6905725,0.9992155723110979,1.7008473644438206e-09,0.00022349659733216092,1.9629260897530916e-07,0.0005607330981187521
2.0286869999999997,0.9968041747905945,7.391254353219483e-08,0.0005148789680210584,9.5297343051046e-07,0.0026799193554127546
2.3668015,0.997606350916368,2.701343758688448e-07,0.001010188863242525,3.394294733438849e-06,0.0013797957912807756
2.704916,0.9936502520996652,1.167944959874366e-06,0.0017547945336479828,1.0554919850216983e-05,0.0045832305018760795
3.0430305,0.9953963780515824,3.0493640373854973e-06,0.0030176580767435086,3.115985917572386e-05,0.001551754648463055
3.381145,0.9950666781654034,4.8011609248766715e-06,0.004744017795705069,7.447997327664626e-05,0.00011002290469085952
3.7192594999999997,0.9916046897034794,8.964011338727262e-06,0.0070035185421534665,0.00015612792295609446,0.0012266998200703982
4.057373999999999,0.9839161540855694,1.4237536846955172e-05,0.009853852547858337,0.00031124639349090397,0.0059045094362340615
4.3954885,0.962706629798049,5.631597734836108e-05,0.013443992317777993,0.0006052378374256928,0.023187824069400273
4.733603,0.9713002906499096,0.00011669058295653872,0.019889288227621624,0.001092038464590817,0.007601692074921672
5.0717175,0.9522766414986569,0.0002454624914634545,0.024819073356141155,0.0018379508432574717,0.020820871810482117
5.409832,0.9568137864897164,0.0003989317870874663,0.03367667969806652,0.0030903242080031505,0.006020277817126108
5.747946499999999,0.9483039865820696,0.0005041475782081307,0.043244145479949536,0.004916624917706187,0.0030310954420670424
6.086061,0.9294805655035983,0.000782192242260023,0.05300878229025939,0.0072561497697221835,0.009472310194157698
6.4241755,0.8988940072496961,0.001112730709427909,0.05966494239726247,0.010248922251324618,0.030079397392288525
6.76229,0.8391096125630749,0.0024553927372666564,0.06049326858662552,0.013408989975589408,0.08453273613744348
7.1004045,0.8592069015792944,0.003951594719499326,0.09167332820619645,0.019063291192708245,0.02610488430230078
7.438518999999999,0.8187423843084597,0.006047346823400248,0.09500090120243905,0.02339126755339503,0.05681810011230634
7.7766335,0.8180583176519474,0.008205410830701632,0.11778613074341536,0.029039147479822152,0.026910993294113738
8.114747999999999,0.7871550132469598,0.009865583673255372,0.13582592117112446,0.037460939182027614,0.029692542726632947
8.4528625,0.7423168480531391,0.013541455374860258,0.15324318850809318,0.04554722083597964,0.045351287227927146
8.790977,0.6897920244877969,0.01732320644265768,0.14868647849268263,0.05163885345147981,0.09255943712538477
9.1290915,0.5928434824177061,0.027271130719241053,0.11693855876127275,0.049770961510074416,0.21317586659170387
9.467206,0.6216020031984779,0.03967419545361006,0.21090030332730503,0.06485777506420679,0.06296572295639916
9.805320499999999,0.5677569731752472,0.05122869923346796,0.2003599561692868,0.06677839974305073,0.11387597167894573
10.143435,0.551613202194059,0.06398842385799446,0.2382736124882041,0.06828937253221701,0.07783538892752585
10.4815495,0.4985659570919755,0.07253831704334532,0.2494462290223827,0.07970296046717132,0.09974653637512423
10.819664,0.4407894299871278,0.09008901718556438,0.26813942389759626,0.08789262301255418,0.11308950591715658
11.1577785,0.3896341289994477,0.10598633706056715,0.2387654952259581,0.09030971723910136,0.17530432147492722
11.495892999999999,0.3047432392319493,0.1378624634162183,0.15019515012967305,0.07339218461999099,0.3338069626021689
11.8340075,0.31489526408845847,0.1857891737311757,0.3084941072469413,0.0917213696141855,0.09910008531923861
12.172122,0.27368719151048615,0.21672035507041154,0.2835186246779108,0.08859869085158718,0.1374751378896053
12.5102365,0.24676765109025606,0.24994993783462358,0.31081988173676645,0.08502265087834131,0.10743987846001214
12.848351,0.20373409838854567,0.26385913961649576,0.28106661869309757,0.09652866421267642,0.15481147908918547
13.186465499999999,0.1666014278071045,0.3044393752973034,0.27896167858827225,0.09568579790488013,0.15431172040243862
13.52458,0.13958141159140997,0.3366198475389381,0.23999322855418714,0.09346033632972445,0.1903451759857412
13.8626945,0.10076013457005206,0.3826839462914747,0.1388452723424635,0.0722892613977633,0.3054213853982459
14.200809,0.0966258853902341,0.47377146632824796,0.26077037314254614,0.08235816928524277,0.0864741058537287
14.5389235,0.07864078896400488,0.5154036852214033,0.2423227908311847,0.07631127616181843,0.08732145882159054
14.877037999999999,0.06443994393386693,0.556256965462589,0.24643461393113383,0.07037963675098846,0.062488839921421256
15.215152499999999,0.048769896526844145,0.5565577069535566,0.20818531506441182,0.06873851707221165,0.11774856438297593
15.553267,0.03595434987323609,0.6051633848990072,0.19174938808643607,0.05802644925792353,0.1091064278833961
15.8913815,0.02826161340677924,0.642117993497235,0.16939696604097768,0.05105374594094375,0.10916968111406436
16.229495999999997,0.018561229679728706,0.680802307377264,0.10231888950604866,0.0363019657202353,0.1620156077167234
16.5676105,0.015389256575478967,0.7708905459804544,0.14516284628969134,0.0344586139013442,0.03409873725303149
16.905725,0.011338226516606806,0.8012621895951525,0.13300313309542916,0.029502473590590647,0.024893977202220304
17.2438395,0.008195234470662711,0.8250209885251945,0.12502836007590862,0.02589668287027253,0.015858734057960986
17.581954,0.0055213269315702055,0.812011824657071,0.10362522646366992,0.022291665236537472,0.05654995671115135
17.9200685,0.003661827298857492,0.848624194277353,0.08200146561651879,0.01568344197866058,0.050029070828609856
18.258183,0.00250862940783842,0.8730538403409198,0.06875673777638965,0.012963231726442604,0.042717560748409523
18.5962975,0.0015553373194894424,0.8929781491658135,0.04121448410379791,0.008822025895023797,0.055430003515873995
18.934412,0.001029676817995285,0.9381468341270394,0.043278996691179496,0.0078092975221948175,0.009735194841590937
19.272526499999998,0.00066957629108468,0.9494954064696332,0.03785199642413593,0.006403304989710402,0.005579715825434875
19.610640999999998,0.0004272155962203795,0.9568237148062968,0.032832852710252214,0.005143378945436027,0.004772837941795906
19.9487555,0.00025364781804507354,0.946803532629726,0.027616121174171566,0.003612010720723992,0.021714687657334347
20.28687,0.00014712581676901018,0.9626543267664679,0.018234729141205903,0.002064349983650199,0.016899468291905802
20.6249845,9.007940033972574e-05,0.9719371272917349,0.013900444765135026,0.0014037974306463363,0.012668551112144147
20.963099,4.621118508146339e-05,0.9782144278807954,0.007645232216418985,0.0008383129812890818,0.013255815736415627
21.3012135,2.7577996214673313e-05,0.9895660273163587,0.006615907118407149,0.0006258198672092931,0.003164667701810261
21.639328,1.6186184492257758e-05,0.9913983115700881,0.005441854386545928,0.00041383487584264073,0.00272981298303102
21.9774425,9.560388554941431e-06,0.9927098791717537,0.004181096182675302,0.00028465016683121356,0.002814814090185039
22.315557,6.262970468613711e-06,0.9902183594278682,0.0032350113514873166,0.00020662111830447007,0.006333745131871708
22.653671499999998,3.7757016970895774e-06,0.9937997668882353,0.0015325498670687695,0.00024074944383300784,0.004423158099165273
22.991785999999998,2.9794309984635454e-06,0.9954604176011943,0.0009380866194204587,0.00025308212853222855,0.003345434219853084
23.329900499999997,2.400688058848192e-06,0.9963617860989062,0.0003866315627183607,0.0002794143556326596,0.0029697672946829025
23.668015,2.1028032008826504e-06,0.9973204604429222,0.0002930663944041254,0.0002870972167749235,0.0020972731426984258
24.0061295,1.963168845986346e-06,0.9974084429821554,0.0002113017789645587,0.0002959577180677057,0.002082334351967102
24.344244,1.9144454601038627e-06,0.9975010959101978,0.0001384891192300764,0.0003035852529440497,0.0020549152721671174
24.6823585,1.8219890741092178e-06,0.9975226447915331,0.00010047719500923625,0.0003066519231130591,0.002068404101269792
25.020473,1.8381948444955545e-06,0.997592660327905,7.732709849733302e-05,0.0003073071473722028,0.0020208672313786094
