Single Qubit Data Summary:
scqubits version: 4.3.1
First 10 Eigenvalues (GHz): [ 6.40985246  8.91705683  9.81235602  9.83619966 11.25526103 12.20832325
 12.28456712 13.39244226 14.21679454 14.5098625 ]
hspace theta size: 1000
hspace phi size: 1000
hspace mixed size: 1000
n_theta matrix elements for bottom 10 states (GHz):
 [[-0.000e+00 -1.304e+00 -0.000e+00 -0.000e+00 -0.000e+00  1.500e-02
   0.000e+00  5.200e-02 -0.000e+00  0.000e+00]
 [-1.304e+00  0.000e+00 -3.700e-02 -1.000e-03 -1.777e+00  0.000e+00
   0.000e+00 -0.000e+00  1.260e-01  0.000e+00]
 [-0.000e+00 -3.700e-02 -0.000e+00  0.000e+00 -0.000e+00 -1.262e+00
   2.600e-02  1.910e-01 -0.000e+00 -0.000e+00]
 [-0.000e+00 -1.000e-03  0.000e+00  0.000e+00 -0.000e+00 -2.500e-02
  -1.288e+00  6.000e-03 -0.000e+00 -0.000e+00]
 [-0.000e+00 -1.777e+00 -0.000e+00 -0.000e+00  0.000e+00  4.290e-01
   4.000e-03  1.996e+00 -0.000e+00  0.000e+00]
 [ 1.500e-02  0.000e+00 -1.262e+00 -2.500e-02  4.290e-01 -0.000e+00
  -0.000e+00  0.000e+00  1.396e+00 -1.200e-02]
 [ 0.000e+00  0.000e+00  2.600e-02 -1.288e+00  4.000e-03 -0.000e+00
  -0.000e+00 -0.000e+00  9.000e-03  1.725e+00]
 [ 5.200e-02 -0.000e+00  1.910e-01  6.000e-03  1.996e+00  0.000e+00
  -0.000e+00 -0.000e+00 -1.681e+00 -4.000e-03]
 [-0.000e+00  1.260e-01 -0.000e+00 -0.000e+00 -0.000e+00  1.396e+00
   9.000e-03 -1.681e+00  0.000e+00  0.000e+00]
 [ 0.000e+00  0.000e+00 -0.000e+00 -0.000e+00  0.000e+00 -1.200e-02
   1.725e+00 -4.000e-03  0.000e+00 -0.000e+00]]
