sigmaX_fidelity_import_paras.py
Current Mountain Time: 2025-01-14 17:25:21.152858-07:00
drive_phi= True ; drive_theta =  False ; truc =  100
fast= True ; parallel =  True
params =
[19.00623, 0.248493, 0.216342, 0.446771, 0.482078] ,
[29.548086, 0.21911, 0.197031, 0.396681, 0.414846] ,
[40.141878, 0.212774, 0.163809, 0.382631, 0.397143] ,
[49.968364, 0.21394, 0.152888, 0.355466, 0.375973] ,
[60.002304, 0.213692, 0.143295, 0.35721, 0.376591] ,
[70.126289, 0.215227, 0.134547, 0.34898, 0.371879] ,
[80.021881, 0.221393, 0.121476, 0.346693, 0.375188] ,
[90.292422, 0.215877, 0.118339, 0.344084, 0.368744] ,
[100.02177, 0.20378, 0.113027, 0.343598, 0.3569] ,
[110.097338, 0.204955, 0.108112, 0.342285, 0.356904] ,
[120.7903, 0.206081, 0.104591, 0.340124, 0.35662] ,
[130.894161, 0.207009, 0.101125, 0.338412, 0.356524] ,
[140.077366, 0.207119, 0.09866, 0.338056, 0.356764] ,
[150.425935, 0.207456, 0.094651, 0.339048, 0.357853] ,
[159.936512, 0.211394, 0.093445, 0.334238, 0.360446] ,
[169.931574, 0.205527, 0.090469, 0.335435, 0.354256] ,
[180.06197, 0.203381, 0.086796, 0.338764, 0.353566] ,
[189.952779, 0.206865, 0.085337, 0.330766, 0.353514] ,
[200.79232, 0.209731, 0.082311, 0.331483, 0.357393] ,
n_cpu =  5 ;   n_job =  95
gamma_2 =  6.25e-07 gamma_p2 =  0.0
T1_2 = 1599999.9999999998 ns
T1_other = 2000.0 ns
Tphi_other = 400.0 ns

f_ideal = [
-0.6457815250528595, -0.7671948805949267, -1.0595674498410295, -1.644233670951893 ,
-1.6798395443416994, -1.8606029124291454, -2.3555816811729478, -2.126593435371679 ,
-2.34530484619372, -2.3262903715466763, -2.3100953720311397, -2.440488260696564 ,
-2.331207290020214, -2.2906881843550555, -2.0928719921572125, -2.2527414401685184 ,
-2.2069740527882766, -2.1962042473089958, -2.049091388718098 ,
]

f_noise = [
-0.6252003247960661, -0.73275427763829, -0.9631751357016208, -1.2900672595662162 ,
-1.2642692070320485, -1.2705077228099069, -1.2796715905973746, -1.2338800634657834 ,
-1.2566310588740437, -1.2151816315638406, -1.1760750770927653, -1.149986028164136 ,
-1.118421404039458, -1.0885167681805947, -1.040067192217772, -1.0478037123407038 ,
-1.0314450718136476, -0.9990964821165951, -0.9608572976853174 ,
]
Current Mountain Time: 2025-01-15 00:29:13.323701-07:00
2170910.90user 106471.72system 7:03:58elapsed 8952%CPU (0avgtext+0avgdata 1991912maxresident)k
32inputs+24outputs (1570major+176186679minor)pagefaults 0swaps
