sigmaX_fidelity_import_paras.py
Current Mountain Time: 2025-01-13 00:20:19.821259-07:00
drive_phi= False ; drive_theta =  True ; truc =  40
params =
[10.098577, 0.40761, 0.073918, -0.080988, -0.043442] ,
[15.074434, 0.305745, 0.064397, -0.032682, -0.013623] ,
[20.039917, 0.239134, 0.059573, -0.019298, -0.010076] ,
[25.016935, 0.180445, 0.046751, -0.004934, -0.0] ,
[30.00878, 0.145485, 0.037962, 0.00053, 0.004045] ,
[35.0, 0.121768, 0.032286, 0.001859, 0.004392] ,
[39.991886, 0.104909, 0.028041, 0.002101, 0.003946] ,
[45.572781, 0.09096, 0.024445, 0.002067, 0.003452] ,
[50.273215, 0.081847, 0.022073, 0.001926, 0.003046] ,
[55.267802, 0.073999, 0.020011, 0.001734, 0.00265] ,
[59.087372, 0.068941, 0.018682, 0.001583, 0.002376] ,
[64.670051, 0.06271, 0.017022, 0.0014, 0.002053] ,
[69.959216, 0.057773, 0.015699, 0.001245, 0.001799] ,
[79.95019, 0.05031, 0.013698, 0.001001, 0.001419] ,
[89.941635, 0.044572, 0.01215, 0.000817, 0.001147] ,
[99.933208, 0.040021, 0.010919, 0.000677, 0.000941] ,
[109.925012, 0.036315, 0.009915, 0.000569, 0.000786] ,
[119.916936, 0.03325, 0.009081, 0.000486, 0.000668] ,
n_cpu =  8 ;   n_job =  144
gamma_2 =  6.25e-07 gamma_p2 =  0.0
T1_2 = 1599999.9999999998 ns
T1_other = 2000.0 ns
Tphi_other = 400.0 ns

f_ideal = [
-0.605034566968221, -1.229520191767138, -2.2579797396771766, -2.38625433115137 ,
-2.9515256965020624, -3.1685550856795652, -3.1677634595628734, -3.2606017910272485 ,
-3.341475583688872, -3.3967864915164294, -3.427982791012916, -3.4980192923344195 ,
-3.557312272378198, -3.6526348577480343, -3.7445732418753823, -3.821303445706697 ,
-3.899305193076052, -3.979659017163199 ,
]

f_noise = [
-0.5962939560376574, -1.1634467591964404, -1.758335477045963, -1.756016663941303 ,
-1.7905714588638242, -1.761774697740648, -1.724803480565741, -1.6894738899333825 ,
-1.6613632297862346, -1.6323319592783148, -1.610998737258281, -1.5815561951096306 ,
-1.5549863862587099, -1.5083753211419124, -1.4658974884035834, -1.4270359126681562 ,
-1.3912866697007034, -1.3583723143652926 ,
]
Current Mountain Time: 2025-01-13 18:51:44.714595-07:00
5461060.88user 1885.31system 18:31:29elapsed 8191%CPU (0avgtext+0avgdata 65675396maxresident)k
0inputs+16outputs (3424major+223531262minor)pagefaults 0swaps


sigmaX_fidelity_import_paras.py
Current Mountain Time: 2025-01-12 13:19:11.608825-07:00
drive_phi= False ; drive_theta =  True ; truc =  30
params =
[10.098577, 0.40761, 0.073918, -0.080988, -0.043442] ,
[15.074434, 0.305745, 0.064397, -0.032682, -0.013623] ,
[20.039917, 0.239134, 0.059573, -0.019298, -0.010076] ,
[25.016935, 0.180445, 0.046751, -0.004934, -0.0] ,
[30.00878, 0.145485, 0.037962, 0.00053, 0.004045] ,
[35.0, 0.121768, 0.032286, 0.001859, 0.004392] ,
[39.991886, 0.104909, 0.028041, 0.002101, 0.003946] ,
[45.572781, 0.09096, 0.024445, 0.002067, 0.003452] ,
[50.273215, 0.081847, 0.022073, 0.001926, 0.003046] ,
[55.267802, 0.073999, 0.020011, 0.001734, 0.00265] ,
[59.087372, 0.068941, 0.018682, 0.001583, 0.002376] ,
[64.670051, 0.06271, 0.017022, 0.0014, 0.002053] ,
[69.959216, 0.057773, 0.015699, 0.001245, 0.001799] ,
[79.95019, 0.05031, 0.013698, 0.001001, 0.001419] ,
[89.941635, 0.044572, 0.01215, 0.000817, 0.001147] ,
[99.933208, 0.040021, 0.010919, 0.000677, 0.000941] ,
[109.925012, 0.036315, 0.009915, 0.000569, 0.000786] ,
[119.916936, 0.03325, 0.009081, 0.000486, 0.000668] ,
n_cpu =  8 ;   n_job =  144
gamma_2 =  6.25e-07 gamma_p2 =  0.0
T1_2 = 1599999.9999999998 ns
T1_other = 2000.0 ns
Tphi_other = 400.0 ns

f_ideal = [
-0.461330602605662, -0.9700190935558803, -2.005608641187015, -2.4719235383906484 ,
-2.7672031799005086, -2.873535557239684, -2.7841070554455807, -2.7622160899413877 ,
-2.766017938275496, -2.770937502873421, -2.777920735542645, -2.807945341050634 ,
-2.839605442012072, -2.901080246366208, -2.9678863343680693, -3.030555644081004 ,
-3.094779194272048, -3.1592757815567163 ,
]

f_noise = [
-0.456865128016097, -0.9371135860333678, -1.6741696085215731, -1.790569494922504 ,
-1.7896558980342474, -1.757244941708474, -1.7123995942246477, -1.6724212465049955 ,
-1.6430970306508514, -1.6139768097068388, -1.593117150615664, -1.56524666538501 ,
-1.540315954597818, -1.4965701173506074, -1.4565541165630405, -1.4195822482668325 ,
-1.3853421167939892, -1.3536108866665446 ,
]
Current Mountain Time: 2025-01-12 18:00:05.729456-07:00
1199739.86user 951.13system 4:40:57elapsed 7122%CPU (0avgtext+0avgdata 21542656maxresident)k
0inputs+16outputs (7173major+88828871minor)pagefaults 0swaps
