sigmaX_fidelity_import_paras.py
Current Mountain Time: 2025-01-14 17:24:25.707101-07:00
drive_phi= False ; drive_theta =  True ; truc =  100
fast= True ; parallel =  True
params =
[10.098577, 0.40761, 0.073918, -0.080988, -0.043442] ,
[15.074434, 0.305745, 0.064397, -0.032682, -0.013623] ,
[20.039917, 0.239134, 0.059573, -0.019298, -0.010076] ,
[25.016935, 0.180445, 0.046751, -0.004934, -0.0] ,
[30.00878, 0.145485, 0.037962, 0.00053, 0.004045] ,
[35.0, 0.121768, 0.032286, 0.001859, 0.004392] ,
[39.991886, 0.104909, 0.028041, 0.002101, 0.003946] ,
[45.572781, 0.09096, 0.024445, 0.002067, 0.003452] ,
[50.273215, 0.081847, 0.022073, 0.001926, 0.003046] ,
[55.267802, 0.073999, 0.020011, 0.001734, 0.00265] ,
[59.087372, 0.068941, 0.018682, 0.001583, 0.002376] ,
[64.670051, 0.06271, 0.017022, 0.0014, 0.002053] ,
[69.959216, 0.057773, 0.015699, 0.001245, 0.001799] ,
[79.95019, 0.05031, 0.013698, 0.001001, 0.001419] ,
[89.941635, 0.044572, 0.01215, 0.000817, 0.001147] ,
[99.933208, 0.040021, 0.010919, 0.000677, 0.000941] ,
[109.925012, 0.036315, 0.009915, 0.000569, 0.000786] ,
[119.916936, 0.03325, 0.009081, 0.000486, 0.000668] ,
n_cpu =  5 ;   n_job =  90
gamma_2 =  6.25e-07 gamma_p2 =  0.0
T1_2 = 1599999.9999999998 ns
T1_other = 2000.0 ns
Tphi_other = 400.0 ns

f_ideal = [
-0.49340468173154417, -0.9694391498271738, -2.142013465549031, -2.673241220100574 ,
-3.427649274366055, -3.8269219939923476, -4.227182757989097, -4.64269466646787 ,
-4.976647144552677, -5.26209889823497, -5.41431220781966, -5.595151699273812 ,
-5.701661733957301, -5.772870002823564, -5.7887761868115515, -5.790004282453417 ,
-5.783972692072418, -5.7302464479503294 ,
]

f_noise = [
-0.48746921149438804, -0.9337734659482264, -1.7055520675612008, -1.7996318643153184 ,
-1.8064424791297415, -1.772435777434771, -1.737217427531704, -1.699334315983145 ,
-1.669242181674846, -1.638953713316035, -1.6169293493645265, -1.586316347771858 ,
-1.558919952792772, -1.5112390794295871, -1.4680131112495896, -1.4286643328971405 ,
-1.3925444519295398, -1.3593438009648098 ,
]
Current Mountain Time: 2025-01-14 23:16:18.120792-07:00
1452751.48user 72265.16system 5:51:57elapsed 7221%CPU (0avgtext+0avgdata 1292480maxresident)k
43112inputs+24outputs (3397major+106948214minor)pagefaults 0swaps
