cz_noise.py
Start Mountain Time: 2025-03-05 23:06:32.664611-07:00
truc_full= 500
num_cpus= 16 , n_job= 10
params =
[50.066456, 0.027173, 0.026765] ,
[62.054606, 0.02093, 0.017519] ,
[74.049203, 0.016254, 0.014905] ,
[86.106856, 0.019481, 0.02577] ,
[97.920015, 0.016221, 0.0249] ,
[110.011766, 0.014013, 0.021038] ,
[121.908197, 0.012432, 0.019475] ,
[134.043513, 0.011113, 0.017721] ,
[146.02291, 0.010066, 0.016405] ,
[158.038459, 0.009186, 0.015116] ,
[170.005964, 0.008453, 0.014067] ,
[182.00291, 0.007825, 0.013145] ,
[193.995576, 0.007283, 0.012342] ,

hspace_select (len=55) = [
'0-0', '0-1', '1-0', '0-2', '2-0', '0-4', '4-0', '1-1', '0-5', '2-1' ,
'5-0', '1-2', '0-8', '2-2', '8-0', '1-4', '4-1', '0-9', '2-4', '9-0' ,
'1-5', '5-1', '4-2', '0-12', '2-5', '1-8', '12-0', '5-2', '0-13', '0-16' ,
'8-1', '4-4', '13-0', '15-0', '2-8', '1-9', '9-1', '8-2', '5-4', '4-5' ,
'0-18', '2-9', '1-12', '0-20', '0-21', '18-0', '9-2', '12-1', '5-5', '0-24' ,
'22-0', '2-12', '13-1', '24-0', '0-25' ,
]

hspace_select_index = [
0, 1, 2, 3, 4, 5, 6, 7, 8, 9 ,
10, 11, 12, 13, 14, 15, 16, 17, 18, 19 ,
20, 21, 22, 23, 24, 25, 26, 27, 28, 29 ,
30, 31, 32, 33, 34, 35, 36, 37, 38, 39 ,
40, 41, 42, 43, 44, 45, 46, 47, 48, 49 ,
55, 56, 57, 58, 59 ,
]

f_ideal (dim=55)  = [
-1.16907875, -1.0541898, -1.32455384, -2.2778143 ,
-2.40315738, -2.45116251, -3.11621851, -3.12026717 ,
-3.32732425, -3.61113041, -3.92939783, -4.37570773 ,
-4.11258268 ,
]
t1_tphi_other =  170

f_noise (dim=55)  = [
-1.16918318, -1.05436901, -1.32491647, -2.26298383 ,
-2.39064559, -2.43166511, -3.03847768, -3.03664572 ,
-3.19898209, -3.37524209, -3.51510295, -3.61610324 ,
-3.53946891 ,
]

Current Mountain Time: 2025-03-06 08:56:41.805193-07:00
873939.64user 143830.49system 9:50:16elapsed 2873%CPU (0avgtext+0avgdata 1702440maxresident)k
0inputs+24outputs (104major+4384307162minor)pagefaults 0swaps

[20.032421, 0.045974, 0.029778, -0.51058425, -0.51070743] ,
[32.034226, 0.037135, 0.016167, -0.45027587, -0.45019765] ,
[44.031495, 0.031706, 0.024911, -1.1631009, -1.16304168] ,
[56.077009, 0.022808, 0.026791, -1.0196655, -1.01983804] ,
[68.037311, 0.018268, 0.01604, -1.20500978, -1.20528484] ,
[80.069609, 0.021699, 0.026059, -1.65278366, -1.64859555] ,
[91.950393, 0.01767, 0.02547, -2.94062418, -2.8892864] ,
[104.067706, 0.014971, 0.022579, -2.18141001, -2.17202251] ,
[116.077689, 0.013154, 0.020213, -2.96547247, -2.90767332] ,
[127.98519, 0.011742, 0.018634, -2.98523823, -2.92552015] ,
[140.02276, 0.010556, 0.017, -3.32352219, -3.19619888] ,
[151.988898, 0.009603, 0.015713, -3.38020187, -3.23174844] ,
[164.015275, 0.008802, 0.014578, -3.81762752, -3.47840926] ,
[176.001029, 0.008127, 0.01359, -4.15723917, -3.57894739] ,
[188.007783, 0.007544, 0.012719, -4.27838382, -3.58480594] ,
[199.99317, 0.007039, 0.011975, -3.93696774, -3.4773306] ,
[50.066456, 0.027173, 0.026765, -1.16907875, -1.16918318] ,
[62.054606, 0.02093, 0.017519, -1.0541898, -1.05436901] ,
[74.049203, 0.016254, 0.014905, -1.32455384, -1.32491647] ,
[86.106856, 0.019481, 0.02577, -2.2778143, -2.26298383] ,
[97.920015, 0.016221, 0.0249, -2.40315738, -2.39064559] ,
[110.011766, 0.014013, 0.021038, -2.45116251, -2.43166511] ,
[121.908197, 0.012432, 0.019475, -3.11621851, -3.03847768] ,
[134.043513, 0.011113, 0.017721, -3.12026717, -3.03664572] ,
[146.02291, 0.010066, 0.016405, -3.32732425, -3.19898209] ,
[158.038459, 0.009186, 0.015116, -3.61113041, -3.37524209] ,
[170.005964, 0.008453, 0.014067, -3.92939783, -3.51510295] ,
[182.00291, 0.007825, 0.013145, -4.37570773, -3.61610324] ,
[193.995576, 0.007283, 0.012342, -4.11258268, -3.53946891] ,