Single Qubit Data Summary:
scqubits version: 4.3.1
First 10 Eigenvalues (GHz): [ 6.40985243  8.91705679  9.81237532  9.83618029 11.255261   12.20832885
 12.28456147 13.39244223 14.21679561 14.50986143]
hspace theta size: 1000
hspace phi size: 1000
hspace mixed size: 1000
n_theta matrix elements for bottom 10 states (GHz):
 [[-0.000e+00  1.304e+00  0.000e+00 -0.000e+00  0.000e+00 -1.500e-02
  -0.000e+00  5.200e-02 -0.000e+00  0.000e+00]
 [ 1.304e+00  0.000e+00 -3.700e-02 -0.000e+00 -1.777e+00  0.000e+00
  -0.000e+00  0.000e+00 -1.260e-01  0.000e+00]
 [ 0.000e+00 -3.700e-02 -0.000e+00 -0.000e+00 -0.000e+00 -1.262e+00
   3.000e-03 -1.910e-01 -0.000e+00 -0.000e+00]
 [-0.000e+00 -0.000e+00 -0.000e+00  0.000e+00  0.000e+00 -3.000e-03
  -1.288e+00 -1.000e-03  0.000e+00 -0.000e+00]
 [ 0.000e+00 -1.777e+00 -0.000e+00  0.000e+00 -0.000e+00  4.290e-01
   0.000e+00 -1.996e+00 -0.000e+00 -0.000e+00]
 [-1.500e-02  0.000e+00 -1.262e+00 -3.000e-03  4.290e-01  0.000e+00
  -0.000e+00  0.000e+00 -1.396e+00 -1.000e-03]
 [-0.000e+00 -0.000e+00  3.000e-03 -1.288e+00  0.000e+00 -0.000e+00
  -0.000e+00 -0.000e+00 -1.000e-03  1.725e+00]
 [ 5.200e-02  0.000e+00 -1.910e-01 -1.000e-03 -1.996e+00  0.000e+00
  -0.000e+00 -0.000e+00 -1.681e+00  0.000e+00]
 [-0.000e+00 -1.260e-01 -0.000e+00  0.000e+00 -0.000e+00 -1.396e+00
  -1.000e-03 -1.681e+00 -0.000e+00 -0.000e+00]
 [ 0.000e+00  0.000e+00 -0.000e+00 -0.000e+00 -0.000e+00 -1.000e-03
   1.725e+00  0.000e+00 -0.000e+00 -0.000e+00]]
