Xgate_noise.py
Current Mountain Time: 2025-03-13 13:51:23.181876-06:00
truc =  500
num_cpus =  4 ;   n_job =  100
params =
[110.009928, 0.211658, 0.106989, 0.341806, 0.362874] ,
[120.004766, 0.209273, 0.104767, 0.341188, 0.360503] ,
[130.002315, 0.201238, 0.098495, 0.3428, 0.353056] ,
[140.008725, 0.211735, 0.099358, 0.338134, 0.362321] ,
[150.002399, 0.205268, 0.094552, 0.339607, 0.355509] ,
[160.000656, 0.209132, 0.090941, 0.337889, 0.359183] ,
[170.00663, 0.212306, 0.087921, 0.33633, 0.362475] ,
[180.006237, 0.21108, 0.084566, 0.335734, 0.36059] ,
[190.009275, 0.209698, 0.083495, 0.335382, 0.359146] ,
[200.005395, 0.208582, 0.081626, 0.335171, 0.357777] ,

hspace_select_index (len=180) = [
0, 9, 2, 33, 10, 19, 25, 37, 31, 23 ,
16, 69, 18, 40, 46, 11, 15, 28, 57, 47 ,
42, 20, 62, 64, 55, 70, 53, 39, 49, 35 ,
51, 73, 56, 83, 24, 77, 76, 86, 66, 43 ,
60, 95, 92, 98, 79, 91, 101, 100, 85, 106 ,
3, 81, 108, 67, 116, 154, 112, 130, 88, 104 ,
121, 133, 96, 110, 113, 158, 146, 143, 123, 132 ,
139, 153, 102, 186, 120, 118, 166, 136, 162, 206 ,
176, 151, 145, 170, 194, 192, 126, 148, 232, 209 ,
141, 196, 220, 128, 253, 137, 159, 164, 173, 188 ,
185, 248, 218, 205, 167, 241, 229, 213, 281, 198 ,
156, 246, 181, 179, 174, 230, 169, 200, 226, 202 ,
265, 305, 190, 264, 259, 255, 223, 216, 250, 306 ,
282, 279, 262, 183, 297, 212, 237, 269, 257, 275 ,
273, 234, 322, 252, 291, 267, 319, 328, 288, 349 ,
227, 294, 336, 242, 239, 208, 315, 286, 320, 333 ,
358, 363, 370, 348, 384, 8, 397, 222, 366, 303 ,
438, 352, 346, 277, 245, 474, 283, 445, 313, 407 ,
]

f_ideal = [
-1.8753718954398673, -2.0516709414257495, -2.229602321051948, -2.2672568027127893 ,
-2.4881674860419785, -2.516012826962987, -2.4807656736510437, -2.6447627565815472 ,
-2.6083817555662128, -2.6575292739879015 ,
]
t1_tphi_other = 170 μs

f_noise = [
-1.3590717470603415, -1.7267748656576063, -2.016894912250127, -1.4534488241772492 ,
-2.283025628241196, -2.2059678023320584, -1.8510061763197738, -2.1206310645308233 ,
-2.156918592885955, -1.6426227085443 ,
]
Current Mountain Time: 2025-03-13 19:14:28.181302-06:00
1125710.31user 46716.50system 5:23:07elapsed 6047%CPU (0avgtext+0avgdata 4661608maxresident)k
0inputs+16outputs (2876major+94837841minor)pagefaults 0swaps
