Xgate_noise.py
Current Mountain Time: 2025-03-13 13:01:14.551716-06:00
truc =  500
num_cpus =  4 ;   n_job =  100
params =
[100.001683, 0.212233, 0.113924, 0.340021, 0.36258] ,

hspace_select_index (len=180) = [
0, 9, 2, 33, 10, 19, 25, 37, 31, 23 ,
16, 69, 18, 40, 46, 11, 15, 28, 57, 47 ,
42, 20, 62, 64, 55, 70, 53, 39, 49, 35 ,
51, 73, 56, 83, 24, 77, 76, 86, 66, 43 ,
60, 95, 92, 98, 79, 91, 101, 100, 85, 106 ,
3, 81, 108, 67, 116, 154, 112, 130, 88, 104 ,
121, 133, 96, 110, 113, 158, 146, 143, 123, 132 ,
139, 153, 102, 186, 120, 118, 166, 136, 162, 206 ,
176, 151, 145, 170, 194, 192, 126, 148, 232, 209 ,
141, 196, 220, 128, 253, 137, 159, 164, 173, 188 ,
185, 248, 218, 205, 167, 241, 229, 213, 281, 198 ,
156, 246, 181, 179, 174, 230, 169, 200, 226, 202 ,
265, 305, 190, 264, 259, 255, 223, 216, 250, 306 ,
282, 279, 262, 183, 297, 212, 237, 269, 257, 275 ,
273, 234, 322, 252, 291, 267, 319, 328, 288, 349 ,
227, 294, 336, 242, 239, 208, 315, 286, 320, 333 ,
358, 363, 370, 348, 384, 8, 397, 222, 366, 303 ,
438, 352, 346, 277, 245, 474, 283, 445, 313, 407 ,
]

f_ideal = [
-1.8494976395380485 ,
]
t1_tphi_other = 170 μs

f_noise = [
-1.264449669669575 ,
]
Current Mountain Time: 2025-03-13 15:10:45.377594-06:00
49610.32user 2065.83system 2:09:34elapsed 664%CPU (0avgtext+0avgdata 2489300maxresident)k
0inputs+16outputs (943major+7389040minor)pagefaults 0swaps
