Xgate_noise.py
Current Mountain Time: 2025-03-05 14:44:16.423607-07:00
truc =  1000
num_cpus =  4 ;   n_job =  5
params =
[20.000087, 0.249753, 0.216297, 0.43883, 0.490612] ,
[30.002512, 0.222626, 0.201971, 0.389445, 0.425332] ,
[40.006173, 0.223179, 0.160035, 0.358809, 0.386917] ,
[50.000191, 0.215248, 0.148153, 0.354356, 0.376483] ,
[60.000967, 0.213711, 0.14419, 0.358967, 0.378127] ,
[70.001044, 0.209788, 0.131851, 0.353189, 0.36997] ,
[80.007155, 0.210573, 0.122946, 0.355789, 0.37113] ,
[90.009744, 0.219753, 0.113433, 0.351332, 0.376525] ,
[100.001683, 0.212233, 0.113924, 0.340021, 0.36258] ,
[110.009928, 0.211658, 0.106989, 0.341806, 0.362874] ,
[120.004766, 0.209273, 0.104767, 0.341188, 0.360503] ,
[130.002315, 0.201238, 0.098495, 0.3428, 0.353056] ,
[140.008725, 0.211735, 0.099358, 0.338134, 0.362321] ,
[150.002399, 0.205268, 0.094552, 0.339607, 0.355509] ,
[160.000656, 0.209132, 0.090941, 0.337889, 0.359183] ,
[170.00663, 0.212306, 0.087921, 0.33633, 0.362475] ,
[180.006237, 0.21108, 0.084566, 0.335734, 0.36059] ,
[190.009275, 0.209698, 0.083495, 0.335382, 0.359146] ,
[200.005395, 0.208582, 0.081626, 0.335171, 0.357777] ,

hspace_select_index (len=160) = [
0, 9, 2, 33, 10, 19, 25, 37, 31, 23 ,
16, 69, 18, 40, 46, 11, 15, 28, 57, 47 ,
42, 20, 62, 64, 55, 70, 53, 39, 49, 35 ,
51, 73, 56, 83, 24, 77, 76, 86, 66, 43 ,
60, 95, 92, 98, 79, 91, 101, 100, 85, 106 ,
3, 81, 108, 67, 116, 154, 112, 130, 88, 104 ,
121, 133, 96, 110, 113, 158, 146, 143, 123, 132 ,
139, 153, 102, 186, 120, 118, 166, 136, 162, 206 ,
176, 151, 145, 170, 194, 192, 126, 148, 232, 209 ,
141, 196, 220, 128, 253, 137, 159, 164, 173, 188 ,
185, 248, 218, 205, 167, 241, 229, 213, 281, 198 ,
156, 246, 181, 179, 174, 230, 169, 200, 226, 202 ,
265, 190, 264, 259, 255, 223, 216, 250, 282, 279 ,
262, 183, 297, 212, 237, 269, 257, 275, 273, 234 ,
252, 291, 267, 288, 227, 294, 242, 239, 208, 286 ,
8, 222, 271, 277, 245, 283, 299, 290, 293, 4 ,
]

f_ideal = [
-0.6054424763800341, -0.7521624851173503, -0.8853137397743029, -1.122802399581572 ,
-1.4868985166151467, -1.6381383777639675, -1.6996581384233214, -1.740704356667238 ,
-1.8449862311781318, -1.90484224195722, -2.0722114065597106, -2.1923070113867147 ,
-2.2798587869038682, -2.4562560618811813, -2.5341223555727805, -2.454960428041847 ,
-2.640586764886095, -2.620478305588591, -2.672640596132199 ,
]
849.93user 47.92system 1:56.40elapsed 771%CPU (0avgtext+0avgdata 848720maxresident)k
0inputs+16outputs (861major+3938522minor)pagefaults 0swaps
