Xgate_noise.py
Current Mountain Time: 2025-03-05 14:57:25.113470-07:00
truc =  300
num_cpus =  4 ;   n_job =  5
params =
[20.000087, 0.249753, 0.216297, 0.43883, 0.490612] ,
[30.002512, 0.222626, 0.201971, 0.389445, 0.425332] ,
[40.006173, 0.223179, 0.160035, 0.358809, 0.386917] ,
[50.000191, 0.215248, 0.148153, 0.354356, 0.376483] ,
[60.000967, 0.213711, 0.14419, 0.358967, 0.378127] ,
[70.001044, 0.209788, 0.131851, 0.353189, 0.36997] ,
[80.007155, 0.210573, 0.122946, 0.355789, 0.37113] ,
[90.009744, 0.219753, 0.113433, 0.351332, 0.376525] ,
[100.001683, 0.212233, 0.113924, 0.340021, 0.36258] ,
[110.009928, 0.211658, 0.106989, 0.341806, 0.362874] ,
[120.004766, 0.209273, 0.104767, 0.341188, 0.360503] ,
[130.002315, 0.201238, 0.098495, 0.3428, 0.353056] ,
[140.008725, 0.211735, 0.099358, 0.338134, 0.362321] ,
[150.002399, 0.205268, 0.094552, 0.339607, 0.355509] ,
[160.000656, 0.209132, 0.090941, 0.337889, 0.359183] ,
[170.00663, 0.212306, 0.087921, 0.33633, 0.362475] ,
[180.006237, 0.21108, 0.084566, 0.335734, 0.36059] ,
[190.009275, 0.209698, 0.083495, 0.335382, 0.359146] ,
[200.005395, 0.208582, 0.081626, 0.335171, 0.357777] ,

hspace_select_index (len=100) = [
0, 2, 3, 4, 8, 9, 10, 11, 15, 16 ,
18, 19, 20, 23, 24, 25, 28, 31, 33, 35 ,
37, 39, 40, 42, 43, 46, 47, 49, 51, 53 ,
55, 56, 57, 60, 62, 64, 66, 67, 69, 70 ,
73, 76, 77, 79, 81, 83, 85, 86, 88, 91 ,
92, 95, 96, 98, 100, 101, 102, 104, 106, 108 ,
110, 112, 113, 116, 118, 120, 121, 123, 126, 128 ,
130, 132, 133, 136, 137, 139, 141, 143, 145, 146 ,
148, 151, 153, 154, 156, 158, 159, 162, 164, 166 ,
167, 169, 170, 173, 174, 176, 179, 181, 183, 185 ,
]

f_ideal = [
-0.5799833016584928, -0.7124246116087807, -0.8229788851574773, -1.0784039655582507 ,
-1.4551432860999687, -1.6015295690263738, -1.6774490372782436, -1.6855308917012626 ,
-1.9372727538010686, -1.9074450606257836, -2.1289879307953967, -1.9772123454666106 ,
-2.2893631513929504, -2.261063406839444, -2.4622228444009306, -2.4874207686934917 ,
-2.7438214399630945, -2.7476037968430846, -2.8168858385144597 ,
]
412.49user 39.22system 1:00.99elapsed 740%CPU (0avgtext+0avgdata 845736maxresident)k
0inputs+16outputs (448major+3768688minor)pagefaults 0swaps
