Xgate_noise.py
Current Mountain Time: 2025-03-04 23:35:00.470131-07:00
truc =  300
num_cpus =  4 ;   n_job =  5
params =
[20.000087, 0.249753, 0.216297, 0.43883, 0.490612] ,
[70.001044, 0.209788, 0.131851, 0.353189, 0.36997] ,
[120.004766, 0.209273, 0.104767, 0.341188, 0.360503] ,
[170.00663, 0.212306, 0.087921, 0.33633, 0.362475] ,

hspace_select_index (len=160) = [
0, 2, 3, 4, 8, 9, 10, 11, 15, 16 ,
18, 19, 20, 23, 24, 25, 28, 31, 33, 35 ,
37, 39, 40, 42, 43, 46, 47, 49, 51, 53 ,
55, 56, 57, 60, 62, 64, 66, 67, 69, 70 ,
73, 76, 77, 79, 81, 83, 85, 86, 88, 91 ,
92, 95, 96, 98, 100, 101, 102, 104, 106, 108 ,
110, 112, 113, 116, 118, 120, 121, 123, 126, 128 ,
130, 132, 133, 136, 137, 139, 141, 143, 145, 146 ,
148, 151, 153, 154, 156, 158, 159, 162, 164, 166 ,
167, 169, 170, 173, 174, 176, 179, 181, 183, 185 ,
186, 188, 190, 192, 194, 196, 198, 200, 202, 205 ,
206, 208, 209, 212, 213, 216, 218, 220, 222, 223 ,
226, 227, 229, 230, 232, 234, 237, 239, 241, 242 ,
245, 246, 248, 250, 252, 253, 255, 257, 259, 262 ,
264, 265, 267, 269, 271, 273, 275, 277, 279, 281 ,
282, 283, 286, 288, 290, 291, 293, 294, 297, 299 ,
]

f_ideal = [
-0.6054424764027038, -1.6381383776465843, -2.0722114061602817, -2.4549604304082835 ,
]
Current Mountain Time: 2025-03-04 23:35:21.946105-07:00
91.92user 7.90system 0:24.30elapsed 410%CPU (0avgtext+0avgdata 848816maxresident)k
0inputs+8outputs (0major+1231859minor)pagefaults 0swaps
