Xgate_noise.py
Current Mountain Time: 2025-03-04 23:48:28.371624-07:00
truc =  300
num_cpus =  4 ;   n_job =  5
params =
[20.000087, 0.249753, 0.216297, 0.43883, 0.490612] ,
[30.002512, 0.222626, 0.201971, 0.389445, 0.425332] ,
[40.006173, 0.223179, 0.160035, 0.358809, 0.386917] ,
[50.000191, 0.215248, 0.148153, 0.354356, 0.376483] ,
[60.000967, 0.213711, 0.14419, 0.358967, 0.378127] ,
[70.001044, 0.209788, 0.131851, 0.353189, 0.36997] ,
[80.007155, 0.210573, 0.122946, 0.355789, 0.37113] ,
[90.009744, 0.219753, 0.113433, 0.351332, 0.376525] ,
[100.001683, 0.212233, 0.113924, 0.340021, 0.36258] ,
[110.009928, 0.211658, 0.106989, 0.341806, 0.362874] ,
[120.004766, 0.209273, 0.104767, 0.341188, 0.360503] ,
[130.002315, 0.201238, 0.098495, 0.3428, 0.353056] ,
[140.008725, 0.211735, 0.099358, 0.338134, 0.362321] ,
[150.002399, 0.205268, 0.094552, 0.339607, 0.355509] ,
[160.000656, 0.209132, 0.090941, 0.337889, 0.359183] ,
[170.00663, 0.212306, 0.087921, 0.33633, 0.362475] ,
[180.006237, 0.21108, 0.084566, 0.335734, 0.36059] ,
[190.009275, 0.209698, 0.083495, 0.335382, 0.359146] ,
[200.005395, 0.208582, 0.081626, 0.335171, 0.357777] ,

hspace_select_index (len=100) = [
0, 9, 2, 33, 10, 19, 37, 25, 31, 23 ,
69, 16, 18, 40, 46, 15, 11, 28, 57, 47 ,
42, 20, 55, 62, 64, 70, 39, 53, 49, 66 ,
35, 51, 73, 24, 56, 86, 83, 77, 76, 43 ,
60, 95, 91, 100, 101, 92, 98, 79, 85, 118 ,
3, 81, 108, 106, 116, 67, 154, 130, 104, 112 ,
88, 121, 96, 133, 110, 123, 113, 146, 158, 143 ,
128, 170, 102, 139, 153, 132, 120, 136, 186, 166 ,
162, 206, 176, 151, 145, 194, 209, 141, 192, 148 ,
126, 232, 196, 220, 253, 159, 164, 173, 137, 156 ,
]

f_ideal = [
-0.5395152562149303, -0.6632203843742518, -0.8229596445355575, -1.0286156684369478 ,
-1.3261072211923801, -1.52872331311037, -1.5254203224368683, -1.5360119222101507 ,
-1.9862866931564993, -1.9965349065281908, -2.056583047897886, -2.17339060469472 ,
-2.262606432177903, -2.467828086866508, -2.490045349366257, -2.459333280016676 ,
-2.721132530454497, -2.730880578904558, -2.807634885436477 ,
]
Current Mountain Time: 2025-03-04 23:49:03.424776-07:00
256.19user 26.15system 0:38.04elapsed 742%CPU (0avgtext+0avgdata 848560maxresident)k
0inputs+16outputs (14major+3442078minor)pagefaults 0swaps
