Xgate_noise.py
Current Mountain Time: 2025-03-04 23:23:19.762744-07:00
truc =  1000
num_cpus =  4 ;   n_job =  5
params =
[20.000087, 0.249753, 0.216297, 0.43883, 0.490612] ,
[30.002512, 0.222626, 0.201971, 0.389445, 0.425332] ,
[40.006173, 0.223179, 0.160035, 0.358809, 0.386917] ,
[50.000191, 0.215248, 0.148153, 0.354356, 0.376483] ,
[60.000967, 0.213711, 0.14419, 0.358967, 0.378127] ,
[70.001044, 0.209788, 0.131851, 0.353189, 0.36997] ,
[80.007155, 0.210573, 0.122946, 0.355789, 0.37113] ,
[90.009744, 0.219753, 0.113433, 0.351332, 0.376525] ,
[100.001683, 0.212233, 0.113924, 0.340021, 0.36258] ,
[110.009928, 0.211658, 0.106989, 0.341806, 0.362874] ,
[120.004766, 0.209273, 0.104767, 0.341188, 0.360503] ,
[130.002315, 0.201238, 0.098495, 0.3428, 0.353056] ,
[140.008725, 0.211735, 0.099358, 0.338134, 0.362321] ,
[150.002399, 0.205268, 0.094552, 0.339607, 0.355509] ,
[160.000656, 0.209132, 0.090941, 0.337889, 0.359183] ,
[170.00663, 0.212306, 0.087921, 0.33633, 0.362475] ,
[180.006237, 0.21108, 0.084566, 0.335734, 0.36059] ,
[190.009275, 0.209698, 0.083495, 0.335382, 0.359146] ,
[200.005395, 0.208582, 0.081626, 0.335171, 0.357777] ,

hspace_select_index (len=70) = [
0, 2, 9, 33, 10, 19, 25, 37, 31, 23 ,
16, 69, 18, 40, 46, 11, 15, 28, 57, 47 ,
42, 20, 62, 64, 55, 70, 53, 39, 49, 35 ,
51, 73, 56, 83, 24, 77, 76, 86, 66, 43 ,
60, 95, 92, 98, 79, 91, 101, 100, 85, 106 ,
3, 81, 108, 67, 116, 154, 112, 130, 88, 104 ,
121, 133, 96, 110, 113, 158, 146, 143, 123, 132 ,
]

f_ideal = [
-0.5766486851411565, -0.5834070487120887, -0.96091571160584, -1.2264790705142403 ,
-1.301624431089364, -1.5753777669062592, -1.4674855426000768, -1.4430303673326017 ,
-2.175550163132439, -2.0640454013049423, -2.117625762023804, -2.290636350340953 ,
-2.2335154341459784, -2.4476959588692155, -2.4453862078274167, -2.4545139271908214 ,
-2.5877571822657575, -2.6654566750154975, -2.737259465708176 ,
]
Current Mountain Time: 2025-03-04 23:23:42.668625-07:00
159.22user 25.83system 0:25.48elapsed 726%CPU (0avgtext+0avgdata 849976maxresident)k
0inputs+8outputs (253major+3316089minor)pagefaults 0swaps
