tg,fidelity,fidelity_qt,detuning,drive_amp
40.0,-0.81624313,-0.90708451,-0.13489599,0.04179519
41.0,-0.84572947,-0.9402536,-0.15080821,0.0471267
42.0,-0.89257297,-0.98661606,-0.14837965,0.04592909
43.0,-0.93335881,-1.02629027,-0.14568941,0.04481522
44.0,-0.96828567,-1.05802086,-0.14210531,0.04381966
45.0,-1.00340725,-1.08290402,-0.13620055,0.0429696
46.0,-1.05859057,-1.12074818,-0.12818707,0.0422071
47.0,-1.12786647,-1.18794435,-0.12452688,0.04127016
48.0,-1.19868667,-1.25989732,-0.12181585,0.04033307
49.0,-1.26423369,-1.32897404,-0.11989054,0.0394135
50.0,-1.31895017,-1.38684591,-0.11783907,0.03851349
51.0,-1.35787346,-1.42935523,-0.1161118,0.0376486
52.0,-1.37904798,-1.45387441,-0.11447152,0.03680638
53.0,-1.43028496,-1.5001449,-0.12972689,0.04130851
54.0,-1.54877228,-1.62519258,-0.1274025,0.04048934
55.0,-1.66207715,-1.74607996,-0.12535672,0.03968233
56.0,-1.75946055,-1.84931348,-0.12313573,0.03890629
57.0,-1.83008544,-1.9236214,-0.12081737,0.03815091
58.0,-1.87128666,-1.96565962,-0.11792225,0.03741935
59.0,-1.89596204,-1.9889445,-0.11422811,0.0366937
60.0,-1.9239835,-2.01373108,-0.1099518,0.03596692
61.0,-1.96039734,-2.05059973,-0.10693764,0.03523876
62.0,-1.99463569,-2.08592233,-0.10426759,0.03452306
63.0,-2.0172808,-2.1094604,-0.10192249,0.03382364
64.0,-2.02348833,-2.11675684,-0.0999998,0.03313089
65.0,-2.08075279,-2.17091114,-0.10980776,0.03723989
66.0,-2.12366633,-2.20619014,-0.10584115,0.0365202
67.0,-2.16227602,-2.24702106,-0.09970084,0.03572998
68.0,-2.22088845,-2.30716332,-0.09484548,0.03491998
69.0,-2.2726414,-2.35538189,-0.09188272,0.03416363
70.0,-2.30382225,-2.38335,-0.08929142,0.03340983
71.0,-2.31870352,-2.39617793,-0.08700253,0.03267215
72.0,-2.32853766,-2.40378253,-0.08518001,0.03195758
73.0,-2.33144343,-2.41850634,-0.07298485,0.03463966
74.0,-2.42894572,-2.51913991,-0.07114992,0.03386403
75.0,-2.48951079,-2.58358822,-0.06963586,0.03309375
76.0,-2.50038929,-2.59656389,-0.06820161,0.03232108
77.0,-2.46938892,-2.56596727,-0.06725518,0.03158416
78.0,-2.4627863,-2.5561807,-0.07727771,0.02796069
79.0,-2.53835469,-2.6191333,-0.06066201,0.03323281
80.0,-2.77269572,-2.85114121,-0.0592095,0.03243396
81.0,-2.99918618,-3.07844627,-0.05795607,0.03168857
82.0,-3.1628519,-3.24440937,-0.05672654,0.0309645
83.0,-3.21739044,-3.30316537,-0.05555888,0.0302631
84.0,-3.17668013,-3.26608579,-0.0544596,0.02960181
85.0,-3.08198791,-3.17177812,-0.05339097,0.02894183
86.0,-2.96412572,-3.05731761,-0.05262472,0.02830816
87.0,-2.8446426,-2.93862766,-0.05193412,0.027672
88.0,-2.87563305,-2.96970408,-0.04928258,0.02983801
89.0,-3.07532668,-3.17243831,-0.04847117,0.02918339
90.0,-3.28742709,-3.38933446,-0.04780261,0.02850925
91.0,-3.46149784,-3.56737358,-0.04714314,0.02785482
92.0,-3.52604141,-3.6348505,-0.04664812,0.0272178
93.0,-3.47145864,-3.57892677,-0.04615094,0.02660035
94.0,-3.36488322,-3.47033501,-0.04575399,0.0260418
95.0,-3.25326309,-3.35583697,-0.04534445,0.02550552
96.0,-3.17013305,-3.27095058,-0.04204181,0.02832025
97.0,-3.34136263,-3.40886191,-0.04977837,0.03954483
98.0,-3.26174965,-3.36423854,-0.0483889,0.03871751
99.0,-3.08709165,-3.18494786,-0.04105797,0.02632757
100.0,-3.10872399,-3.20497436,-0.0409979,0.02551476
101.0,-3.15843039,-3.25531663,-0.04096664,0.02483321
102.0,-3.21736761,-3.31768704,-0.0408518,0.02427011
103.0,-3.34097187,-3.41462635,-0.03983146,0.03408608
104.0,-3.33643771,-3.41646289,-0.0388998,0.03360252
105.0,-3.27431847,-3.37938096,-0.04075665,0.02287968
106.0,-3.25531663,-3.36138273,-0.03642372,0.02520048
107.0,-3.18982053,-3.29120016,-0.04071144,0.02217831
108.0,-3.24352625,-3.33906779,-0.06285088,0.02038713
109.0,-3.29820247,-3.39098143,-0.06324997,0.02022669
110.0,-3.29936278,-3.3883004,-0.06364653,0.02006716
111.0,-3.23405857,-3.33757252,-0.03749159,0.02220556
112.0,-3.96625603,-4.04182622,-0.03302637,0.03087338
113.0,-3.47522706,-3.58692997,-0.03750831,0.02151229
114.0,-3.55667714,-3.66836126,-0.03748165,0.02121789
115.0,-3.55794917,-3.66352836,-0.03747347,0.02093559
116.0,-3.48581444,-3.58522967,-0.03741913,0.02069472
117.0,-3.38804755,-3.47989357,-0.03728154,0.02047418
118.0,-3.4081958,-3.49972405,-0.05742208,0.01898992
119.0,-3.51405277,-3.63029712,-0.03407056,0.02120774
120.0,-3.656008,-3.77688879,-0.03441918,0.02076661
121.0,-3.38197482,-3.47142582,-0.05958472,0.01862844
122.0,-3.86166682,-3.96556959,-0.03461882,0.02016889
123.0,-3.82562281,-3.90997827,-0.03455495,0.01995167
124.0,-3.55468015,-3.64417637,-0.07668497,0.01853419
125.0,-3.62390969,-3.71662244,-0.06460852,0.01826959
126.0,-3.68345973,-3.78180726,-0.03140275,0.02043437
127.0,-3.85207487,-3.93801404,-0.03148986,0.02016011
128.0,-4.0020057,-4.05923737,-0.03160199,0.01988816
129.0,-4.02620459,-4.04725805,-0.0317322,0.01961923
130.0,-3.87927291,-3.89264199,-0.0318198,0.01937743
131.0,-3.84039825,-3.92421434,-0.08223161,0.01785913
132.0,-3.84062275,-3.92405315,-0.08287231,0.01776208
133.0,-3.77478451,-3.85391923,-0.08351865,0.01765792
134.0,-3.7654017,-3.85198468,-0.07163252,0.01748789
135.0,-3.7235239,-3.80997746,-0.07229234,0.0174031
136.0,-4.70101245,-4.76659171,0.01072869,0.01027827
137.0,-3.81316485,-3.90477552,-0.08620068,0.0172882
138.0,-3.84763118,-3.93338577,-0.08671455,0.01718554
139.0,-4.02506284,-4.11077333,-0.07557775,0.01709366
140.0,-4.17522312,-4.24861526,-0.076176,0.01700884
141.0,-4.17035257,-4.23937549,-0.07677847,0.01692557
142.0,-4.07980158,-4.15456265,-0.07750196,0.01684564
143.0,-4.04678335,-4.1282781,-0.07826259,0.0167691
144.0,-4.1266732,-4.2136726,-0.07902074,0.01669434
145.0,-4.31516878,-4.39650818,-0.0796891,0.01661394
146.0,-4.54129005,-4.61152998,-0.08031048,0.01653322
147.0,-4.57957796,-4.64177474,-0.08084622,0.01645143
148.0,-4.38925544,-4.45629192,-0.0813998,0.01636813
149.0,-4.34124359,-4.40712613,-0.09203246,0.01612883
150.0,-4.4824601,-4.55654732,-0.09248306,0.01603805
151.0,-4.72875728,-4.79439736,-0.09290126,0.015944
152.0,-4.9369254,-4.98919321,-0.09328667,0.01585009
153.0,-4.75080857,-4.81724865,-0.09365852,0.01575578
154.0,-4.44020887,-4.51685715,-0.09401596,0.01566063
155.0,-4.46992813,-4.54420055,-0.07527148,0.01585081
156.0,-4.53345489,-4.58182137,-0.07582394,0.01577771
157.0,-4.42980302,-4.48891121,-0.07639516,0.01570905
158.0,-4.32861963,-4.40288483,-0.07703145,0.01564256
159.0,-4.32297344,-4.40248244,-0.07767197,0.01557529
160.0,-4.45320218,-4.50990195,-0.03546228,0.01548912
161.0,-4.51385451,-4.58480589,-0.07880101,0.01543782
162.0,-4.60174332,-4.6709304,-0.0442919,0.01507119
163.0,-4.82941322,-4.84288577,-0.04423289,0.01500356
164.0,-4.37230222,-4.42253926,-0.04412284,0.0149369
165.0,-4.11804655,-4.20329519,-0.07183105,0.01517671
166.0,-4.1392932,-4.22325062,-0.07237963,0.01511674
167.0,-4.18928448,-4.27724907,-0.06443345,0.01499397
168.0,-4.37817473,-4.4601287,-0.06497353,0.01494088
169.0,-4.46921264,-4.53963076,-0.0654549,0.01488659
170.0,-4.63969834,-4.69478764,-0.04203135,0.01459182
171.0,-4.738191,-4.73550742,-0.04187554,0.01452926
172.0,-4.39956768,-4.44320124,-0.04176704,0.01447076
173.0,-4.23699363,-4.317056,-0.07606793,0.01469875
174.0,-4.20902233,-4.29432236,-0.0766111,0.01463938
175.0,-4.20101701,-4.28946088,-0.07711263,0.01458
176.0,-4.24686447,-4.33405505,-0.06167765,0.01445689
177.0,-4.51165829,-4.58763496,-0.05449288,0.01430117
178.0,-5.05524662,-5.03653623,-0.04736365,0.01415462
179.0,-4.82429303,-4.81372726,-0.04733135,0.01409958
180.0,-4.32949912,-4.38900653,-0.04724943,0.0140476
181.0,-4.05718019,-4.12605591,-0.0469928,0.01399177
182.0,-4.14259612,-4.23307689,-0.06511929,0.01418534
183.0,-4.30731819,-4.38580889,-0.06558483,0.01413639
184.0,-4.42871367,-4.50736131,-0.05889779,0.01401448
185.0,-4.54142295,-4.59848389,-0.05209434,0.01386585
186.0,-4.63921252,-4.68385397,-0.0520672,0.0138172
187.0,-4.51368872,-4.55211741,-0.04505522,0.01368674
188.0,-4.26852691,-4.32090122,-0.04499163,0.01363655
189.0,-4.08176002,-4.16804017,-0.06876203,0.01386112
190.0,-4.13405614,-4.21993004,-0.06919439,0.01381415
191.0,-4.22291085,-4.30529167,-0.0626214,0.01372772
192.0,-4.41433082,-4.48947091,-0.05619229,0.01360428
193.0,-4.61129586,-4.66434005,-0.05626856,0.01355963
194.0,-4.6225129,-4.65131728,-0.04979123,0.01342088
195.0,-4.38434003,-4.43772684,-0.04975692,0.01337611
196.0,-4.16194853,-4.22572208,-0.0495381,0.01332843
197.0,-4.07094921,-4.15838079,-0.06567421,0.01348288
198.0,-4.1842101,-4.26798108,-0.06605091,0.01344033
199.0,-4.31402619,-4.39035118,-0.06006142,0.01334941
200.0,-4.39312433,-4.46197193,-0.06017003,0.01330778
