tg,fidelity,fidelity_qt,detuning,drive_amp,d_eta
40.0,-1.00097199,-1.08402919,-0.05642664,0.04111006,-0.26256637
42.0,-1.08645348,-1.16391545,-0.04537833,0.03797167,-0.26482257
44.0,-1.11219327,-1.18698909,-0.0361896,0.03517733,-0.26781707
46.0,-1.23018872,-1.31281146,-0.05742458,0.03987174,-0.24193229
48.0,-1.25530517,-1.31661614,-0.11662289,0.0397902,0.24434999
50.0,-1.36654262,-1.45423418,-0.067961,0.04126054,-0.22846377
52.0,-1.53287505,-1.61659574,-0.05819396,0.03877887,-0.22821848
54.0,-1.39215451,-1.48417015,-0.03637373,0.02233995,-0.20002186
56.0,-1.94185339,-2.02660101,-0.10756463,0.03777108,0.21936702
58.0,-2.05089082,-2.12844913,-0.09854999,0.0360314,0.21743345
60.0,-2.13987721,-2.21852107,-0.09253646,0.03439275,0.21820689
62.0,-2.1365644,-2.21823522,-0.08850791,0.03286691,0.22053609
64.0,-2.22670011,-2.28329997,-0.10626203,0.03412353,0.30759385
66.0,-2.34084493,-2.43373886,-0.07550072,0.03311173,0.18692664
68.0,-2.59569107,-2.69305877,-0.06982284,0.031316,0.19147294
70.0,-2.79291156,-2.8897486,-0.06709613,0.02987995,0.19778362
72.0,-3.07884476,-3.17311853,-0.08529499,0.03249916,0.29408931
74.0,-3.15037955,-3.24535702,-0.08237952,0.03118202,0.29672632
76.0,-3.03011737,-3.11957588,-0.07973786,0.02985509,0.29747568
78.0,-3.10619796,-3.19380977,-0.06771445,0.03128147,0.28688309
80.0,-3.22670646,-3.31866407,-0.0664204,0.02996353,0.29105491
82.0,-3.20066866,-3.29049517,-0.06525659,0.02870019,0.29397061
84.0,-3.25243367,-3.33362958,-0.0551443,0.02967146,0.27458005
86.0,-3.36794931,-3.45292953,-0.08926074,0.02793612,0.39773462
88.0,-3.37242535,-3.45341689,-0.05449453,0.02748676,0.28842487
90.0,-3.50187796,-3.56385284,-0.04296367,0.02714746,0.23433735
92.0,-3.76395535,-3.85917801,-0.04720897,0.02748474,0.2773481
94.0,-3.80262322,-3.88652914,-0.04661099,0.02637826,0.28042305
96.0,-3.51022017,-3.59984804,-0.07511399,0.0256006,0.40149544
98.0,-3.70008591,-3.792962,-0.07918603,0.02652221,0.4596287
100.0,-3.96112168,-4.02238442,-0.03654033,0.02373336,0.2254644
102.0,-3.82474494,-3.92638715,-0.0409175,0.02469682,0.2795894
104.0,-3.67293692,-3.77089712,-0.0409454,0.0236703,0.27922181
106.0,-3.37508449,-3.46927613,-0.06930561,0.02514584,0.46156669
108.0,-3.61252263,-3.70605246,-0.08065863,0.02371204,0.49993299
110.0,-3.46586418,-3.56258207,-0.06491035,0.01974136,0.22806929
112.0,-3.68494056,-3.78979175,-0.03705691,0.02220715,0.2761334
114.0,-3.70708004,-3.80243509,-0.03724978,0.02142426,0.27422552
116.0,-4.03606169,-4.1282968,-0.0782395,0.01961566,0.15286032
118.0,-3.99800233,-4.08866231,-0.03508728,0.01803829,0.18002155
120.0,-3.97151064,-4.07285262,-0.04858793,0.01776866,0.18434104
122.0,-4.35622953,-4.41874494,-0.04949397,0.01758583,0.18299149
124.0,-4.11134379,-4.2080641,-0.06925589,0.0184086,0.16229616
126.0,-4.65717479,-4.70532351,-0.07040548,0.01824221,0.17593496
128.0,-4.17197779,-4.24429747,-0.07180797,0.01810336,0.1839868
130.0,-4.15523285,-4.25459477,-0.0774118,0.01833024,0.15481768
132.0,-5.00842357,-5.05155784,-0.07866907,0.01816139,0.16139003
134.0,-4.37861287,-4.45280387,-0.08096134,0.01809591,0.15817445
136.0,-4.21469103,-4.29143743,-0.06482016,0.01715359,0.19397497
138.0,-4.44580418,-4.5061243,-0.04269483,0.01595122,0.1729365
140.0,-4.32373754,-4.41087759,-0.06893879,0.01700783,0.19847014
142.0,-4.57753594,-4.64401121,-0.061674,0.0167154,0.15025676
144.0,-4.28921727,-4.34206081,-0.03441397,0.01813098,0.31114821
146.0,-4.11610442,-4.19623007,-0.04372364,0.01902856,0.41413969
148.0,-4.46291943,-4.51318303,-0.03783131,0.01846308,0.36303854
150.0,-4.65726129,-4.71961667,-0.04361133,0.01543172,0.21635114
152.0,-4.97425931,-5.02341906,-0.0937819,0.0158769,0.26247994
154.0,-4.28659065,-4.36312072,-0.07439788,0.01590528,0.27485888
156.0,-4.53889295,-4.5855798,-0.07565005,0.01576931,0.27266382
158.0,-4.33586597,-4.40618473,-0.07661982,0.01562228,0.27641725
160.0,-4.65133653,-4.709611,-0.08493405,0.01527706,0.31073746
162.0,-4.88497861,-4.90696859,-0.08587418,0.01511679,0.30844473
164.0,-4.76771771,-4.79786257,-0.04541098,0.01477583,0.24578235
166.0,-4.75434325,-4.79310037,-0.04000868,0.01425763,0.19516321
168.0,-4.57378134,-4.64808731,-0.0630078,0.01496741,0.32215965
170.0,-4.68487814,-4.73035336,-0.04903945,0.01468658,0.28495664
172.0,-4.50354579,-4.57939412,-0.07963619,0.01449226,0.35559994
174.0,-4.52547982,-4.5760804,-0.08625584,0.01404429,0.39455494
176.0,-4.8697432,-4.89310778,-0.09758383,0.01297619,0.46992763
178.0,-4.94243235,-4.94737576,-0.05406162,0.01427267,0.28357542
180.0,-4.74100143,-4.77076754,-0.04200547,0.01375501,0.22454017
182.0,-4.97626287,-4.98030675,-0.06148739,0.0143102,0.37993632
184.0,-4.83536181,-4.86391479,-0.05681447,0.01408234,0.32449
186.0,-4.65447594,-4.70060206,-0.05164507,0.01383548,0.27908435
188.0,-4.65642369,-4.71640012,-0.08185042,0.01334805,0.45890302
190.0,-4.95826599,-4.91620192,-0.05851236,0.01393703,0.38061378
192.0,-4.97192033,-4.94102821,-0.05422185,0.01368714,0.32304445
194.0,-4.63459264,-4.67331508,-0.05005737,0.01341147,0.26304397
196.0,-5.28421176,-5.17719331,-0.06627768,0.01359775,0.44446192
198.0,-4.94368677,-4.91675786,-0.06820188,0.01333883,0.39581402
200.0,-4.54904197,-4.59900143,-0.0585154,0.01329689,0.31540576
