tg,drive_amp,detune,f_80_200,f_80_400
20.04086,0.020382,0.010145,-0.29230088,-0.29230276
21.061542,0.018972,0.010127,-0.29748281,-0.2974868
22.045118,0.018391,0.010238,-0.30260534,-0.3026102
23.096864,0.04495,0.018141,-0.39800115,-0.38425016
24.095409,0.044896,0.02054,-0.43935071,-0.42777746
25.086178,0.044988,0.023088,-0.49890155,-0.49242305
26.098106,0.044966,0.024699,-0.57215871,-0.57320055
27.099366,0.044974,0.025848,-0.64797582,-0.66167906
28.083072,0.044797,0.026937,-0.71246057,-0.74159389
29.093358,0.044196,0.02751,-0.76368311,-0.79779063
30.050055,0.042896,0.028728,-0.80313672,-0.82667306
31.092363,0.04181,0.029066,-0.83426333,-0.84702597
32.037041,0.040619,0.029897,-0.85432006,-0.85654204
33.091038,0.03947,0.03033,-0.86877852,-0.86253689
34.083258,0.038499,0.03096,-0.8755475,-0.86487979
35.065595,0.037388,0.031446,-0.87778992,-0.86392604
36.031132,0.036025,0.030871,-0.87887584,-0.86433254
36.929648,0.034935,0.030847,-0.87952603,-0.86683021
38.040493,0.033867,0.030922,-0.88074454,-0.87047384
39.027167,0.032508,0.030337,-0.8834908,-0.87708457
40.028463,0.031573,0.030516,-0.88574369,-0.881126
41.08563,0.030338,0.029939,-0.88883333,-0.88666536
42.019843,0.029298,0.029281,-0.89092,-0.89022917
43.067774,0.028525,0.029387,-0.89291899,-0.89260963
44.027144,0.027548,0.028865,-0.89449123,-0.89463665
45.046907,0.026781,0.028811,-0.89519804,-0.89534523
46.035207,0.025857,0.02809,-0.89517259,-0.89541269
47.036468,0.025132,0.027686,-0.89446667,-0.89472698
48.014316,0.02453,0.027741,-0.89355391,-0.89376508
49.084018,0.023794,0.027558,-0.89147877,-0.89163409
50.068813,0.023237,0.027131,-0.88889845,-0.88891454
50.934509,0.022718,0.026834,-0.88604945,-0.88609143
52.095302,0.037344,0.026121,-0.92531833,-0.90033676
53.081824,0.036353,0.026541,-0.96004327,-0.94006439
54.087263,0.035636,0.026511,-0.9976826,-0.98144662
55.033137,0.034889,0.026668,-1.03111657,-1.01942032
56.085257,0.034177,0.026727,-1.06905157,-1.06147509
57.033335,0.033441,0.026692,-1.10297674,-1.09996213
58.039369,0.032705,0.026604,-1.13971569,-1.14069224
59.078408,0.032004,0.026694,-1.17903683,-1.18285606
60.099753,0.031284,0.026689,-1.21898333,-1.22523293
61.047357,0.030595,0.026495,-1.25676641,-1.26428655
62.044966,0.030106,0.026755,-1.29814113,-1.30574306
63.008615,0.029532,0.026946,-1.33736002,-1.34526553
64.021621,0.028667,0.026551,-1.38262605,-1.39069742
65.04302,0.028058,0.026858,-1.42567682,-1.43333441
66.022109,0.027563,0.026705,-1.47216995,-1.4795966
67.027695,0.026986,0.026572,-1.51944665,-1.52627866
68.030227,0.0264,0.026588,-1.5687425,-1.57495351
69.029107,0.025841,0.026608,-1.61949692,-1.62504167
70.049033,0.025335,0.026644,-1.6732959,-1.67833553
71.044385,0.024842,0.026691,-1.72636028,-1.73156413
72.046846,0.024364,0.026565,-1.78398436,-1.78911421
73.044702,0.023822,0.0265,-1.84367776,-1.84792643
74.046742,0.023287,0.026334,-1.90612361,-1.90945912
75.004434, 0.022872, 0.026373,-1.9696551,-1.9721324
76.054156,0.022434,0.026211,-2.04332154,-2.04604766
77.096412,0.021936,0.026209,-2.12552117,-2.12778756
78.09539,0.021561,0.026137,-2.21084742,-2.21205499
79.090017,0.021146,0.02611,-2.30289575,-2.30417978
80.066409,0.020755,0.026077,-2.39832744,-2.39865863
81.087884,0.020315,0.025914,-2.50524376,-2.50528678
82.096781,0.019967,0.025793,-2.61299905,-2.61259402
83.062961,0.019629,0.02581,-2.7286584,-2.72698963
84.083803,0.019258,0.025771,-2.85015399,-2.84937246
85.030813,0.018978,0.025727,-2.95282466,-2.95284434
86.096915,0.0186,0.025627,-3.04035667,-3.03943115
87.015579,0.018312,0.025554,-3.06097269,-3.06077762
87.909058,0.018062,0.025458,-3.02841678,-3.02899329
88.91043,0.017742,0.025358,-2.94365806,-2.94571645
89.908419,0.01747,0.025175,-2.83499661,-2.83681869
90.939939,0.017242,0.025148,-2.72346433,-2.72474632
91.94988,0.016916,0.025071,-2.62178592,-2.62446866
93.002217,0.016678,0.024952,-2.52842696,-2.5308909
93.902338,0.016426,0.024712,-2.45348928,-2.45488996
94.938499,0.016262,0.024667,-2.37926999,-2.38055357
95.91528,0.016025,0.024463,-2.31700684,-2.31810654
96.931853,0.015798,0.024168,-2.26249022,-2.26352952
97.929516,0.015551,0.023813,-2.21946355,-2.22071334
99.046538,0.015368,0.023491,-2.18749337,-2.1886148
99.910128,0.015221,0.023232,-2.17289233,-2.1737594
100.962476,0.015001,0.022815,-2.16844234,-2.16852977
102.056984,0.014838,0.022471,-2.17819146,-2.17802265
103.081756,0.014647,0.021971,-2.1990943,-2.19832801
104.0629,0.014504,0.021787,-2.23025025,-2.2293419
105.049856,0.014364,0.021594,-2.26943711,-2.26776105
106.066168,0.014248,0.021321,-2.31587636,-2.31376771
107.064199,0.014043,0.021214,-2.37300218,-2.37068684
108.089868,0.01393,0.020902,-2.432391,-2.4299435
109.089025,0.013769,0.020875,-2.50779526,-2.50417224
110.007451,0.013628,0.020692,-2.57615829,-2.57301872
111.025833,0.013512,0.020689,-2.65781001,-2.653999
112.095834,0.013342,0.020549,-2.74956513,-2.7467112
113.076351,0.013228,0.020472,-2.82998202,-2.82612217
114.090124,0.013063,0.020303,-2.92111687,-2.91883407
115.052601,0.012913,0.020109,-2.9983093,-2.99449346
116.082672,0.012811,0.020111,-3.07964836,-3.07722373
117.030491,0.012688,0.019947,-3.13362483,-3.13018928
118.089421,0.012554,0.019843,-3.16937327,-3.16823027
118.95485,0.012453,0.01979,-3.17841385,-3.17778642
119.921644,0.012343,0.019647,-3.16718468,-3.16689215
121.007779,0.012199,0.019545,-3.14189186,-3.14303059
121.918164,0.012092,0.019372,-3.11444516,-3.1152224
122.961579,0.011983,0.019272,-3.08453355,-3.0853668
123.935493,0.011861,0.019084,-3.05772118,-3.0583339
124.958919,0.011768,0.018976,-3.03567871,-3.03558942
125.90857,0.011659,0.018825,-3.02029459,-3.01957089
127.009247,0.011535,0.01868,-3.00954608,-3.00901138
127.983086,0.011416,0.018489,-3.00681737,-3.00521995
129.07161,0.011328,0.01838,-3.01742313,-3.01558297
130.085814,0.011217,0.018243,-3.03658376,-3.03483115
130.987409,0.011129,0.01812,-3.05971205,-3.0575674
132.073895,0.011021,0.017919,-3.09114328,-3.0878389
133.043996,0.010912,0.017816,-3.12423846,-3.12124708
134.045327,0.010845,0.017713,-3.16451833,-3.16084528
134.951928,0.010752,0.017603,-3.20086878,-3.19726278
136.083149,0.010661,0.017524,-3.24313265,-3.23997967
137.086579,0.01057,0.017383,-3.28356017,-3.27988651
138.083554,0.010479,0.017253,-3.32065168,-3.31599478
138.966669,0.010399,0.017181,-3.34688724,-3.34256457
140.01874,0.010322,0.017078,-3.37187967,-3.36673669
141.04181,0.010227,0.016935,-3.38321838,-3.37797625
142.011209,0.010154,0.016861,-3.38346463,-3.37916822
142.966892,0.010081,0.016738,-3.38178994,-3.37695361
144.036679,0.010001,0.016617,-3.37631243,-3.37104153
145.018103,0.009931,0.016541,-3.37094394,-3.36651827
146.026116,0.009837,0.016406,-3.37367852,-3.36918116
146.98614,0.009772,0.016303,-3.37198334,-3.36730263
148.008545,0.009697,0.01619,-3.37250456,-3.36727389
148.989487,0.009604,0.016063,-3.37246095,-3.36906595
150.047226,0.009538,0.015974,-3.3874553,-3.38193994
150.996676,0.00948,0.015894,-3.40179917,-3.39485413
151.989666,0.009403,0.015775,-3.4262334,-3.4188592
152.99957,0.009333,0.015682,-3.45780786,-3.45013326
154.040126,0.00927,0.015566,-3.49643739,-3.48593535
155.021505,0.009189,0.015455,-3.53340848,-3.52470726
156.010754,0.009132,0.015368,-3.57688803,-3.56769205
157.002288,0.009066,0.015277,-3.61781943,-3.60865882
158.041956,0.009003,0.015175,-3.66232628,-3.6505784
159.047629,0.008939,0.015104,-3.70866341,-3.6971518
160.032761,0.008881,0.015014,-3.75431645,-3.74452713
161.018786,0.008814,0.014909,-3.80028673,-3.79111707
162.040978,0.00875,0.014828,-3.83470607,-3.82768675
162.962765,0.008699,0.014731,-3.85968062,-3.85169264
164.008911,0.008636,0.014649,-3.87674635,-3.87205174
164.962848,0.008576,0.014555,-3.88342948,-3.8819224
165.979751,0.008521,0.014483,-3.89315506,-3.89275256
167.007842,0.008466,0.014397,-3.90570702,-3.90605559
168.04714,0.008404,0.014303,-3.92373539,-3.92711346
169.038815,0.008352,0.014224,-3.94107371,-3.94616142
170.026627,0.008296,0.01413,-3.95554408,-3.96219458
171.002465,0.008243,0.01405,-3.9683894,-3.97676365
171.994903,0.00819,0.01397,-3.98420521,-3.99429005
172.993537,0.00814,0.013908,-4.00805919,-4.0202345
173.998768,0.008086,0.013824,-4.04525687,-4.06040499
175.000433,0.008033,0.013741,-4.09095337,-4.10810304
175.997167,0.00798,0.013643,-4.13370765,-4.15431062
177.004051,0.007933,0.013582,-4.18421135,-4.20888443
177.995843,0.007883,0.013502,-4.22072924,-4.24900193
179.000104,0.007836,0.013431,-4.24764562,-4.27923543
179.998304,0.007785,0.013358,-4.26781491,-4.30105978
181.009723,0.007738,0.013283,-4.284337,-4.32016099
182.000542,0.007692,0.013224,-4.29827901,-4.33603992
183.003554,0.007645,0.013143,-4.31376188,-4.35199502
184.001514,0.007599,0.013075,-4.31210125,-4.34989857
185.002419,0.007555,0.013008,-4.29152036,-4.32661494
185.9973,0.007508,0.012934,-4.2601215,-4.29102685
187.007428,0.007467,0.012864,-4.22599239,-4.25468327
187.994814,0.007422,0.012795,-4.20409204,-4.22901014
188.995398,0.00738,0.012733,-4.18588403,-4.20819932
189.99448,0.007336,0.012671,-4.17052392,-4.18969715
191.00361,0.007296,0.012611,-4.15161177,-4.16963512
192.006705,0.007253,0.012553,-4.12910928,-4.14312687
192.994733,0.00721,0.012477,-4.11113701,-4.12302261
194.002917,0.007169,0.012408,-4.08655039,-4.09578483
194.99981,0.007132,0.012352,-4.06083287,-4.06930966
196.002503,0.007091,0.012286,-4.03980342,-4.04640114
197.00513,0.007048,0.012224,-4.01843871,-4.02247831
198.009321,0.007014,0.012163,-3.99774265,-4.00355027
199.000188,0.006974,0.012112,-3.97518237,-3.98017073
200.001076,0.006936,0.012052,-3.94603402,-3.95093419