,00,02,20,22,50,01,10,08,80,14,41,05,12,82,45,21,28,25,52,91
0,1.0,0.0,0.0,0.0,0.0,0.0,0.0,0.0,0.0,0.0,0.0,0.0,0.0,0.0,0.0,0.0,0.0,0.0,0.0,0.0
1,0.9999977774212853,8.86746632227366e-21,1.0180467396731565e-14,7.4332610702554035e-22,3.858909167326288e-10,1.9672413155081312e-07,1.4998313037639426e-06,1.1892479830074075e-12,2.0242849864323023e-07,2.79707385066269e-07,4.3432127236289984e-08,1.2587845226502386e-13,7.935742774447349e-15,1.615508177997992e-17,2.614831993093965e-17,6.804275863842042e-11,3.564674264520054e-17,1.0223721238031641e-19,3.8869255253916633e-19,1.6627641855264324e-15
2,0.9999712721296762,7.530996578917969e-19,1.686338373840373e-12,1.2434459411366484e-20,9.75601956637568e-10,1.932051105771645e-06,1.937891505969151e-05,8.257942015367005e-12,3.184624761733728e-06,3.95584608406637e-06,2.7524859447106e-07,3.299322362878469e-13,1.9847025577003248e-14,1.4974481568597196e-16,2.4971798802869996e-16,1.988048750360306e-10,3.721776521028883e-16,8.250966653769708e-19,3.730399847543526e-18,1.6514288604276798e-14
3,0.9999436622479589,2.0915022626462987e-17,1.679575778481832e-11,1.105472571946703e-19,4.135417691021621e-09,2.474903240605187e-06,2.290673116826009e-05,1.3827962438567927e-11,1.5467639789926752e-05,1.5167709642359836e-05,3.158229713306266e-07,1.149806957384735e-12,8.270952616278742e-14,1.8742066124216427e-16,2.706753459312985e-16,7.779342616017887e-10,4.809123909055328e-16,1.2211614295185187e-18,5.094588598303586e-18,1.9720010484367615e-14
4,0.999762398961504,7.278822142340104e-16,2.902643575537678e-10,5.859007185361964e-19,6.412602613757185e-09,1.4781462238726638e-05,0.00014360622723930862,1.9582803316896807e-11,4.538192202944927e-05,3.298742644674872e-05,8.362982694181835e-07,1.6900871782734385e-12,1.2872483077162055e-13,7.223362741545188e-16,2.0026173426487897e-15,9.779280030944669e-10,1.280606923510608e-15,2.872861887209949e-18,1.1183634680391153e-17,7.151097257232454e-14
5,0.9997465304217243,2.3388526834996004e-15,7.41528967551349e-10,1.1637551460704739e-18,1.132378532762717e-08,9.632183417856031e-06,9.243840399271356e-05,4.5196873173965926e-11,0.0001011785208137717,4.8890904536358366e-05,1.3156454128080632e-06,3.022692755333024e-12,2.29519276222682e-13,9.541222427865675e-16,5.9728483655583284e-15,1.806254242471662e-09,2.1516199559226155e-15,4.895011244800763e-18,1.899908883294482e-17,7.292667859075652e-14
6,0.9993825686253588,2.368990038744144e-14,5.1187121467621416e-09,4.764851208836992e-18,1.812434055963195e-08,3.5717750897968374e-05,0.0003409030499519207,6.035181111305886e-11,0.00018361227789661443,5.5591550082921484e-05,1.580289346968801e-06,4.8606898870451035e-12,3.7753162610055137e-13,3.4696072902049004e-16,2.7438169607469168e-14,3.1476876394212967e-09,1.8207439350098313e-15,5.214158376079639e-18,2.1703455386486507e-17,8.100718551637717e-14
7,0.9994597957190259,3.801996171314485e-14,8.433207869881026e-09,1.2603055443029756e-19,1.8603683743862667e-08,1.6076605634251283e-05,0.00016284891590573238,6.871121257709787e-11,0.0002953685729669494,6.288547815937384e-05,2.9945163885656935e-06,5.05289770603204e-12,3.8669806400146246e-13,3.1509958331509338e-15,1.2838971292603718e-14,3.0805806938018897e-09,5.451045743164045e-15,1.3466962585810177e-17,4.8791849373535215e-17,2.3683524687342456e-13
8,0.9991024736719691,1.6581238698915694e-13,3.409583022246993e-08,2.116607087312034e-18,3.403652339094534e-08,3.734306745414723e-05,0.00036339532628664053,1.2442799001878676e-10,0.0004156136119172165,7.796056788522514e-05,3.139540313463192e-06,1.0200932792272635e-11,7.142935701157664e-13,7.795076011674964e-16,1.0295589036395985e-14,5.946176823538757e-09,2.4783000523656e-15,7.459867774549077e-18,3.630901584544239e-17,1.2158388093460967e-13
9,0.9990995638428539,1.8347547986540894e-13,4.623615386557958e-08,6.273282336720102e-19,2.9568128594956212e-08,1.711128589828256e-05,0.00020417505111878123,1.3434157671979745e-10,0.0005489833075650045,0.0001252585847468222,4.826931983126197e-06,7.617122986837453e-12,5.986958930391401e-13,6.1064116648219646e-15,1.817483616545514e-14,5.048248967964524e-09,1.2871473075073404e-14,2.861772402448852e-17,9.891261307542812e-17,5.241576313513997e-13
10,0.9989581889203865,4.768080409272829e-13,1.3656400661668207e-07,8.479679921243425e-19,5.532926729800816e-08,2.12461920907868e-05,0.00017794970026331787,1.7372621271731155e-10,0.0006556158027119339,0.00018089487563075575,5.9027510181404385e-06,1.6998032056027e-11,1.13596279976209e-12,3.0843220769405197e-15,1.7645377847873477e-14,9.671977894207243e-09,4.536475016537061e-15,1.0181311205465792e-17,6.338401905640265e-17,2.843891239527398e-13
11,0.998194946358926,4.3104013549085526e-13,1.6264683428687213e-07,5.605678294579928e-18,5.597802609511943e-08,7.029302410988126e-05,0.0007284985400844741,2.2626094275522943e-10,0.0007566055513149245,0.00024232357109357325,7.105085628388434e-06,1.3132987765158796e-11,1.0821942778731031e-12,7.654801034612274e-15,1.2590124848521988e-14,9.002189760294716e-09,2.3128801772552073e-14,5.2179599322793595e-17,1.4816563545073727e-16,8.417944725082621e-13
12,0.9988589328797878,9.55547150891281e-13,3.809907163055623e-07,6.159798088839086e-19,8.097190719129113e-08,5.952448813545766e-06,3.197675561527597e-05,2.822427076778594e-10,0.0008216898836809351,0.0002717760055959319,9.196078474429798e-06,2.4105936263971032e-11,1.673007761890848e-12,1.044531264845784e-14,6.2464335964412364e-15,1.3675484581037319e-08,6.981699522767457e-15,1.6891381597396297e-17,1.0873899273213635e-16,9.233785579700906e-13
13,0.9961947427405431,7.887615444171951e-13,4.4126733429492935e-07,5.754394721812601e-18,1.0405738088795895e-07,0.00023653838906301545,0.002381121718135869,3.1125774502558553e-10,0.0008836940121850321,0.0002926678513731914,1.067171686857104e-05,2.355420824765716e-11,1.98436126718694e-12,5.775150120030296e-15,6.7326985399523924e-15,1.7908344057189442e-08,3.225583209599565e-14,8.745382883732867e-17,1.893246324735942e-16,1.1422296302907595e-12
14,0.9986677112818998,1.6912833654030364e-12,8.581358095029523e-07,3.80064369316165e-18,1.0951306780227849e-07,3.329765035361669e-06,2.7675643033241182e-05,4.1129192562611687e-10,0.0009580493291610754,0.00032960475639509803,1.2642353620393359e-05,3.146413552129309e-11,2.2672945651006105e-12,3.1083524024443324e-14,4.753230123395535e-14,1.8771898599539424e-08,1.5403951549910877e-14,3.4731710731891404e-17,1.656749938486863e-16,3.269437617547746e-12
15,0.993915078145275,1.4922423185346045e-12,1.096062356024168e-06,1.828607618908783e-17,1.6227284217054314e-07,0.00042766854924623695,0.004175874561231751,4.814721774154383e-10,0.001062030501794465,0.000402647380002412,1.541366604506859e-05,3.7297779875576844e-11,3.0567050236696175e-12,2.853920379241431e-15,4.781179506095872e-14,2.8335874848370243e-08,4.411369344220495e-14,1.2736259202835342e-16,2.3102462097150845e-16,1.9182930621011653e-12
16,0.9981263676466463,2.71345535914091e-12,1.8176948416812443e-06,4.166425097924318e-18,1.4743043877117727e-07,5.837259219761002e-06,6.801317176205819e-05,5.124462178544203e-10,0.0012511841737302596,0.0005290843127474812,1.7522125090510723e-05,4.09770830413458e-11,2.96081312772089e-12,6.754015933787503e-14,1.1713882434080869e-14,2.5616536642868772e-08,3.6306748935801455e-14,7.819552430267599e-17,2.4360755061993805e-16,9.773776369322722e-12
17,0.9933468956808339,3.2039759011422e-12,2.5891265410383638e-06,1.4757603711202482e-16,2.067043635375496e-07,0.00041310784292462345,0.004049665891947976,6.598303282854313e-10,0.0015182767850594344,0.0006484209581149676,2.0800819436570123e-05,4.9763435354489334e-11,3.985359331809998e-12,9.701216721955526e-15,1.013024894841994e-14,3.546890260857321e-08,5.807135540389918e-14,1.526422410461403e-16,2.960004185428187e-16,5.014038630040922e-12
18,0.9971129988719284,5.110706371811239e-12,3.6710165991987824e-06,2.2606947260846488e-17,2.0472152059899505e-07,1.9377264032650762e-05,0.00020386655254858293,7.222958033605556e-10,0.001889167715019506,0.0007460937024813184,2.458533548724825e-05,5.6200913247614217e-11,3.984574043496697e-12,1.2717884774034306e-13,7.030359217059177e-14,3.4005657636322285e-08,8.798078105076426e-14,2.0184480436549212e-16,3.3754971901391517e-16,2.684695817582895e-11
19,0.9944031444575807,7.542311975132808e-12,5.426767279781649e-06,1.0596305331576003e-16,2.1698151531835918e-07,0.00021513876828646009,0.002160615746737941,7.805171988846084e-10,0.0023779975463243137,0.000809990051220089,2.7432479147826875e-05,5.840500409467523e-11,4.621259183137135e-12,4.520612565882153e-14,1.1882129380019322e-13,3.63340841577591e-08,7.142362984575707e-14,1.6620284504936356e-16,3.7018700323702003e-16,1.6501661608421116e-11
20,0.9946168197381755,1.0165057743185908e-11,6.6363858197047865e-06,1.3604225844816353e-16,3.2516904969207953e-07,0.000154313492364979,0.0014409986488100413,9.697002287178428e-10,0.0028892743260364997,0.0008596197581099789,3.1954393551336206e-05,7.920705749169515e-11,5.6841988269389724e-12,2.4186978422907107e-13,3.198882828300959e-14,5.6955218105444345e-08,2.292926075131093e-13,5.838904063552273e-16,4.980722649340396e-16,6.760375612317689e-11
21,0.9943636505616863,1.5251076495567304e-11,1.004362439985819e-05,6.689794566747943e-17,2.545341624065928e-07,8.291862293669856e-05,0.0009707374523326231,1.0178690431914106e-09,0.003533735192582637,0.0010018885981048346,3.67281250683185e-05,6.865357335550931e-11,5.363172718674233e-12,1.7160375792143962e-13,1.828092363429713e-14,4.212893923500747e-08,1.0472614548074108e-13,2.2262158407781915e-16,3.8005820022048404e-16,5.235559968694473e-11
22,0.9886097036973147,1.5934820806097366e-11,1.0859434428626628e-05,4.4225117960547194e-17,6.316755915102168e-07,0.000578889875834365,0.005539170132061856,1.1887237137670529e-09,0.004070967040597509,0.0011510785534651628,3.8582552681324586e-05,1.0483951934863517e-10,8.840382915458708e-12,4.931627624095181e-13,8.757626767083738e-14,1.1556107464265462e-07,5.529249853121571e-13,1.5772560362028423e-15,9.438667813534387e-16,1.5747585064244857e-10
23,0.992297664904241,2.6018182854738175e-11,1.7475427198504908e-05,1.544733577908094e-16,3.5938940431606717e-07,0.00012528943269463067,0.0013740560424082065,1.3103589081263026e-09,0.004723284342037545,0.0014140877484587861,4.77198428173958e-05,9.183116346502985e-11,7.045585736904701e-12,5.629790806729241e-13,1.0825286922257023e-13,6.129083413586792e-08,2.1336710804414977e-13,4.961054245987251e-16,2.873660563909657e-16,1.4376574551126488e-10
24,0.9805423037087009,2.155405402522964e-11,1.7347503736299003e-05,4.002019902999326e-16,1.1530566414922242e-06,0.001175333186480471,0.011417738456793334,1.530690436439869e-09,0.00522063723659849,0.0015774340717754772,4.783635917048827e-05,1.2165147354479938e-10,1.3427421169916981e-11,9.85057585476914e-13,1.2431555478047596e-13,2.1439830938566238e-07,1.182143087835338e-12,3.4232502606663683e-15,1.893253957272783e-15,3.3217333176684145e-10
25,0.9904534740647012,4.336214748083877e-11,2.9251698040055207e-05,2.82043785456179e-16,4.0283982192132744e-07,0.00018109046840413854,0.0017581527916966557,1.5753535979499967e-09,0.005775073073407171,0.0017451700404638693,5.7316575212075675e-05,1.3418442342000842e-10,8.997825023715722e-12,1.5306226098343803e-12,3.4671716873916165e-14,6.634307471631967e-08,5.182814191706595e-13,1.4694647846082942e-15,7.693620083609712e-17,3.4119522841815746e-10
26,0.9770648928017114,3.295207519390722e-11,2.8475490020135462e-05,4.64452493482207e-16,1.4915661223807195e-06,0.0013366702151609317,0.013312879162162432,1.8367836985263377e-09,0.006315605163138005,0.001876148116627715,6.35561995123435e-05,1.2315890796876228e-10,1.6532933021380467e-11,1.9513908788146625e-12,2.224206576106004e-13,2.7863140062909036e-07,2.1728927436836032e-12,5.612417328252903e-15,3.2681139258558804e-15,6.403601976459523e-10
27,0.9895588369623635,6.990992160941449e-11,4.634598478170725e-05,2.3859583238630287e-15,3.1165234452429306e-07,0.00017049653690526923,0.0013508126776321317,2.010668741050632e-09,0.0068065627800259505,0.00200037615662881,6.620717968663314e-05,1.9050618292705999e-10,9.943017060334253e-12,3.6013515649714556e-12,2.4037421340950932e-14,4.70679765809877e-08,1.2398062400137207e-12,4.040818416595425e-15,2.681398589844848e-17,7.157545975027248e-10
28,0.9803884633025821,5.558563645754071e-11,4.651795710811056e-05,3.941293678350833e-15,1.3262343424311548e-06,0.000824891286248447,0.008693581956112244,1.996476916509582e-09,0.007606241994178423,0.0023552094334786137,8.352719063259039e-05,1.166596956766977e-10,1.5395533577098025e-11,3.9170794164573635e-12,3.679402391139531e-13,2.3732054332697433e-07,3.51251751216883e-12,7.474669882354476e-15,4.803654867530905e-15,1.1328416984894221e-09
29,0.9871810668736605,1.0189289567314252e-10,6.919968102281224e-05,6.554914098230755e-15,3.3056120790885095e-07,0.0002320767556834377,0.0016457758973090872,2.495043299178225e-09,0.008213409106077544,0.00257910691468889,7.898114196994075e-05,2.5025345603160245e-10,1.0890821486044804e-11,7.540142957948489e-12,7.50429559347009e-14,4.8851059067891525e-08,2.765169200887119e-12,9.771905682054216e-15,5.12375671624192e-16,1.348842990282315e-09
30,0.9815792428734498,8.769951746746736e-11,7.173578212748137e-05,6.630974503854561e-15,1.3032943879609959e-06,0.0004440826356149155,0.005181613948579907,2.333150454569732e-09,0.009488995970723503,0.0031313799268138697,0.00010142036983350262,1.218642142959411e-10,1.5509676912379867e-11,7.938333866821202e-12,6.386895236278833e-13,2.2075124901688702e-07,5.3781834743451395e-12,1.0412802810290593e-14,6.025270698175187e-15,1.875018308500032e-09
31,0.9805505309417737,1.4193704204165068e-10,9.647737092884713e-05,1.6837223736223043e-14,1.0878225090242135e-06,0.0005789388679603501,0.004931538913082644,2.8603203670462974e-09,0.010471328873679823,0.0032729554087531773,9.693589450704792e-05,2.992368402333559e-10,1.5495489499974825e-11,1.4604456983270182e-11,9.323145489623236e-14,2.0022994602157862e-07,5.7045870385537335e-12,2.0601788141322937e-14,1.9257509490206008e-15,2.339427986257429e-09
32,0.9729521085067301,1.3778430849485658e-10,0.00010468300436570363,1.2182926870109795e-14,2.5576327819194904e-06,0.0009308592308376738,0.009877888369657542,2.8736701075675384e-09,0.012295465487647744,0.003718950487457172,0.00011701210293738908,1.6289651975349178e-10,2.571886180725041e-11,1.597542855740837e-11,5.258758808848323e-13,4.690357184371379e-07,8.214131218444533e-12,1.7429095610204758e-14,8.062242626155623e-15,2.917043823457358e-09
33,0.9690704885652687,1.9281003766740672e-10,0.00012709082751714956,1.6835313189998543e-14,3.2568470613753925e-06,0.001250763583087087,0.011689332380061038,3.3280989509731997e-09,0.013924125484792828,0.003816768730767303,0.00011752652070252465,3.1370581190117573e-10,2.868538908152379e-11,2.7379825778138443e-11,3.340275701072742e-13,6.394147375562492e-07,1.0825085281510985e-11,3.639306895331513e-14,5.5496456742177456e-15,3.744106676130723e-09
34,0.9605718826146842,2.384604715615239e-10,0.00015616586899392735,4.8731248455900943e-14,4.5134192602768526e-06,0.0017195534726537859,0.01699750947235593,3.3957303679088217e-09,0.01619559140473714,0.004220045803784796,0.00013385040644307391,2.53015781341495e-10,4.148628318835405e-11,3.2376272300704744e-11,1.1200885919298966e-12,8.792751679755956e-07,1.2864656139699027e-11,3.276911824481452e-14,1.2028662007683759e-14,4.286771481343873e-09
35,0.9577230610486672,2.614922895873033e-10,0.00017156452169424696,2.942876052370411e-14,6.010267284771993e-06,0.001719350703930227,0.01687715032711685,3.794847034393259e-09,0.01867572485403748,0.004683176128454232,0.00014278056223986142,2.80795469507463e-10,4.6903547133331556e-11,5.1837559007770843e-11,1.1365712940297446e-12,1.1715617691514587e-06,1.8880435807429067e-11,5.318089744817599e-14,1.4449704865884407e-14,5.568816543879606e-09
36,0.9548109242489753,4.418341539040903e-10,0.00024585679642273725,7.401867587947432e-14,4.6737644427820744e-06,0.0017546874279523754,0.016650029903647452,3.99108395795647e-09,0.02122202706943199,0.0051601994230461344,0.00015064320992046502,3.7958263735924556e-10,4.339470802888668e-11,6.588740552164795e-11,6.179742937477672e-13,9.472167565698005e-07,2.062437771482155e-11,6.42078566871673e-14,1.4529163571531785e-14,5.996226167861717e-09
37,0.9537345515832802,3.9174452675717055e-10,0.00024937812333386306,6.864618636823536e-14,6.615559470915505e-06,0.0013098357588977754,0.013900321446091251,4.002507542114044e-09,0.024607822460697232,0.006012836831662975,0.000177385644646272,2.3421300105225406e-10,5.2888933293948346e-11,9.884598047341888e-11,1.6711946679957774e-12,1.239984639453276e-06,3.0797309879659875e-11,7.046891066615323e-14,2.7353461535283713e-14,7.794445117436878e-09
38,0.9549162231565388,7.668938268247445e-10,0.00037820066412971854,1.8873843892281169e-13,2.3000279194533318e-06,0.0011191583204882506,0.009719903483260474,4.6221331687173885e-09,0.027386928230928767,0.006308508089468131,0.0001682603731880922,5.021786766338963e-10,2.4661377614107345e-11,1.326996430695291e-10,1.5058242916030709e-12,5.03452898898235e-07,3.305512026957189e-11,1.1756088938581833e-13,1.7821631611961826e-14,8.117727604084998e-09
39,0.9504055388593222,6.095086721513468e-10,0.00036086161172159626,1.4847789318097503e-13,6.133492799506577e-06,0.0008018857269760398,0.009431514572561398,4.317407419404193e-09,0.031575764059814236,0.007203538324172502,0.00021366315872876936,2.2731759637440338e-10,5.106499324531909e-11,1.8803172086906051e-10,4.573379800811788e-12,1.0842411026195834e-06,4.844385947054213e-11,1.0128052150932832e-13,4.1777436964042547e-14,1.0506161992214336e-08
40,0.9523798444851422,1.1909089846783356e-09,0.0005386050450113585,4.2920596477296665e-13,2.4544600994412446e-07,0.0005621903711622036,0.004152658659329942,5.036105546054677e-09,0.03485772553393473,0.0073134015019746595,0.00019520818463549186,5.796134793087505e-10,5.08622596935903e-12,2.6225598555124793e-10,2.0016249761398005e-12,1.027047097979579e-07,5.230422161026727e-11,1.9574839023258005e-13,2.1946409006394074e-14,1.093916657817733e-08
41,0.9286971928715578,8.434295447096796e-10,0.0004860478226979191,3.4830425151215323e-13,1.5151265233691738e-05,0.001975932488306966,0.02061736229551177,5.134782449884648e-09,0.03974868000640856,0.008218972395568385,0.00023773584057532935,2.7671625906439125e-10,1.0402188601814096e-10,3.572082848845311e-10,5.5540656898132424e-12,2.9040815594774136e-06,7.597644589317496e-11,1.7650668566531139e-13,7.283614452499567e-14,1.413429354235162e-08
42,0.9425151163315488,1.6676338932085963e-09,0.0007246249446222961,8.915257142348574e-13,1.4591826718917413e-06,0.00043899636187963095,0.003325010278088707,5.383567684391043e-09,0.044128320904047946,0.008632725979182835,0.00023337722852226892,5.928505104020392e-10,9.032483478288062e-12,5.079195624731635e-10,3.2262743636647578e-12,3.453624051573236e-07,8.161232980121465e-11,3.015344560734867e-13,2.4120000922091667e-14,1.5179970624739644e-08
43,0.8900452038836394,1.145291230206074e-09,0.0006483776403082219,4.438108484001596e-13,4.046595763116155e-05,0.004542703066077827,0.0449258582050618,6.1310596541807904e-09,0.04985517370526157,0.009677574908211561,0.0002563860746147491,3.6515286089417004e-10,2.547491539384975e-10,6.74600012400307e-10,1.00958440881695e-11,8.228314885239919e-06,1.189284907509752e-10,3.083962672364909e-13,1.7700059656418963e-13,1.9543501616097655e-08
44,0.9261802620939732,2.2237053641658164e-09,0.0009618097564074232,1.8127120376858105e-12,6.132349820814682e-06,0.0005685881082828518,0.0052926653301783215,5.9171977658763764e-09,0.05609359317768085,0.010624032887055304,0.0002716371441418654,5.475545958979433e-10,4.056646517943555e-11,9.588439391875932e-10,7.870968035285067e-12,1.2473633355168303e-06,1.263385982004105e-10,4.292397309667886e-13,3.0532922425584496e-14,2.196477320090245e-08
45,0.8629248526636867,2.0005292047358473e-09,0.0009582233932693405,1.7459240354479755e-12,6.594825125810156e-05,0.005696585135942994,0.055300408963733824,6.77749389576296e-09,0.06317296543077106,0.011584184973952687,0.0002830829786250686,4.810182395710636e-10,4.077601098863174e-10,1.2581264579783166e-09,1.381320094123755e-11,1.3709258872902824e-05,1.808938149283278e-10,4.680346456407223e-13,4.2641767222136096e-13,2.7827611470495165e-08
46,0.9073650670579254,3.1115945768349718e-09,0.0013093499129989907,3.1895340372176482e-12,9.823977984340593e-06,0.0005354122703008958,0.005773377117742071,6.4072538312292194e-09,0.07193320732920234,0.012762343087299696,0.0003095165993713363,4.943319829264079e-10,6.793617056161527e-11,1.7679152730899965e-09,1.2330237027335649e-11,1.8580612562379662e-06,1.9500867859765622e-10,5.813213848294973e-13,6.454583685086832e-14,3.252571336865548e-08
47,0.860558684986424,3.9935392694999496e-09,0.0015291031980529108,5.598549932408692e-12,6.36767839948526e-05,0.0040517516024596925,0.03870966000666677,7.001875201421446e-09,0.08133175891326871,0.013428502983919541,0.0003133587707314492,6.074138244854356e-10,4.124399068097885e-10,2.31973035503703e-09,2.0060226388609194e-11,1.344819322259708e-05,2.656499929403143e-10,6.781655991405826e-13,6.907907624709573e-13,3.993358417741726e-08
48,0.8840753589028985,4.662682492850944e-09,0.0018192822973697367,6.417067640406316e-12,1.1731615504995992e-05,0.0004889395529379195,0.005611177028486242,6.7183664488936504e-09,0.09306170792933956,0.014578849851305978,0.00035076501329754,5.099848238266611e-10,7.498254314737392e-11,3.207546725851898e-09,2.6278689461138598e-11,2.1244471172500696e-06,3.051226766417256e-10,9.008458852281183e-13,1.026449253987514e-13,4.784935717781386e-08
49,0.8595071453498072,7.193012537094063e-09,0.002345824791562684,1.1370691791430094e-11,3.436167021762707e-05,0.0015545478449262393,0.014852224040942621,7.060220475090863e-09,0.10608635441875391,0.015265931708409654,0.0003462597551989757,6.885027762637439e-10,2.4708401341034465e-10,4.218856198335483e-09,3.7358719721838455e-11,7.274394272234983e-06,3.8262224958679895e-10,1.0063178789296296e-12,7.494434237695582e-13,5.618512555819177e-08
50,0.8389341759743861,6.628957520505893e-09,0.0024201998842317695,1.1949529508897762e-11,4.9377398575257216e-05,0.0018742076699076048,0.018599875819229193,7.406965999255623e-09,0.1213079020567153,0.016427130085222466,0.0003769237553263631,5.628115052880811e-10,2.807411350173597e-10,5.745513520642308e-09,5.067418327159122e-11,1.0117614838106812e-05,4.903955756504055e-10,1.7509181173196544e-12,5.514165231036184e-14,6.856175322570586e-08
51,0.8358763744108666,1.167642546190806e-08,0.0033671903857792063,2.1747862166036345e-11,1.1396810756291625e-05,0.00032012952261356006,0.0032595719009759594,7.133529571082722e-09,0.13924891668055223,0.017528826856778718,0.0003852271018078857,6.894794494499712e-10,1.0770108667438989e-10,7.570597685304378e-09,5.98732372331938e-11,2.2611207859363684e-06,5.609661884131149e-10,1.5173262384368869e-12,7.518355169887701e-13,7.738649391480308e-08
52,0.7620661218051721,8.517286971012867e-09,0.003030474072497366,1.8767186123259192e-11,0.0001960344308043376,0.005272358042837365,0.05112999652498826,8.87228794945013e-09,0.15913930033337126,0.01873473877735586,0.00038950902002650814,4.987731524797766e-10,1.2438810561846514e-09,1.0178806482754615e-08,8.769864447906532e-11,4.1340824245669826e-05,7.882694996116914e-10,3.325038942727939e-12,3.602380458480918e-13,9.595924482373645e-08
53,0.7902520271658362,1.901289268907585e-08,0.004756391831839036,4.209168220713713e-11,1.0154365142087403e-05,0.0001580790407974419,0.0017088857044211848,7.185168412760856e-09,0.18270162141312057,0.02000327318441647,0.0004074930448883547,6.925593578635258e-10,1.1711012805227778e-10,1.3347468405839254e-08,1.1140441731926355e-10,1.9264586753191356e-06,8.55139040091356e-10,2.313501261533484e-12,1.1564076013165776e-12,1.0642355912505945e-07
54,0.6814467355232855,1.3071532846136273e-08,0.0040171363991660155,2.2527350159710476e-11,0.00043792043819746893,0.007799035658047326,0.07549628189205561,1.0242474072443557e-08,0.20916866398175243,0.021130152934802405,0.0004113532347123884,3.125436771093915e-10,3.2214519976274025e-09,1.7781196597437962e-08,1.747868682799403e-10,9.254008799585438e-05,1.2216770670753516e-09,5.017980018088934e-12,2.389095779710398e-12,1.3379438756634752e-07
55,0.7306657850819245,3.2306277207599825e-08,0.0067935973519992554,8.243090328346396e-11,1.5198832617350103e-05,0.00018326561203202153,0.0015347568399542825,7.127638979181313e-09,0.23852284109237265,0.021875403102705946,0.0004054366441068916,8.090866735172086e-10,2.119788707903915e-10,2.306571251822759e-08,2.1513474421549478e-10,3.4998539645234405e-06,1.3368194075298027e-09,3.671814160274565e-12,2.620515048294129e-12,1.504269512694037e-07
56,0.6273899135979375,2.830715909505962e-08,0.006222620572273918,4.207909874769884e-11,0.0005728301152968006,0.006399155518761298,0.06273967138488892,1.0123319440331611e-08,0.27333198352309057,0.02279713327220948,0.0004259807649659245,2.1991780758946595e-10,5.1109841214484386e-09,3.037564351048823e-08,3.261299150150764e-10,0.00012044582924435935,1.7935951985495692e-09,5.697936621449791e-12,6.68377174274722e-12,1.891101212672316e-07
57,0.6563309575832428,5.497437099612015e-08,0.009635142160838732,1.482504138054914e-10,2.982467598764143e-05,0.0003052099127328763,0.0019967933732060886,6.914270285625315e-09,0.3086888415778875,0.022609185564664906,0.00039563282271548947,1.0424812631165015e-09,4.005898754199788e-10,3.899310125938663e-08,3.932131787564615e-10,8.087158837157366e-06,2.1066590726571763e-09,6.4232234386295924e-12,5.604012224565288e-12,2.2018492311771473e-07
58,0.582242031662662,6.147250523672442e-08,0.01006941817688821,1.3325601945474647e-10,0.00041848350569655856,0.0027630109255572057,0.028184075071179416,8.685094547545382e-09,0.3525020504857584,0.023316898842965377,0.0004184116477727379,2.7500803330929034e-10,4.617522081156271e-09,5.044090108136687e-08,6.091918529551789e-10,8.522059011018401e-05,2.539182353881377e-09,5.8230326937026256e-12,9.67070538455955e-12,2.703032544965961e-07
59,0.5609964678109325,8.8535048582962e-08,0.013157936826246552,2.3642538026343554e-10,0.00014181180802235298,0.0009428701054347533,0.007730043058645568,6.700741087622099e-09,0.3943743227355827,0.022258807104336784,0.000362504378225121,1.2456100440299286e-09,1.4575852166936048e-09,6.421189786262785e-08,7.555774331785863e-10,3.4744604788711744e-05,3.309708373383996e-09,1.276026511445136e-11,9.436266507896255e-12,3.250929941861662e-07
60,0.5042300312635996,1.134622554102955e-07,0.015021321132977689,2.6776487696639466e-10,0.0002497720708325904,0.0009158395501420169,0.010553140185638864,7.745766256648435e-09,0.44593625037273626,0.022653851870286842,0.00039304739544416807,2.2128182328023205e-10,3.2823467694807136e-09,8.121615122091948e-08,1.163204533146286e-09,4.6150865507870625e-05,3.6382114856131177e-09,8.235337041768401e-12,7.406408022600016e-12,3.8428021022172217e-07
61,0.44359923392616357,1.3032593470117165e-07,0.01692095806196805,3.5585206180986414e-10,0.0006044850770230226,0.0022511657173917314,0.02033677238177518,7.202114293340967e-09,0.4948569940460516,0.020978802603941922,0.00031439380744344435,1.1025198685460566e-09,6.8083185275444025e-09,1.0259701496314647e-07,1.434951826177602e-09,0.00013646926115497857,5.1110141325675315e-09,2.6412976422337148e-11,1.1108833964602008e-11,4.701418430044142e-07
62,0.3931651605374694,1.9503776809515484e-07,0.021108914186082607,4.177972102742179e-10,0.0005643337766963638,0.001236493104082598,0.01316203333766067,7.784238705986657e-09,0.5498070421466221,0.020518247589451494,0.0003247281432590556,1.3128801630262926e-10,8.489627329710368e-09,1.2692963144014232e-07,2.084092378873627e-09,0.00011215870905709982,5.481087373271789e-09,1.5131740283401713e-11,1.3525135380690595e-11,5.420854310801078e-07
63,0.3198803756116697,1.8684051053387213e-07,0.02129211898033132,5.201306083014664e-10,0.0016386024601015073,0.003127389331569322,0.029862787739930535,8.77385042217933e-09,0.6050957543897688,0.018475717295723424,0.00027009157694641157,6.647127135591895e-10,2.257520192720119e-08,1.5841245547216603e-07,2.618537851025991e-09,0.00035611176206486433,7.548150114453091e-09,4.7011678862786596e-11,1.0785517839736777e-11,6.628405472516955e-07
64,0.2805910215046812,3.4151651288164526e-07,0.030093367889361754,8.094890164818559e-10,0.0012295685767869473,0.00139781117207328,0.013447213946836284,6.900155366546993e-09,0.6563136395058798,0.0164377433025665,0.0002281631028734478,7.130650030655905e-10,2.2754310711491214e-08,1.9235504604491756e-07,3.617825989647867e-09,0.00026012595091167004,8.537544761790091e-09,2.3336059214324e-11,5.1246817429177764e-11,7.677694962420725e-07
65,0.21428035554488775,3.059644742129688e-07,0.029144065565991834,7.263046831993414e-10,0.0026938221304577104,0.0023867945455962754,0.023264259012957762,9.778385512025445e-09,0.713290641432928,0.014161561330360516,0.0002054611514044848,6.720425905622198e-10,4.543902144152776e-08,2.3539687693836727e-07,4.781474514618042e-09,0.0005715033614878375,1.052937033866735e-08,6.224274997950846e-11,1.5668602909999412e-11,9.22558066157591e-07
66,0.18172157206856437,5.818920903267033e-07,0.04315341142730181,1.5946613482077295e-09,0.0016159219395359583,0.0008171340231526598,0.007370377450421133,4.202005261788936e-09,0.7541919653182415,0.010637277150645663,0.00013150322037001425,2.090062356139231e-09,3.662728982995878e-08,2.8231415666039986e-07,6.2291757292164565e-09,0.00035881277496720545,1.311208218909745e-08,2.8469652780738162e-11,1.318894240213478e-10,1.0964049167326844e-06
67,0.13175341814639743,5.571731293765699e-07,0.04363553996866466,1.0511599602380137e-09,0.002466144564575733,0.0008753237197840917,0.009116503688271976,8.438557238277311e-09,0.8032668570677522,0.008254652963368954,0.0001269510709305337,9.040026310596966e-10,4.9147907919911164e-08,3.367694210361727e-07,8.421457758368392e-09,0.0005023555220894704,1.4135114378268024e-08,5.934143147539307e-11,2.0442780775147344e-11,1.2771676298081692e-06
68,0.10186922246821592,9.056227707317872e-07,0.05929870991352525,2.536467078681197e-09,0.0015468355670419146,0.00032324587386712623,0.0025567812251462946,1.4905135973214626e-09,0.8294108095011989,0.004574171524866703,5.140040265969544e-05,3.1548704749962624e-09,4.11078293044504e-08,4.008440548661647e-07,1.0303081131360469e-08,0.00036588795462064524,1.9319456414569637e-08,3.5495736277358e-11,2.2979504340975983e-10,1.5509245226378828e-06
69,0.0695569958393543,9.171984117262733e-07,0.06262359870432035,1.7299570723944743e-09,0.0017181982312185567,0.0002266168372849721,0.002600743468203445,6.758061988790733e-09,0.8602332487879354,0.0026578219206566367,6.021452613917312e-05,6.871723415976576e-10,3.7611297560239526e-08,4.667631937242045e-07,1.3768954709836932e-08,0.0003193486145642479,1.916137666376091e-08,6.0478426366901e-11,9.594451974619834e-12,1.7493218243982176e-06
70,0.051840170748221205,1.2773025351968115e-06,0.07722384919465224,3.3202366722870253e-09,0.0016244320106358922,0.00014565343834363448,0.0011479063851634116,9.662984577217267e-10,0.8670552516025316,0.0005395535227636146,1.934699336233451e-05,3.1353492091856377e-09,4.4200351658793865e-08,5.512427567699995e-07,1.6290790238696726e-08,0.0003997819536348587,2.7198795767831113e-08,5.968781960815058e-11,2.9552732158648306e-10,2.130138362214243e-06
71,0.03831756441562726,1.2799287720901514e-06,0.08119954442838621,2.3406061070290775e-09,0.004660445822227445,0.00027081287902884466,0.0028537702189671043,8.005511170073355e-09,0.8717005818169459,2.116195843594997e-05,2.9289864680272845e-05,3.2805116586098885e-09,1.099343919571185e-07,6.318932904734601e-07,2.1004590773551304e-08,0.0009423734426891664,2.7201620071646337e-08,1.2124010582917654e-10,3.374792264274334e-11,2.3714087299084294e-06
72,0.04082682876901324,1.6730176358072917e-06,0.09740722464770425,3.970405089759784e-09,0.002678857009567237,0.00015588786434863296,0.0013465256969252203,3.28001631753753e-09,0.8561792626260315,0.0007348944392384319,4.244947229534788e-05,2.721534312204522e-09,6.674298499806092e-08,7.356939693903289e-07,2.4737824594990128e-08,0.0006226849189899665,3.656982745177936e-08,1.1683925207350378e-10,2.738045955543114e-10,2.8374310442495724e-06
73,0.04412710051326574,1.7059234716850315e-06,0.1030823755916496,2.649818936244266e-09,0.01203276785383033,0.0006522386212775705,0.006399054536373462,9.88299331653399e-09,0.8289944823059153,0.0021295205748682565,3.7036930424068603e-05,1.1758978885085333e-08,3.014398394507369e-07,8.372026926307608e-07,3.010858009065695e-08,0.0025392877537680665,3.956808212063736e-08,2.4113671401290584e-10,1.8960784251747456e-10,3.1963534259312652e-06
74,0.0655286464665165,2.1342691570683135e-06,0.12361349691702832,4.903833944847601e-09,0.004544753133716723,0.0003091417924314102,0.00294894816301161,6.769923265280259e-09,0.7957003589760078,0.006255924140302283,0.00010825437615144992,3.1913299843314274e-09,1.100995849136791e-07,9.541178617571898e-07,3.564792225806937e-08,0.0009834765575621348,4.699414895276692e-08,1.9655236847483396e-10,1.538602779991642e-10,3.7031330972130934e-06
75,0.07910534052371918,2.3685259936372085e-06,0.1374851596007543,4.562577891000082e-09,0.017066165095630605,0.0012550428146741626,0.011983051275005086,7.717980929658644e-09,0.7398067987772883,0.009544819069336269,8.062678343639964e-05,2.0369779782124163e-08,4.4052922836394443e-07,1.0811698422845887e-06,4.081344610985326e-08,0.00366471300012388,5.584739752051757e-08,3.307973061583434e-10,5.357435917259495e-10,4.2626572447929475e-06
76,0.11194309185648608,2.754818734558066e-06,0.16115077373364328,6.559516927410742e-09,0.004891302546889576,0.0004067130624975875,0.004230593700335802,8.446596028938808e-09,0.699753561605424,0.016429340089546857,0.00019639459558519137,3.421952078412166e-09,1.183360803901166e-07,1.2041028426592754e-06,4.829076433677441e-08,0.0009892706010058603,5.859858154471989e-08,2.405139106389676e-10,3.914312985717577e-11,4.7553538601867625e-06
77,0.1307577439442974,3.2132347313048525e-06,0.18488686091236195,8.932334225089388e-09,0.014040630336116616,0.001237171306618394,0.011422384372753542,2.798184115462232e-09,0.6333207682976432,0.021086472169765114,0.00016257634737778943,1.982198341688645e-08,3.657311840825235e-07,1.354818877160845e-06,5.3019063763650174e-08,0.003074779486958822,7.399117413763131e-08,3.1503057672611426e-10,9.314828891153608e-10,5.5192320612451125e-06
78,0.1575945036482888,3.4483338099806437e-06,0.20661981193616588,8.892045662274062e-09,0.004059935752809527,0.00034736371705934013,0.004036087968318145,9.505041488933766e-09,0.5978124029201184,0.028470806038811334,0.00029292666355318353,2.2541375602290456e-09,9.728695019963916e-08,1.483966995378323e-06,6.159716849442805e-08,0.0007549864863560818,7.344945541414165e-08,2.4962650593424755e-10,3.516432649517289e-11,5.989298124450633e-06
79,0.17285918282019155,4.006549721812898e-06,0.23716782743794312,1.3793713472780084e-08,0.0066147571683784,0.0005886633969059316,0.005168241687973491,1.9414418149174018e-10,0.5432005935945934,0.032619419842928564,0.00026032780644726506,1.1228048681050914e-08,1.724825617086029e-07,1.6503061134334142e-06,6.627513686271063e-08,0.0015081048784597114,9.234140388771385e-08,2.4800520308556393e-10,1.0419471296169626e-09,6.866905382305254e-06
80,0.17061235115528972,3.891538967176758e-06,0.2441668947430014,1.0971857230160598e-08,0.013205125562074701,0.0010862280081254626,0.011022607915767181,1.7095095393793087e-08,0.5196527635005748,0.03719182468390008,0.00033705471206277174,9.313431967186705e-09,3.133006456321254e-07,1.7958125780468307e-06,7.378601656842737e-08,0.0027115368953419114,9.429111136763369e-08,4.2447966728935813e-10,2.477367010391991e-10,7.406041941845902e-06
81,0.17887138302254696,4.667878726017016e-06,0.2887452726157647,1.813489219532317e-08,0.0016710778656576922,0.00014763193604292666,0.0010414337389590771,9.578310627776956e-10,0.49051960545529777,0.03824699021153942,0.0003146688078873912,3.6685318553584038e-09,4.3932701647713496e-08,1.96528611038629e-06,7.915770274230616e-08,0.00042678192981393623,1.1078097763602178e-07,2.4652665859251816e-10,8.577416057116827e-10,8.263514748025033e-06
82,0.14048583182694585,4.097723436640134e-06,0.2690414900646431,1.1047313017807437e-08,0.039587602433807684,0.0024985668464383238,0.02422419784724414,3.173803189080524e-08,0.47851559155649315,0.03694425403090039,0.0002896630421317821,3.3312660702926067e-08,9.175566371889923e-07,2.1381638760769936e-06,8.404861461451443e-08,0.008396404334136288,1.200731060362152e-07,9.104495805453732e-10,8.780391784651799e-10,8.962565094065203e-06
83,0.14563165266487285,5.302768582266057e-06,0.3381287596490181,2.2963963677730958e-08,0.000318322595285805,2.915809205170401e-05,0.00017955188456855454,2.560272862441873e-09,0.481019671537648,0.03429317066130268,0.00028429386615046946,6.81568954433776e-10,7.2599934770308146e-09,2.3022459180972784e-06,9.118729388103462e-08,9.788382552328501e-05,1.292949105829572e-07,3.1610196620571086e-10,6.279704895046307e-10,9.675317001982986e-06
84,0.09444856826923821,4.6105863680779415e-06,0.301319397582029,1.1850513079038411e-08,0.061989538638215706,0.0024181788246674073,0.023339669399359782,4.024633239528575e-08,0.4762673636178179,0.026820586590712427,0.00015900050728902807,5.699953770779253e-08,1.431935092164179e-06,2.503986056765208e-06,9.447580234897424e-08,0.013218338614942949,1.4401711006117175e-07,1.432748973897694e-09,1.6593626014791236e-09,1.0460766803063548e-05
85,0.09014485780277677,6.0211488309939255e-06,0.38176788981233134,2.873216474995418e-08,0.00030229897566086194,1.295100289568156e-05,0.0001139223882148751,3.32301282990968e-09,0.5050946478466725,0.02225984174268654,0.0002124550507889845,2.1539665841258264e-10,5.340018489116607e-09,2.6689434276590544e-06,1.0330579363413667e-07,7.119881442490807e-05,1.4652172861862746e-07,3.775011401564627e-10,5.876368051002619e-10,1.0958068035499834e-05
86,0.05145917156690437,5.7816895456907864e-06,0.3542238821142982,1.9984078329264656e-08,0.05309758526039999,0.0009758042701249285,0.009296114661916075,3.28979381586004e-08,0.5069049575856837,0.012659571307963803,5.973635812580575e-05,5.3742537835509006e-08,1.2706926337407367e-06,2.8901171063077606e-06,1.0764600141138322e-07,0.011301289609144496,1.5829795748113534e-07,1.5510401911542384e-09,1.951146590422758e-09,1.1568695453010418e-05
87,0.036820079993122735,6.828785255659606e-06,0.4114955441949048,3.4928940866898314e-08,0.0018368696139201095,2.466943412385721e-05,0.0002212980541892679,3.835066422712889e-09,0.5404938112417724,0.00853253613756281,0.00012943359546444298,1.5083395612420655e-09,3.711253086195485e-08,3.0797154415015125e-06,1.160656554199607e-07,0.000423597368002432,1.6114645929615906e-07,3.4757509032423174e-10,1.0109628676313056e-09,1.1895910710087762e-05
88,0.016894219747592476,7.3324864836382544e-06,0.4068553891968883,3.282950295802801e-08,0.023576750102071876,0.00011495127019845191,0.001176919459447322,1.8659027895231846e-08,0.5441682758930404,0.002238606771022739,3.641612862098994e-05,2.659913397058568e-08,6.158375009301721e-07,3.3070123162315933e-06,1.2338047969584225e-07,0.00491477605532449,1.6097724664144026e-07,1.1387849392077324e-09,1.2009589933281316e-09,1.2075254357533873e-05
89,0.00861942878099568,7.545969204819521e-06,0.41560716775890805,4.003707491543231e-08,0.012011899762467443,2.962017337451152e-05,0.0002741009533505196,8.066225510438748e-09,0.5601227883496672,0.0005722174736888932,7.243676042369123e-05,1.217278455633064e-08,2.811614526620304e-07,3.546163144873824e-06,1.284506720599525e-07,0.002666242864971868,1.716970952589661e-07,2.656884677998569e-10,2.1578440638891306e-09,1.236098096499347e-05
90,0.008504407010810776,8.716264531451785e-06,0.42565006622406887,4.163580727302072e-08,0.007337021768877105,1.885510436068347e-05,0.00020563597474420497,1.2283751112429674e-08,0.5561738886030931,0.0006486557834437906,5.3621629198646934e-05,8.54966995090807e-09,2.222376339264183e-07,3.7712427352173547e-06,1.3845220620908967e-07,0.0013826946725180457,1.5775462774569286e-07,7.613617026802141e-10,3.441491885985835e-10,1.2083702410525122e-05
91,0.016715350253456742,7.992634541060657e-06,0.3893547730382937,4.056459577819761e-08,0.036129245470024954,0.0001924419124561467,0.0018072547142909852,2.007922168447979e-08,0.5456843294915833,0.0022053350955997947,4.037197065557601e-05,4.5819109077831005e-08,9.821540022950253e-07,4.060201975377719e-06,1.3932115449934756e-07,0.007845152857729073,1.7358381787190983e-07,3.935969722494951e-10,3.85686554578035e-09,1.2286587029294936e-05
92,0.036127106487266775,9.744156608574443e-06,0.4056260167581066,4.780370520733749e-08,0.008429870189107931,8.391716409678398e-05,0.0009058386782623948,1.3387662367515355e-08,0.5380673815345859,0.008943206799523377,0.0001186430784126333,1.262424585041342e-08,2.843466703259495e-07,4.279577936155275e-06,1.4985222066811652e-07,0.0016716130791339032,1.5403952709660048e-07,8.759723657716054e-10,3.523775247373498e-10,1.171921457764282e-05
93,0.051952267761241414,8.448083755929522e-06,0.34787644294434694,3.5516961926934694e-08,0.05660334569408428,0.0010684191591215555,0.010150301441999816,3.404903677594031e-08,0.5076845774409721,0.012449765460552473,5.64886380807239e-05,8.986973937140611e-08,1.8190718549647524e-06,4.586105939023025e-06,1.479938990950944e-07,0.012131481634860174,1.615459869795818e-07,8.003592733861584e-10,5.025571787259034e-09,1.1581761635271281e-05
94,0.08865174563695631,1.0502631686564519e-05,0.36640498935225707,5.621582298233735e-08,0.00947207397294517,0.00027995178610353493,0.002675803457062797,1.2644564239504528e-08,0.5074058254101662,0.022801602406293833,0.0002339715863704296,1.8950369007577335e-08,3.7187165698921355e-07,4.801309793670895e-06,1.5472376939675654e-07,0.0020470286578316912,1.4783069413334363e-07,1.155982157308947e-09,1.2452216998790917e-09,1.0939154451875526e-05
95,0.1009425012689255,9.431723655562848e-06,0.31393802820322303,3.389448189322466e-08,0.04898940677634013,0.0019515764205710788,0.018966171016945352,3.646735217243627e-08,0.47843095396382757,0.026237250645812747,0.00015752334743185145,9.679421104296807e-08,1.8857052784172659e-06,5.070348387868641e-06,1.5234141853319873e-07,0.010359468518019914,1.372138163044626e-07,1.0597353530940158e-09,4.431123974552394e-09,1.0269859442135858e-05
96,0.14456276665511414,1.0952373922325831e-05,0.32255916154939307,6.550809107124793e-08,0.006716710446829187,0.00041801261629827375,0.003554547631209335,7.581221494499206e-09,0.48581283447118295,0.034436124558993836,0.00031783803593451294,1.585968608018977e-08,3.0146341156962017e-07,5.2976275011740005e-06,1.5127825847328177e-07,0.0015953403532184473,1.3546050059144466e-07,1.1520454204033608e-09,2.660712673795515e-09,9.732716474942571e-06
97,0.15207207060069236,1.072535699328203e-05,0.28890228067874946,4.390846040159232e-08,0.022477144971710675,0.0013901958681266447,0.01432867451892049,2.5474032560862433e-08,0.4801044711493021,0.035830963653682296,0.00027973931288085484,5.368968075898747e-08,1.0409541923477592e-06,5.496267550281798e-06,1.4981225493572025e-07,0.0045881301495005,1.093912995581646e-07,8.104702579148844e-10,2.282804298441012e-09,8.681148696293265e-06
98,0.17772564227033347,1.0968149156854779e-05,0.2772204725367368,7.225552029729082e-08,0.005810954600832351,0.0005335137537806677,0.004049831600083748,2.083491697066762e-09,0.4948573583344545,0.03799722796322637,0.0003284972020764502,1.271741652297047e-08,2.647951639490845e-07,5.754289881658104e-06,1.4066554901607446e-07,0.0014508673497463545,1.1695171512852944e-07,8.333734744797762e-10,4.064008620375177e-09,8.297583452295228e-06
99,0.17448474798387836,1.1273811667072892e-05,0.2518880982057685,5.334064358042859e-08,0.008065388764416422,0.0006204615199056759,0.007080630942884844,1.5652448147516724e-08,0.5200894067487809,0.0359438938094491,0.00030440485134324393,2.1373226928086418e-08,4.4996837431065635e-07,5.904319095744106e-06,1.3900688585743012e-07,0.0014978392847249762,8.683883340720101e-08,3.6615283037193826e-10,8.058744824208993e-10,7.1824056458785325e-06
100,0.17111665094411857,1.056573730701348e-05,0.2303319165080413,7.434853770861797e-08,0.008564928022964179,0.0008105476923700465,0.006774150330874984,2.2435493509335342e-11,0.5475732870041518,0.03254032002444512,0.0002636753240229778,2.025179178711578e-08,4.306535939540746e-07,6.187481597365407e-06,1.2536762850819715e-07,0.0020001932320093136,9.497473929607815e-08,4.0435376663744406e-10,5.0296662491784265e-09,6.8266453504615275e-06
101,0.14967299304384576,1.0695677105329122e-05,0.197056940321521,5.231411030704305e-08,0.011213766638352003,0.000997267409693364,0.010473760885027217,1.563630582236313e-08,0.6002667389567495,0.027778424697737735,0.0002587619619702398,3.8452797850292606e-08,7.319949628263534e-07,6.3514653532029145e-06,1.2098089380440694e-07,0.002257387877214721,7.157531018323321e-08,3.621501679739996e-10,1.928466435765981e-09,5.877820432679901e-06
102,0.13125089122130154,1.0004958226764859e-05,0.18348981807978085,7.011783877910191e-08,0.011640751882480635,0.0010317797546637894,0.009491342409028047,2.6306670197574305e-09,0.6388922251583792,0.021452095842430075,0.00016367828313885243,3.653034073882622e-08,7.278430330866865e-07,6.644865084905555e-06,1.0852809544079272e-07,0.0025643383232402134,7.243855277972707e-08,9.096245478096529e-11,5.087062553392564e-09,5.405955692391263e-06
103,0.10344871141243159,9.861983994924078e-06,0.14594085161705833,5.479007400506542e-08,0.013723339935679722,0.0011702148202040112,0.011403126379023593,1.6943552439673186e-08,0.7049026998360215,0.016296743930731855,0.00018563978343434122,6.246541660071563e-08,1.088981072084783e-06,6.887517286309129e-06,1.0166407521799367e-07,0.002905821702610431,5.987281704277137e-08,7.803923156439914e-10,3.818243247949057e-09,4.711765880803858e-06
104,0.08276928700835524,9.709663965915688e-06,0.14186455883336208,6.250725729889316e-08,0.010384466750711774,0.0007644941539143722,0.007358905275644267,6.760649218524696e-09,0.7445894877134841,0.009953458841304573,8.831806029909226e-05,4.386144708187672e-08,8.396494884127661e-07,7.198979051423546e-06,9.456534882788221e-08,0.0022048871393288674,5.210055798859114e-08,1.1293298125027886e-11,3.953559427171564e-09,4.124170977226361e-06
105,0.06219812040734052,9.517862705309018e-06,0.11308326095082055,6.823848287910976e-08,0.009280327964878422,0.0006289449391212639,0.005983657093036326,1.2196882073841224e-08,0.8004959297072616,0.00617373865953211,0.00010628342085127717,5.599442236915962e-08,9.270214415046607e-07,7.568743870231689e-06,8.755762102736869e-08,0.0020277755468365464,4.8392520500953365e-08,1.1578626175277396e-09,4.814683901346919e-09,3.669329829171768e-06
106,0.04763922458728473,9.885254006457047e-06,0.11021702821930122,6.074870497053215e-08,0.00529734492274952,0.0002813083208808401,0.002983136134098556,7.737628423496522e-09,0.8302366582558999,0.0022124193026976085,3.881010913290165e-05,2.9480205003750244e-08,5.762380031987921e-07,7.9375084051857e-06,8.597084514509996e-08,0.0010723651357058515,3.637183176055651e-08,3.637817678037324e-11,2.0858895652757135e-09,3.083580350860719e-06
107,0.04049538486174366,9.64841710055538e-06,0.09285253987669245,8.434593896293045e-08,0.003971290829868803,0.00023789838589535016,0.002051112881758041,5.153046009993689e-09,0.8587888722438379,0.0006278980131515404,4.3711961897515593e-05,3.1158827134906463e-08,5.001713058626655e-07,8.472976124399515e-06,7.981301294368248e-08,0.000909638006774698,3.685977850556427e-08,1.1710882990396603e-09,4.6411157109269124e-09,2.7882310415488393e-06
108,0.040160712505058836,1.0154509953781742e-05,0.08555002560504966,6.631421183895366e-08,0.0020917823173147872,0.00012051216802791081,0.001377558699238255,6.879758762739181e-09,0.8702164743095746,5.103881958995382e-05,2.25890156474057e-05,1.403960971353359e-08,3.081169785113973e-07,8.961242011859896e-06,8.087248203309902e-08,0.00038737632309493984,2.5991254617703005e-08,6.201477790239411e-12,9.242307271730365e-10,2.311340709722713e-06
109,0.05237533868613467,9.955996983644862e-06,0.07573444611409122,9.54375934095181e-08,0.001373156419347487,0.0001307961208946071,0.001051342403959779,1.518671561855615e-09,0.8682358627842072,0.0007179776060256452,2.1535102617694862e-05,1.1809348237803559e-08,1.9245659122704733e-07,9.67503123777687e-06,7.614333469074842e-08,0.00033742719514661226,2.6589812368445437e-08,8.886758720410453e-10,3.6870163299895005e-09,2.0780083100393728e-06
110,0.06785321154016213,9.960922820030746e-06,0.06171078108543698,6.428083370623272e-08,0.003218910935366141,0.00042451997662361883,0.0044073639790632715,9.270279393844586e-09,0.8586906921664191,0.002963502810072606,5.565917020490565e-05,3.186686076519937e-08,6.019678832151713e-07,1.035235118367711e-05,7.673312262698372e-08,0.0006524987844972634,1.954674739106517e-08,4.328848127077108e-11,2.553857985072159e-09,1.7400152759914958e-06
111,0.10385693992557618,1.022710354298324e-05,0.059045755909359524,1.0090799643905493e-07,0.0006645273780216433,0.0001371939152347794,0.0010054208859979407,1.9361461565108215e-09,0.8300867649634798,0.004961935820919911,5.564470522692489e-05,4.780049019251017e-09,9.040636342940493e-08,1.1223641897066032e-05,7.443976775106769e-08,0.00016255366392034146,1.850083578655011e-08,5.416188107102899e-10,2.4763121551932107e-09,1.5180977331943084e-06
112,0.12414560633240514,9.483839995487413e-06,0.040739370383644356,5.3463785167531823e-08,0.004758640263700103,0.001731396998931447,0.01705737187450917,1.3517814957684816e-08,0.8019144097370376,0.008494397785722354,0.00012856535100788712,7.169509179938065e-08,1.2495039991483088e-06,1.2134857848098698e-05,7.229515717602442e-08,0.0010058443387106273,1.494572114082007e-08,2.2532707233907049e-10,5.924225113428064e-09,1.296665366207475e-06
113,0.18811629330532795,1.0336462571928163e-05,0.044176942106708236,1.0299907222432691e-07,0.0004750595471643926,0.00021777234095992867,0.001970716540254303,4.184387897359049e-09,0.7541013800802423,0.01067552130457749,0.00013640515063767964,4.626932161691219e-09,9.497779957224693e-08,1.311871299588394e-05,7.193954355379697e-08,0.0001050692547111362,1.2603177722012586e-08,2.605670410537007e-10,1.3284686281563165e-09,1.0922738997025257e-06
114,0.20656626413589974,9.348865849596593e-06,0.02798833468492319,5.737815477596461e-08,0.0038260730250181826,0.0033614142170108104,0.03234357388692573,1.4144206141062207e-08,0.7109873312324677,0.013878130757793601,0.00020369015971363226,8.483889292943806e-08,1.4192296772847923e-06,1.4249645888345414e-05,6.697684667975566e-08,0.0008189759640684965,1.1085413546873077e-08,3.9034106011614865e-10,7.659234479294354e-09,9.51721673797056e-07
115,0.2931488068874184,1.0178488408392766e-05,0.03252295885542465,1.0492188039719009e-07,0.0002748885000255073,0.0002697934817669955,0.00280604372928247,6.084752130432124e-09,0.6548221065309658,0.01584506640272977,0.00022908383601108676,4.10509121129697e-09,8.681421763793994e-08,1.5319101447340044e-05,6.67599169419048e-08,5.468682545132309e-05,8.56646417920683e-09,1.0597030374307955e-10,5.287106297861086e-10,7.894740641721266e-07
116,0.3207156435346087,9.475710575324743e-06,0.022312210963305594,8.279907009897505e-08,0.001787202915096202,0.003228405866345104,0.030917214123848936,1.1036478237817446e-08,0.6023313056809274,0.01801846658208082,0.00027577964798412364,5.68695170847505e-08,8.961616602746169e-07,1.6599473056689163e-05,6.087202948102577e-08,0.0003858765004108179,7.836943998629978e-09,3.9219323947786553e-10,6.312216492483362e-09,6.967216515166809e-07
117,0.40471548405521096,9.556211637355112e-06,0.024124616249276115,1.0821211941222902e-07,0.0001821546578673798,0.0003121128201964788,0.0035444725968414104,6.886571765460531e-09,0.5469812280747289,0.01976984432258678,0.0003071813331940501,2.426957449306182e-09,7.41720817070409e-08,1.7754123647419265e-05,5.885675406008446e-08,3.475338881513256e-05,5.990949993290299e-09,1.1103714732241585e-10,5.39394298465792e-10,5.849701322122383e-07
118,0.44997833641696877,9.137157757895866e-06,0.0187394032003084,1.0730811271128805e-07,0.0004590087080861169,0.0015218415491911796,0.014585133548911364,8.307732190357653e-09,0.4930865908153148,0.021166833592818735,0.00033404918716647616,2.1439123024872144e-08,2.970328908722824e-07,1.9089318275816682e-05,5.305671606371535e-08,9.956647215344441e-05,5.344407172624091e-09,2.337586420419818e-10,3.146433338114079e-09,5.141638733885584e-07
119,0.5006256729230356,8.249689971369305e-06,0.01755946404935402,1.0395964367454714e-07,0.00043811857198921606,0.001468095702260207,0.014391694193994047,7.787024504938386e-09,0.4426211101589705,0.02240727939515777,0.0003674651557408645,8.570405759326815e-09,2.3299181053671088e-07,2.032520142139904e-05,4.804897652287337e-08,9.167287075608666e-05,4.388126753493966e-09,2.619467972964859e-10,1.985552497885684e-09,4.4409386176270444e-07
120,0.5633354124974682,8.038173669692324e-06,0.014845610695979344,1.1432116906956633e-07,6.408562258639453e-05,0.0003663008535222802,0.0038477403856557674,7.717449978731297e-09,0.3939244634592014,0.02319081009812378,0.000382152232107578,5.475823884750321e-09,5.46248702088021e-08,2.161053532760867e-05,4.286559067425207e-08,1.3163315790422413e-05,3.6290434497418985e-09,8.657052955654311e-11,1.0026624926971215e-09,3.8240738771345346e-07
121,0.5641420728626625,6.499879612969625e-06,0.011919605826656772,8.221179080822971e-08,0.0008137968763720299,0.0046304144687152795,0.04471136431482898,9.591571552971126e-09,0.3496805626596116,0.02350446497542704,0.0003943389932344643,2.2555717710867325e-08,5.253547127550743e-07,2.2859663577749477e-05,3.620598290365325e-08,0.0001729965398484235,3.2645723000691125e-09,4.465731501458023e-10,4.351500561460534e-09,3.389570303172304e-07
122,0.6534653196723247,6.557405645695719e-06,0.011213005407841455,1.1108013842322014e-07,2.7091450942000116e-05,0.00023612031490408182,0.002543910219273201,7.8845337753732e-09,0.30871637569654503,0.02334981671449917,0.00041206817355346075,3.4017684764820072e-09,2.4576779254757416e-08,2.3988126138019617e-05,3.248370622155221e-08,5.278391852094895e-06,2.514103496634912e-09,3.712098631722756e-11,5.258989061164232e-10,2.8592243187576307e-07
123,0.6165643447833518,4.975962895447479e-06,0.007829113742319132,5.628849577298154e-08,0.0008390506984450488,0.007493060610660078,0.07226810210274265,1.0937774336656713e-08,0.27165070874035424,0.02273564898943004,0.00041107367479174237,2.819076085399035e-08,6.038912000095972e-07,2.5141243917639378e-05,2.6298760221118923e-08,0.0001777884305095622,2.3459321590760555e-09,4.5972886196945677e-10,5.201745688409341e-09,2.5740618467074506e-07
124,0.7283888763135358,5.113882707590562e-06,0.008433731319198166,1.0741713356633149e-07,2.0087166862800815e-05,0.0002887499154519801,0.002597837381537541,7.677990013178027e-09,0.238261924859613,0.02156751662739497,0.00040505143179758604,3.518221237141216e-09,1.8470481923831972e-08,2.604324239579736e-05,2.3452200460654466e-08,4.6887959153995366e-06,1.7663424475736808e-09,6.407621931282688e-11,8.374082830949089e-10,2.158597350373691e-07
125,0.6918352706571385,3.9845501101407375e-06,0.005592721497568332,4.8766898491530536e-08,0.0005024899434929606,0.006662533136175553,0.06538496026067973,1.0474078287684336e-08,0.20883279591589304,0.02062985457592502,0.0004223280396487341,1.9593138631037444e-08,3.8278360565670765e-07,2.6974489683374903e-05,1.8853800105185104e-08,0.00010540540246847056,1.5894918883164656e-09,2.8540939765454784e-10,3.6940801782110053e-09,1.954907139649807e-07
126,0.7893938929156408,3.928526412637538e-06,0.006327318484300894,1.0284827535544423e-07,1.400325126606296e-05,0.0003543995922782191,0.0023991007077053574,7.239230045916494e-09,0.18207756999170016,0.01901080486772147,0.00038699971773849696,2.760479047465189e-09,1.4293036100510959e-08,2.764551837389874e-05,1.647436494827116e-08,4.025050837191223e-06,1.2386704207444812e-09,1.2437927054756696e-10,1.3212474176394772e-09,1.6507634188955057e-07
127,0.7811113346050007,3.3396728270232733e-06,0.004340725908685884,5.5531740213032115e-08,0.00016915336426421516,0.003158080350822317,0.0323398692992945,8.810287812225964e-09,0.15988396787858541,0.018518025363301934,0.00041259429285315217,7.93159418638702e-09,1.3484908785566095e-07,2.8276231720172508e-05,1.384950703023369e-08,3.426087256704722e-05,1.0251771056393136e-09,9.012055210002457e-11,1.4187629920303932e-09,1.486538003069042e-07
128,0.8314674142305502,3.0941317297836333e-06,0.004603684720890988,9.294205589037185e-08,2.930478020763194e-05,0.0008889795020118423,0.006995633772977175,6.961453078321904e-09,0.13863651112044395,0.016976434314084854,0.0003625829091524936,1.7007072061220524e-09,2.971924899808138e-08,2.8753252313559813e-05,1.1947320571627936e-08,7.335308784056301e-06,8.54405193463386e-10,1.8464205541868633e-10,1.7530931877668908e-09,1.2589392734887921e-07
129,0.8425409484361863,2.8628910282058466e-06,0.0031994813312249968,5.494925740527075e-08,4.866254213880106e-05,0.001142360114229918,0.013171598408333162,7.456665316291725e-09,0.12247263030154633,0.01698933588709874,0.00039389970012329123,2.402499488571206e-09,4.144684974384166e-08,2.9116252140171437e-05,1.049141460470995e-08,8.874995630445076e-06,6.463455442854599e-10,1.2613880941202894e-11,2.9435564430133626e-10,1.1144031758863012e-07
130,0.8522968997057523,2.5844920301143733e-06,0.0031118130216736145,7.405307384742046e-08,5.848707492503469e-05,0.0023017483994005015,0.02054418376480752,6.838783446683163e-09,0.1058455852224635,0.01546821534344383,0.00032766799743824324,1.292202659958194e-09,6.771095947216994e-08,2.9439762004931766e-05,8.912477408233164e-09,1.3121153576271902e-05,5.603696940129519e-10,2.0650459214488482e-10,1.908331733222123e-09,9.25797802724699e-08
131,0.8684730203772645,2.5243351732232873e-06,0.0020879581863070275,4.572681735927456e-08,4.609898551181407e-05,0.001686308188213753,0.01809330988373278,6.998676709705904e-09,0.09399027837914294,0.0152212725910103,0.0003604440590914838,2.8361147968719833e-09,5.053461380032622e-08,2.964530651018853e-05,7.912232000473407e-09,8.945229467800118e-06,4.0087827830645327e-10,2.2002685341399644e-11,3.6392817949294223e-10,7.968331082847943e-08
132,0.8614764070412855,2.2804514419460976e-06,0.0018789747714721807,4.907642128042455e-08,6.809272307110868e-05,0.003914421158169649,0.03718984465062097,6.548534062671896e-09,0.08154555675987869,0.013575107040260197,0.00030464071167528013,2.123379494693471e-09,1.044899548352772e-07,2.9886249967837836e-05,6.830775941534287e-09,1.455417343911404e-05,3.292366463350911e-10,1.5946005151246615e-10,1.5262159723959044e-09,6.318473858834847e-08
133,0.8876532892211118,2.2581371182783518e-06,0.0012519823922543547,4.1546684009090046e-08,3.790113322888158e-05,0.002374989817553094,0.02335993359964603,6.8748461075381185e-09,0.07237258153417467,0.01260150778799515,0.0003075638232908799,4.703076776348432e-09,5.816837164766234e-08,3.0061065776669307e-05,6.086598168692717e-09,7.760938408438792e-06,2.3724791734269027e-10,4.0493076592421636e-11,6.222975265730235e-10,5.226982663658414e-08
134,0.8798420847198242,2.0287769652300865e-06,0.0010191358822527875,2.9963765237983235e-08,4.4501778712712896e-05,0.004037321895857003,0.03977569346954851,5.937663158240506e-09,0.06367140356439528,0.011276169891908662,0.0002919877403120453,2.6813378492581045e-09,9.526207417223081e-08,3.0299958870273288e-05,5.3479873177295976e-09,9.193328428478576e-06,1.6552304588891016e-10,8.048017059482291e-11,8.346507853849981e-10,3.871944344516159e-08
135,0.9136913063781593,1.9220211011272266e-06,0.0007246983407763578,4.439424323144392e-08,1.65250477764778e-05,0.0018797281130735217,0.01717082554489109,6.408776086627794e-09,0.05614616583287732,0.01007371707669684,0.0002609683955553717,4.606402156099137e-09,3.545560978770751e-08,3.053481752931854e-05,4.441371753056482e-09,3.481936046706375e-06,1.2540238218362747e-10,6.099188116793495e-11,7.870132883331028e-10,3.021570560006584e-08
136,0.9128542200534189,1.6811993163498248e-06,0.0005109213375698181,2.3771897985987498e-08,1.6085768299696686e-05,0.0023198699623239497,0.02404739690139607,5.224379641117137e-09,0.05032767890654511,0.009617337103042231,0.00027075262175147276,1.5804873841295233e-09,4.449595651990552e-08,3.081197953408883e-05,3.78620789017444e-09,3.1443394493227348e-06,7.291556557231445e-11,2.626447657131704e-11,3.080393056187878e-10,2.0561204122289403e-08
137,0.9373490548377216,1.442966008389969e-06,0.0003914748345636911,4.68498102455896e-08,3.530524163579417e-06,0.001012234754548535,0.008311147226363039,5.597538605100764e-09,0.04400550215788498,0.00866613742749878,0.000227508402463522,2.848996355454767e-09,1.2627746607222745e-08,3.111276924896554e-05,2.91383516957507e-09,7.678469432543418e-07,5.2665574465125185e-11,6.78873633678977e-11,7.720347556539275e-10,1.4522076705274405e-08
138,0.9382361012522802,1.1962502165058889e-06,0.0002227103981044835,2.2939108141701693e-08,4.504740732423087e-06,0.0009910893128300465,0.011632916698766657,4.622130855260895e-09,0.03993458608222209,0.008702274945148688,0.00024237886985699187,4.6450900933333e-10,1.4157213391639425e-08,3.1398426038499916e-05,2.443256978107314e-09,7.895151327880659e-07,3.022099191595129e-11,6.57141137210768e-12,8.96895665932284e-11,8.755970105439658e-09
139,0.9519782655020346,9.351613850159688e-07,0.0001805517918166746,4.380985438298701e-08,1.216856987478401e-07,0.0006249138140863341,0.004575253309208557,4.908722299872667e-09,0.03469929773362745,0.007712110088828039,0.000196785672246274,1.0964056116832052e-09,5.147396803301785e-09,3.1679374284258784e-05,1.8213916455942096e-09,2.3220827921300374e-08,1.4586518052203606e-11,5.347145328993675e-11,5.856068931104877e-10,5.208520262354804e-09
140,0.9411911618764622,7.469267664790086e-07,7.159908634969622e-05,1.816437895048539e-08,3.273434135895224e-06,0.0016943691286939733,0.017988101090036235,4.196898112459883e-09,0.03141848122191891,0.007389065868138602,0.0002106697131466535,5.205639684881744e-10,1.4081115411367866e-08,3.1895807204530084e-05,1.4232449584804733e-09,5.947110298337293e-07,1.1745784731250775e-11,1.5303781390118294e-11,1.7770472865213199e-10,2.545160825418787e-09
141,0.9595223251682246,6.031787772391723e-07,7.357252324784153e-05,3.49177752133552e-08,6.476390890802641e-07,0.00070444172936306,0.005960153927684545,4.428758488091126e-09,0.02727270229347693,0.00626163386388288,0.00017171392950297634,1.4702373056200558e-10,4.630858077270104e-09,3.2053295250267404e-05,1.1060783223757036e-09,1.0537403559011864e-07,2.6538252874323084e-12,3.199551179126e-11,3.571240780902918e-10,1.455198146599817e-09
142,0.937957265274365,5.353749527066828e-07,3.0710860694873956e-05,1.2351105132141633e-08,3.347317224474197e-06,0.00290966093969376,0.028990313398066153,4.000059221821868e-09,0.024286453232910975,0.00561630692914738,0.00017259013676069082,1.3331122077784672e-09,1.6178200158569602e-08,3.214301549430766e-05,8.663896406232428e-10,6.375879821215035e-07,5.459698558557235e-12,2.3115263982975863e-11,2.652731892981779e-10,9.099920686390711e-10
143,0.9649566600111661,5.337264534033194e-07,5.4157394217709674e-05,2.377494910379407e-08,1.873570373854055e-06,0.0008082289528974939,0.007827705782638956,3.844120629656969e-09,0.021199692636532548,0.004962794767527347,0.0001558107930235662,8.738818586453631e-11,4.828225706964715e-09,3.216056441924006e-05,8.387092969471921e-10,3.463426230931121e-07,3.677263152247294e-12,1.3900391801050098e-11,1.5774581654567904e-10,1.9094102290320137e-09
144,0.9475227162086761,5.535243586765775e-07,6.867652569690605e-05,1.1952484634362711e-08,3.04275644928597e-06,0.00274360396242066,0.0264881618897189,3.85174002268493e-09,0.018449368727893607,0.004553611304761612,0.00013748249233463356,2.0013420563872317e-09,1.4872528648521067e-08,3.2153255303885036e-05,7.249842173066996e-10,5.930700640980263e-07,5.8398999295874844e-12,1.8405966031042504e-11,2.1799846996211586e-10,2.636998011060039e-09
145,0.9722709079023325,6.057124232443989e-07,9.322694082863832e-05,1.607570813792155e-08,2.2500511268766645e-06,0.0005811780582108638,0.006144515202652765,3.237434865850091e-09,0.016263305280346422,0.004471698389628428,0.0001397524584759249,3.1199215495426566e-10,3.846362623856322e-09,3.212022887533941e-05,7.543630267799261e-10,4.104232621777915e-07,9.315640676554771e-12,3.652683962561403e-12,3.8918701819924674e-11,5.0740890613738425e-09
146,0.9662530131068827,6.098837301962689e-07,0.00014010575763356162,1.5137916276286397e-08,1.7183253291354986e-06,0.001481472366020759,0.01395389331209133,3.3968267167650195e-09,0.013921649650125921,0.004099960404990568,0.0001150801101103429,1.5299961842073514e-09,8.274268838469867e-09,3.212108317773754e-05,6.107884830519981e-10,3.4042718042102596e-07,7.811483995121507e-12,1.2642609726739557e-11,1.593311258597768e-10,6.44314560077228e-09
147,0.9793243843797625,6.012312005414614e-07,0.0001526257945284744,1.3099939509456725e-08,1.9983643803406904e-06,0.0003220144454573074,0.0037509211360156627,2.8766319566693753e-09,0.012394486859155573,0.0039026850946148658,0.00011776284203547143,2.4429604631463787e-10,2.211570398800719e-09,3.214646717359822e-05,5.666042577693875e-10,3.44724793790706e-07,1.467447412802659e-11,1.4074876596908e-12,1.3743527163684616e-11,9.632014168773602e-09
148,0.9813497910735612,5.21857438808472e-07,0.0002026507192400021,1.643890123025667e-08,4.686099938194251e-07,0.000440066810878007,0.00397682373102089,2.7786403181964406e-09,0.010638534936562583,0.003258510643858544,0.00010028607894229562,6.159181104020144e-10,1.9200096303924613e-09,3.222862000367618e-05,4.339748620994867e-10,8.348175258897179e-08,1.0197419794904118e-11,7.428552807785269e-12,9.19742776599984e-11,1.1139703008201417e-08
149,0.9794232003667304,4.249680283404758e-07,0.00019806657494889353,1.039141181752806e-08,3.2680243709493774e-06,0.0006862409097033852,0.007147821278835723,2.5910323691889783e-09,0.009557365308080944,0.00285488499546365,9.574961349161654e-05,2.6241799393729364e-10,3.1173191275238317e-09,3.233391228986421e-05,3.454534964535565e-10,6.127471873133192e-07,1.565965057381886e-11,3.7748563459000105e-12,3.7319767918453694e-11,1.4536479306904479e-08
150,0.9883104787209829,3.0469539078573357e-07,0.0002397693665435162,1.4242425839461678e-08,2.6154584681675615e-07,6.266785456379443e-05,0.0004496998229882581,2.3781730060206717e-09,0.008408364330644172,0.0024114826988004528,8.44488244551027e-05,2.0763841758076496e-10,1.5530519719900926e-10,3.245856779602865e-05,2.432373859361289e-10,3.0464163148452665e-08,1.2232183071433705e-11,3.4479049304456316e-12,3.753249584052772e-11,1.5827832472712227e-08
151,0.9737483606725901,2.0193423579620612e-07,0.00022116113286017685,5.885893929189665e-09,5.816132399639534e-06,0.0014737946851286943,0.0145750246871633,2.261118918986137e-09,0.0076180689836619474,0.002246069594620887,7.776445363696668e-05,4.4350382147694383e-10,2.8294571262468132e-09,3.256585575308208e-05,1.442906584637177e-10,1.1411370705088537e-06,1.4521127868358361e-11,4.940204937722583e-12,5.704293826051399e-11,1.9090111038944183e-08
152,0.9905644571827974,1.3548479057562353e-07,0.00025532486073470315,1.0862038918245181e-08,4.2406844317334786e-07,2.908943472291349e-06,1.8610424443693357e-06,2.0341164817025995e-09,0.0069037299353223525,0.0021699582032985165,6.84688768096512e-05,1.4332229216256416e-10,2.279893992317859e-11,3.263379295173922e-05,1.0498304057781916e-10,6.440643680521359e-08,1.0801684465797706e-11,1.500647869989401e-12,1.3795474434586161e-11,2.000914031018528e-08
153,0.9730894759616242,1.1002665547107817e-07,0.00022782414200990346,2.9194918252276277e-09,6.412772116843714e-06,0.0016867059086171001,0.016575184036248324,1.997218682521511e-09,0.006270061657679261,0.0020478789572494992,6.241659175345594e-05,4.701446686897048e-10,1.5177032280967775e-09,3.26261254932582e-05,6.861514927239815e-11,1.2739043911585867e-06,1.4134696690477835e-11,3.1345111008289056e-12,4.342415966121335e-11,2.2882294970649806e-08
154,0.992064595977926,1.2875488880108367e-07,0.0002498718446444023,8.583398154415227e-09,3.9833492363492887e-07,1.5742584950982006e-06,1.9151869716935155e-05,1.6143831692058508e-09,0.005728393667465638,0.001846820721938261,5.636690083298879e-05,1.2477761019480883e-10,9.740909633876786e-12,3.260372960271552e-05,8.215472906587755e-11,6.012073909914025e-08,7.766236790388745e-12,8.906147178848146e-13,8.264091389036581e-12,2.3387451068908944e-08
155,0.9812714232002949,1.6637875997000163e-07,0.00021956114772302634,3.218899877861164e-09,4.226187749922682e-06,0.00109258006416703,0.010669228313529427,1.6449221506942256e-09,0.005142617970033231,0.0015171845829865561,4.958386629931994e-05,3.1308263226618097e-10,1.669134801037736e-09,3.255853427079722e-05,7.788192829014634e-11,8.370164360807588e-07,1.1324335235381985e-11,1.9796898430297783e-12,2.3607341381821394e-11,2.577691687867259e-08
156,0.9936753063663573,2.0631769060218317e-07,0.0002269980959130143,7.323766049764872e-09,2.20451009360325e-07,2.2560858816144232e-05,0.00018216757660648528,1.3458443766496377e-09,0.004583377879283912,0.0012303690445981399,4.6215409398662856e-05,1.1066674041551109e-10,3.8101237958546277e-11,3.2513159939509064e-05,8.298892405423672e-11,2.9950594950187886e-08,6.646392483169332e-12,8.485898427348251e-13,9.342332106588565e-12,2.5971586860755466e-08
157,0.9904393700614891,2.2608091369944556e-07,0.00019953565911073667,3.969206804843391e-09,1.77300161625449e-06,0.00037878498406034917,0.0038388600433204847,1.1898277604180978e-09,0.004004237910772658,0.0010640773096759525,4.027759453510643e-05,1.2178961318975937e-10,8.67922610571481e-10,3.2490386237292457e-05,6.887547604625586e-11,3.328168125474211e-07,6.99052785877741e-12,8.719652816913821e-13,7.197385871938689e-12,2.7918774055310703e-08
158,0.9940367135870318,2.1286779326870232e-07,0.0001972120443560479,5.6933483854805e-09,1.3859484623052637e-07,0.000129248985865761,0.001177743198575728,1.1270142421520478e-09,0.0034003532223042896,0.0009905457509882685,3.527914170932226e-05,1.4493171887856503e-10,2.216276286380773e-10,3.2496915121476103e-05,5.5372318733417046e-11,2.0472364423188936e-08,5.119878866503969e-12,7.638011124906292e-13,1.0952959356697986e-11,2.7959912546192062e-08
159,0.9946678276896861,1.7365038795238119e-07,0.00017315689176771712,3.3151386416183937e-09,7.069058328479758e-07,9.577813728041436e-05,0.0011141871236106137,9.138211031292474e-10,0.0028710015758208083,0.0010111453474761394,3.3326849283676106e-05,6.393619515777551e-11,1.8326324590311184e-10,3.253658788911511e-05,4.6772830651191813e-11,1.251642948122351e-07,5.345203868189773e-12,1.5790017910261966e-13,1.127670342518588e-12,2.9547107462792294e-08
160,0.9930969071735126,1.1548351755593102e-07,0.00016670526378580677,3.4621017949455046e-09,2.491729839220653e-07,0.00033282175478811576,0.0031153994282935166,8.34526129896417e-10,0.002324822214293234,0.0009047386145760341,2.5567454438334478e-05,1.6414579573331216e-10,3.1085046461264204e-10,3.2588219042393714e-05,2.7533501573239773e-11,5.0845502123490175e-08,2.759844348142869e-12,5.652549322957413e-13,8.354807209017526e-12,2.956442887498561e-08
161,0.9959996131524416,6.152974414601475e-08,0.0001473255028668699,2.5296659744978244e-09,5.144062253045576e-07,9.053228222843085e-05,0.001006625551422348,7.382747726953334e-10,0.0019231411661009988,0.0007734875095342924,2.5930205946970013e-05,5.011653154460334e-11,6.179251153533318e-11,3.264236647922622e-05,1.581028127519564e-11,9.202631305250767e-08,4.121595857699832e-12,7.603697460662785e-14,7.517327086775669e-13,3.090008797138808e-08
162,0.9929357003992941,2.370035284138124e-08,0.00014164804697270377,1.7387716993754132e-09,3.2609853639334963e-07,0.0004444355932271574,0.00431911339939855,6.326811353882982e-10,0.0015477267682169587,0.0005587975563626227,1.944983583795872e-05,8.98201639399159e-11,7.988753352577422e-11,3.267608533218042e-05,4.978487553043911e-12,6.898344795172567e-08,2.1451534766051545e-12,4.770478577910271e-13,4.724672810034176e-12,3.0979534077736535e-08
163,0.9971161411344692,1.2213737245020221e-08,0.0001290416795948468,2.3992138311494915e-09,4.3704535328204634e-07,8.833191296947207e-05,0.0008780112432379253,5.256922070224729e-10,0.001306428267257749,0.00043079280245775817,1.800066180637142e-05,3.372536656279192e-11,2.5453547831477414e-11,3.2685993959844176e-05,3.5472283871411897e-12,8.189060498594484e-08,2.1132651699285104e-12,7.735872542125731e-14,1.4230604436461111e-12,3.216330576157818e-08
164,0.9946498781622114,2.351442555848929e-08,0.00012568969264578218,9.960012306267624e-10,2.331841038736372e-07,0.00033319812004543284,0.00334166721051539,4.663591426374966e-10,0.001121303990092698,0.0003795506759006642,1.5701214584190685e-05,2.0622059123933345e-11,9.961310809358555e-11,3.2672892990815043e-05,4.198202476301449e-12,4.7427842569085077e-08,1.711976245925548e-12,2.649187388282857e-13,2.3637289721355934e-12,3.232350672062267e-08
165,0.9979929979559964,4.666577339528474e-08,0.00011795486139907246,2.1129164961553934e-09,3.055826135029896e-07,5.049430827617719e-05,0.0004203067829723405,4.00686798554731e-10,0.000992203928608651,0.0003810187626954189,1.192718988949284e-05,3.7820171108029174e-11,2.5613660489889222e-11,3.264629375534032e-05,6.186155811084663e-12,6.16701165941625e-08,1.7035437779953547e-12,8.565287501142216e-14,1.47246409450829e-12,3.341141927672687e-08
166,0.9969896056825409,7.082704445923091e-08,0.0001167771577049169,6.818821001126953e-10,7.923698223511668e-08,0.0001353857406809985,0.0014114708317727453,2.8085573724498444e-10,0.0009160647621440046,0.0003859959944308841,1.1875699121741072e-05,4.690082471129784e-12,1.2124391293781392e-10,3.262237577100844e-05,7.27791334885267e-12,1.700280841754892e-08,6.367047840386704e-13,3.955483582626159e-14,4.399328943381525e-13,3.3591931908813904e-08
167,0.9985127535325233,8.031179190853775e-08,0.00011262825780354694,1.459955294929198e-09,1.9756006357593136e-07,2.5919311864179846e-05,0.00018491069141183836,3.0449697408780683e-10,0.0008143497397367062,0.00030811406621576384,8.362885589854927e-06,3.906643756416593e-11,9.367344110541752e-12,3.260832549181418e-05,3.923199866757264e-12,3.8879632387322395e-08,1.4380177439043912e-12,1.0815481648310904e-13,9.805364415848509e-13,3.4618539149142546e-08
168,0.9983716932246459,7.702729127403861e-08,0.00011368978126217725,4.5635257936590154e-10,6.592223487640203e-09,3.950454536876656e-05,0.0004684475325050804,1.896811441939678e-10,0.0007451058532806775,0.0002211314109062391,7.695529107465905e-06,4.321213703482074e-12,4.482558496169242e-11,3.261188645635393e-05,3.1557535356885053e-12,1.1029207320445108e-09,4.848855705076197e-13,7.782563076842123e-16,2.863119915607918e-14,3.4815181939843974e-08
169,0.9988508388899491,5.766059246689333e-08,0.0001124239494239558,9.568515404132428e-10,1.3255114179617456e-07,2.7350699266820687e-05,0.00022511619208488134,1.7720113400809325e-10,0.0006216218312248434,0.00012392269166323387,5.844986729419221e-06,2.7536606537259215e-11,7.01413026193177e-12,3.2626524078067275e-05,2.123287302901608e-12,2.71008557848909e-08,5.469820087377103e-13,5.707677829450114e-14,4.549562133925447e-13,3.5751204146615546e-08
170,0.998740625253964,3.5059772818038736e-08,0.00011426714602811859,3.393777523808327e-10,1.8891869022683927e-09,4.3340642941260475e-05,0.00045336129184110776,1.3633058837991202e-10,0.0005170098018814445,9.410129942592989e-05,4.572349453350987e-06,4.111405867750625e-12,2.1083198063776877e-11,3.2647973118980607e-05,1.6284823785720905e-12,8.050831639558522e-10,4.807507041925948e-13,2.093053511475105e-15,6.960014808008566e-14,3.598421903075209e-08
171,0.999054751422785,1.4756262552379868e-08,0.00011425014103086046,6.131980202154221e-10,8.263907575741036e-08,3.13047904670848e-05,0.00028622560272607183,1.1034601043640798e-10,0.00038444949691794167,9.27345793088287e-05,3.4675597049335785e-06,1.3263033576063315e-11,2.4421796841282012e-12,3.2664532969298236e-05,2.1767324002436325e-13,1.6969008394884368e-08,4.693967989973146e-13,1.0279091590835032e-14,1.6407070760260946e-13,3.676963217607232e-08
172,0.9990199692975399,3.8970597686473055e-09,0.00011597848771063083,2.2360747203693918e-10,4.681474857084556e-09,4.1439843563136445e-05,0.0004124875303561942,6.82683647225068e-11,0.00027202000083149594,0.0001026564603037755,2.7283580967598775e-06,4.907077520777054e-12,2.668898290533984e-12,3.267295500867549e-05,2.3225700840490302e-14,1.1689648931911988e-09,1.1122663118087311e-13,4.632588031319535e-15,5.634607368174642e-14,3.701944281942973e-08
173,0.9993684821009186,2.890748380623929e-09,0.00011633233850393705,2.616823421260293e-10,4.154323716886595e-08,2.0593167966412373e-05,0.00020250861893586253,6.527362853533569e-11,0.00017111133382594648,8.655710439247527e-05,1.6533775458863186e-06,5.0074354378600705e-12,2.430411505198123e-13,3.267182591842741e-05,7.778551364003487e-14,7.77658577633971e-09,3.652341344137997e-13,1.608163126645593e-15,3.956366965907352e-14,3.75887303325311e-08
174,0.9994963880293267,8.527996030292328e-09,0.00011743192521960087,9.132146175486025e-11,9.457764970233742e-10,1.9877037555455005e-05,0.0001865069398165381,3.867651631878527e-11,9.526660289448959e-05,5.043793365650209e-05,1.3803729204953808e-06,4.5009020962442134e-12,9.752502417018788e-13,3.2663306507016927e-05,2.3303737992738387e-15,4.4078452655137817e-10,1.322773981807224e-13,1.0402813603776876e-15,8.803907286562464e-15,3.780192791528667e-08
175,0.9997108348323567,1.5895910683268712e-08,0.00011759567063773475,5.440045973264035e-11,1.3928842611920504e-08,6.848620534040532e-06,6.682203672076103e-05,1.8887177772616578e-11,4.6325009259324516e-05,1.8119565724744987e-05,7.300290379553481e-07,1.6085907471845267e-12,1.040652841290838e-12,3.265346722361832e-05,1.9351549786338818e-13,2.7116721297727183e-09,3.4498577874193525e-14,8.930633548124197e-16,3.8670558900994e-15,3.8155910051254287e-08
176,0.999790299291452,2.0780423504617788e-08,0.00011786956911786096,3.848620761835412e-11,1.393195412394944e-10,3.492516879853241e-06,3.5354160177262676e-05,1.763110593030908e-11,1.7630965250115906e-05,2.4343716249193064e-06,3.9195613425317077e-07,1.7493287493210263e-12,4.015793553940331e-13,3.2468059709442755e-05,2.4534380185068037e-13,3.537743953600647e-11,1.0719879098436506e-13,1.1791244286652095e-16,2.302474887161308e-15,3.809591134450176e-08
177,0.9998301735371292,2.2266977330492668e-08,0.00011788475054658617,1.7743967997813427e-11,3.0725390898235224e-09,7.508286524214793e-07,1.017408522619635e-05,6.320769028807532e-12,5.647816001887512e-06,2.6182326137026344e-06,2.6938319521047005e-07,3.1241259849432516e-13,2.890347866206556e-13,3.2417376128421694e-05,8.516581377932737e-14,3.9873712775139527e-10,5.72090828423274e-14,3.1334157942769575e-16,1.5989285726377992e-16,3.822744419822392e-08
178,0.9998419806549527,2.1226468907749607e-08,0.00011792615968515228,1.8648266266052096e-11,1.9173921985207332e-10,1.3472704874521916e-07,9.304375310510127e-07,5.879977945379787e-13,1.384892918947971e-06,5.1967727797851745e-06,1.8289117814019848e-08,1.3013507011590384e-13,1.1403781920938325e-14,3.2368388195385124e-05,4.491138036879865e-14,1.6112379215185294e-11,5.903572055204964e-15,3.4006495614148404e-16,7.528217004552347e-17,3.822402125060689e-08
179,0.9998436730337137,2.048884795533986e-08,0.0001179276896079296,1.1832326273493348e-11,2.0583370291428372e-11,1.021054261142434e-08,5.600780033843544e-08,3.454624000180922e-13,6.312858657656168e-07,5.31780633122294e-06,6.778800674204709e-09,2.6567489183237556e-15,2.0802575152331124e-15,3.2318451386463395e-05,6.896221435782196e-14,1.4899244888341566e-11,1.7191660520207077e-14,3.092302231479373e-16,1.7821506169157243e-16,3.819935196199619e-08
