Xgate_noise.py
Current Mountain Time: 2025-07-01 13:56:39.589957-06:00
drive_phi= True ; drive_theta = False ; n_full = 200 ; charge_truc = False
T1 = Tphi = 170 μs, num_cpus = 4
calculate_ideal = True, calculate_noise = False
Ideal: max_step = 0.0001, nsteps = 10000.0
Noisy: max_step = 0.0001, nsteps = 10000.0
n_hspace = 200 ;   n_job =  18

hspace (200\200) = np.array([
0, 1, 2, 3, 4, 5, 6, 7, 8, 9 ,
10, 11, 12, 13, 14, 15, 16, 17, 18, 19 ,
20, 21, 22, 23, 24, 25, 26, 27, 28, 29 ,
30, 31, 32, 33, 34, 35, 36, 37, 38, 39 ,
40, 41, 42, 43, 44, 45, 46, 47, 48, 49 ,
50, 51, 52, 53, 54, 55, 56, 57, 58, 59 ,
60, 61, 62, 63, 64, 65, 66, 67, 68, 69 ,
70, 71, 72, 73, 74, 75, 76, 77, 78, 79 ,
80, 81, 82, 83, 84, 85, 86, 87, 88, 89 ,
90, 91, 92, 93, 94, 95, 96, 97, 98, 99 ,
100, 101, 102, 103, 104, 105, 106, 107, 108, 109 ,
110, 111, 112, 113, 114, 115, 116, 117, 118, 119 ,
120, 121, 122, 123, 124, 125, 126, 127, 128, 129 ,
130, 131, 132, 133, 134, 135, 136, 137, 138, 139 ,
140, 141, 142, 143, 144, 145, 146, 147, 148, 149 ,
150, 151, 152, 153, 154, 155, 156, 157, 158, 159 ,
160, 161, 162, 163, 164, 165, 166, 167, 168, 169 ,
170, 171, 172, 173, 174, 175, 176, 177, 178, 179 ,
180, 181, 182, 183, 184, 185, 186, 187, 188, 189 ,
190, 191, 192, 193, 194, 195, 196, 197, 198, 199 ,
])

params = np.array([
[20.000087, 0.249753, 0.216297, 0.43883, 0.490612] ,
[30.002512, 0.222626, 0.201971, 0.389445, 0.425332] ,
[40.006173, 0.223179, 0.160035, 0.358809, 0.386917] ,
[50.000191, 0.215248, 0.148153, 0.354356, 0.376483] ,
[60.000967, 0.213711, 0.14419, 0.358967, 0.378127] ,
[70.001044, 0.209788, 0.131851, 0.353189, 0.36997] ,
[80.007155, 0.210573, 0.122946, 0.355789, 0.37113] ,
[90.009744, 0.219753, 0.113433, 0.351332, 0.376525] ,
[100.001683, 0.212233, 0.113924, 0.340021, 0.36258] ,
[110.009928, 0.211658, 0.106989, 0.341806, 0.362874] ,
[120.004766, 0.209273, 0.104767, 0.341188, 0.360503] ,
[130.002315, 0.201238, 0.098495, 0.3428, 0.353056] ,
[140.008725, 0.211735, 0.099358, 0.338134, 0.362321] ,
[150.002399, 0.205268, 0.094552, 0.339607, 0.355509] ,
[160.000656, 0.209132, 0.090941, 0.337889, 0.359183] ,
[170.00663, 0.212306, 0.087921, 0.33633, 0.362475] ,
[180.006237, 0.21108, 0.084566, 0.335734, 0.36059] ,
[190.009275, 0.209698, 0.083495, 0.335382, 0.359146] ,
])

f_ideal_200 = np.array([
-0.5790198205454877, -0.7993996187489598, -0.8957140120303428, -1.082321925681042 ,
-1.3834826045643638, -1.584261167981896, -1.623510910233529, -1.5005309049772817 ,
-1.7767438875880346, -1.8519612550287965, -2.1028499672897905, -1.9949935635341782 ,
-2.130476022662607, -2.2529620369782326, -2.261293955779113, -2.432737329426703 ,
-2.5975910134727855, -2.706223092361004 ,
])
Current Mountain Time: 2025-07-01 13:59:24.179288-06:00
3331.44user 49.48system 2:49.09elapsed 1999%CPU (0avgtext+0avgdata 849404maxresident)k
0inputs+16outputs (311major+5702618minor)pagefaults 0swaps
