get_fidelity_xgate.py
NUMEXPR_NUM_THREADS = 1
MKL_NUM_THREADS = 1

Current Mountain Time: 2025-07-08 11:44:18.132490-06:00
drive_phi= True ; drive_theta = False ; n_full = 500 ; charge_truc = True
T1 = Tphi = 170 μs, num_cpus = 4
calculate_ideal = False, calculate_noise = True
Ideal: max_step = 0.001, nsteps = 1000.0
Noisy: max_step = 0.0003, nsteps = 3333.3333333333335
n_hspace = 263 ;   n_job =  5

hspace (500\263) = np.array([
0, 2, 3, 4, 8, 9, 10, 11, 15, 16 ,
18, 19, 20, 23, 24, 25, 28, 31, 33, 35 ,
37, 39, 40, 42, 43, 46, 47, 49, 51, 53 ,
55, 56, 57, 60, 62, 64, 66, 67, 69, 70 ,
73, 76, 77, 79, 81, 83, 85, 86, 88, 91 ,
92, 95, 96, 98, 100, 101, 102, 104, 106, 108 ,
110, 112, 113, 116, 118, 120, 121, 123, 126, 128 ,
130, 132, 133, 136, 137, 139, 141, 143, 145, 146 ,
148, 151, 153, 154, 156, 158, 159, 162, 164, 166 ,
167, 169, 170, 173, 174, 176, 179, 181, 183, 185 ,
186, 188, 190, 192, 194, 196, 198, 200, 202, 205 ,
206, 208, 209, 212, 213, 216, 218, 220, 222, 223 ,
226, 227, 229, 230, 232, 234, 237, 239, 241, 242 ,
245, 246, 248, 250, 252, 253, 255, 257, 259, 262 ,
264, 265, 267, 269, 271, 273, 275, 277, 279, 281 ,
282, 283, 286, 288, 290, 291, 293, 294, 297, 299 ,
302, 303, 305, 306, 308, 310, 313, 315, 317, 319 ,
320, 322, 325, 326, 328, 330, 332, 333, 336, 337 ,
340, 341, 343, 346, 348, 349, 350, 352, 354, 357 ,
358, 361, 363, 364, 366, 368, 370, 372, 374, 376 ,
378, 379, 382, 384, 386, 388, 390, 391, 393, 395 ,
397, 398, 400, 403, 405, 407, 409, 411, 414, 415 ,
417, 418, 420, 422, 424, 426, 428, 430, 432, 435 ,
436, 438, 441, 442, 444, 445, 447, 449, 451, 453 ,
455, 457, 460, 461, 464, 465, 468, 469, 471, 472 ,
474, 476, 478, 480, 482, 484, 487, 488, 491, 492 ,
494, 497, 498 ,
])

params = np.array([
[30.002512, 0.222626, 0.201971, 0.389445, 0.425332] ,
[70.001044, 0.209788, 0.131851, 0.353189, 0.36997] ,
[110.009928, 0.211658, 0.106989, 0.341806, 0.362874] ,
[150.002399, 0.205268, 0.094552, 0.339607, 0.355509] ,
[190.009275, 0.209698, 0.083495, 0.335382, 0.359146] ,
])

f_170us_263 = np.array([
-0.7624036814481177, -1.5968180570675208, -1.7655839913105131, -2.1168451082516433 ,
-2.109317689896817 ,
])

Current Mountain Time: 2025-07-09 06:40:02.780193-06:00
878818.85user 685.40system 18:55:48elapsed 1290%CPU (0avgtext+0avgdata 9377572maxresident)k
0inputs+16outputs (35major+31937209minor)pagefaults 0swaps
