Single Qubit Data Summary:
scqubits version: 4.3.1
First 10 Eigenvalues (GHz): [ 6.40985585  8.91706014  9.81056283  9.83799957 11.25526415 12.20776803
 12.28512795 13.39244547 14.21668805 14.5099687 ]
hspace theta size: 1000
hspace phi size: 1000
hspace mixed size: 1000
n_theta matrix elements for bottom 10 states (GHz):
 [[-0.000e+00 -1.304e+00 -0.000e+00 -0.000e+00 -0.000e+00  1.500e-02
   1.000e-03  5.200e-02  0.000e+00  0.000e+00]
 [-1.304e+00  0.000e+00 -3.500e-02 -1.000e-02 -1.777e+00 -0.000e+00
   0.000e+00  0.000e+00  1.260e-01 -2.000e-03]
 [-0.000e+00 -3.500e-02  0.000e+00 -0.000e+00 -0.000e+00 -1.243e+00
   2.260e-01  1.840e-01  0.000e+00 -0.000e+00]
 [-0.000e+00 -1.000e-02 -0.000e+00 -0.000e+00 -0.000e+00 -2.170e-01
  -1.268e+00  5.000e-02 -0.000e+00 -0.000e+00]
 [-0.000e+00 -1.777e+00 -0.000e+00 -0.000e+00  0.000e+00  4.280e-01
   3.800e-02  1.996e+00  0.000e+00 -0.000e+00]
 [ 1.500e-02 -0.000e+00 -1.243e+00 -2.170e-01  4.280e-01 -0.000e+00
  -0.000e+00 -0.000e+00  1.393e+00  1.220e-01]
 [ 1.000e-03  0.000e+00  2.260e-01 -1.268e+00  3.800e-02 -0.000e+00
  -0.000e+00  0.000e+00  8.400e-02 -1.721e+00]
 [ 5.200e-02  0.000e+00  1.840e-01  5.000e-02  1.996e+00 -0.000e+00
   0.000e+00  0.000e+00 -1.681e+00  3.700e-02]
 [ 0.000e+00  1.260e-01  0.000e+00 -0.000e+00  0.000e+00  1.393e+00
   8.400e-02 -1.681e+00 -0.000e+00 -0.000e+00]
 [ 0.000e+00 -2.000e-03 -0.000e+00 -0.000e+00 -0.000e+00  1.220e-01
  -1.721e+00  3.700e-02 -0.000e+00  0.000e+00]]
