sigmaX_fidelity_import_paras.py
Current Mountain Time: 2025-01-18 13:31:12.833517-07:00
n_job= 540 , n_cpu= 50
drive_phi= False ; drive_theta =  True ; DRAG = 0
para_tot =
[10.098577, 0.40761, 0.073918, -0.080988, -0.043442] ,
[15.074434, 0.305745, 0.064397, -0.032682, -0.013623] ,
[20.039917, 0.239134, 0.059573, -0.019298, -0.010076] ,
[25.016935, 0.180445, 0.046751, -0.004934, -0.0] ,
[30.00878, 0.145485, 0.037962, 0.00053, 0.004045] ,
[35.0, 0.121768, 0.032286, 0.001859, 0.004392] ,
[39.991886, 0.104909, 0.028041, 0.002101, 0.003946] ,
[45.572781, 0.09096, 0.024445, 0.002067, 0.003452] ,
[50.273215, 0.081847, 0.022073, 0.001926, 0.003046] ,
[55.267802, 0.073999, 0.020011, 0.001734, 0.00265] ,
[59.087372, 0.068941, 0.018682, 0.001583, 0.002376] ,
[64.670051, 0.06271, 0.017022, 0.0014, 0.002053] ,
[69.959216, 0.057773, 0.015699, 0.001245, 0.001799] ,
[79.95019, 0.05031, 0.013698, 0.001001, 0.001419] ,
[89.941635, 0.044572, 0.01215, 0.000817, 0.001147] ,
[99.933208, 0.040021, 0.010919, 0.000677, 0.000941] ,
[109.925012, 0.036315, 0.009915, 0.000569, 0.000786] ,
[119.916936, 0.03325, 0.009081, 0.000486, 0.000668] ,

log of gate error (truc=157) =
-0.47258718, -0.88807261, -1.93415283, -2.61714432 ,
-3.36113129, -3.7660736, -4.09354156, -4.43821923 ,
-4.72240217, -4.8920305, -4.95854623, -4.99475319 ,
-5.0647156, -5.03933285, -4.97563509, -4.89520943 ,
-4.82664924, -4.71687567 ,

log of gate error (truc=500) =
-0.47261077, -0.88709306, -1.93500719, -2.61957183 ,
-3.36621915, -3.7615296, -4.08344036, -4.38581399 ,
-4.64589869, -4.8123669, -4.88044778, -4.94483207 ,
-5.0182744, -4.98958545, -4.93771614, -4.86443236 ,
-4.79625241, -4.69534901 ,
Current Mountain Time: 2025-01-18 13:33:02.063651-07:00
