sigmaX_fidelity_import_paras.py
Current Mountain Time: 2025-01-13 00:22:44.997301-07:00
drive_phi= True ; drive_theta =  False ; truc =  30
params =
[19.00623, 0.248493, 0.216342, 0.446771, 0.482078] ,
[29.548086, 0.21911, 0.197031, 0.396681, 0.414846] ,
[40.141878, 0.212774, 0.163809, 0.382631, 0.397143] ,
[49.968364, 0.21394, 0.152888, 0.355466, 0.375973] ,
[60.002304, 0.213692, 0.143295, 0.35721, 0.376591] ,
[70.126289, 0.215227, 0.134547, 0.34898, 0.371879] ,
[80.021881, 0.221393, 0.121476, 0.346693, 0.375188] ,
[90.292422, 0.215877, 0.118339, 0.344084, 0.368744] ,
[100.02177, 0.20378, 0.113027, 0.343598, 0.3569] ,
[110.097338, 0.204955, 0.108112, 0.342285, 0.356904] ,
[120.7903, 0.206081, 0.104591, 0.340124, 0.35662] ,
[130.894161, 0.207009, 0.101125, 0.338412, 0.356524] ,
[140.077366, 0.207119, 0.09866, 0.338056, 0.356764] ,
[150.425935, 0.207456, 0.094651, 0.339048, 0.357853] ,
[159.936512, 0.211394, 0.093445, 0.334238, 0.360446] ,
[169.931574, 0.205527, 0.090469, 0.335435, 0.354256] ,
[180.06197, 0.203381, 0.086796, 0.338764, 0.353566] ,
[189.952779, 0.206865, 0.085337, 0.330766, 0.353514] ,
[200.79232, 0.209731, 0.082311, 0.331483, 0.357393] ,
n_cpu =  8 ;   n_job =  152
gamma_2 =  6.25e-07 gamma_p2 =  0.0
T1_2 = 1599999.9999999998 ns
T1_other = 2000.0 ns
Tphi_other = 400.0 ns

f_ideal = [
-0.18019187973611184, -0.18447062010811885, -0.18534729492321297, -0.18320732807022921 ,
-0.1819756744382943, -0.17872004303330682, -0.17698721354271293, -0.17691185387184566 ,
-0.1799917183065255, -0.1780581600914333, -0.17696350167213523, -0.17660738910281495 ,
-0.17648421448420004, -0.17640671175056197, -0.17613925531632785, -0.17627903558660207 ,
-0.17642058625448875, -0.17612219313784563, -0.17610285267382214 ,
]

f_noise = [
-0.18023869896427083, -0.1844746815144653, -0.1853406369793755, -0.1832582828669888 ,
-0.18208391916996394, -0.17896638216321345, -0.17734622967526062, -0.17731930251355177 ,
-0.18029736035130292, -0.1784997811639335, -0.17751343012087065, -0.177230123578687 ,
-0.177164938355739, -0.17715385001854067, -0.17696168457435157, -0.17714120377587644 ,
-0.17733510894343227, -0.17711486495185, -0.17717526889729804 ,
]
Current Mountain Time: 2025-01-13 11:55:28.138153-07:00
3665466.26user 1403.11system 11:32:48elapsed 8821%CPU (0avgtext+0avgdata 36219824maxresident)k
0inputs+16outputs (686major+176113782minor)pagefaults 0swaps
