tg,0-0,0-1,1-1,1-0,other
0.0,1.0,0.0,0.0,0.0,0.0
1.0216477888888889,0.9999874563573444,1.136166410741988e-05,1.3690992525350138e-12,1.1817801226894846e-06,1.9705703971302286e-10
2.0432955777777777,0.9998352706358659,0.00014734554612393265,3.2820392352431814e-10,1.7374132570529305e-05,9.357236236503712e-09
3.0649433666666663,0.9993767297270956,0.0005349302310295834,8.989578091895234e-09,8.824079657897585e-05,9.025571968400404e-08
4.086591155555555,0.9985616412904392,0.0011351435739989258,1.1291154029601342e-07,0.0003027557216722208,3.46502351454699e-07
5.1082389444444445,0.9974417783321122,0.0017845068887191195,8.063114644324992e-07,0.0007718160199256517,1.092447779167301e-06
6.129886733333333,0.996197782366453,0.002210410608932487,3.605663961718241e-06,0.0015857858249090605,2.415535744825446e-06
7.151534522222222,0.9946244786133114,0.0023904362199412997,1.2365422746549277e-05,0.0029683658752296172,4.353868771164159e-06
8.17318231111111,0.99149977111163,0.003186210546516524,3.7891475314363945e-05,0.005266334997036659,9.791869502298133e-06
9.194830099999999,0.9858632073001458,0.005479626670418883,0.0001025961676772402,0.00852831099947179,2.625886228814353e-05
10.216477888888889,0.9787019519819818,0.008277879527410917,0.00023550628959259726,0.01272896740532384,5.569479569175016e-05
11.238125677777777,0.9711750330486568,0.009745381462650343,0.0004854096173602131,0.018509404350635215,8.477152070142369e-05
12.259773466666665,0.962135271653636,0.010432797520289737,0.0009742227558845346,0.026329167866539882,0.00012854020365043743
13.281421255555555,0.9501482116138149,0.012435270933841178,0.0018665642703846505,0.035310397120137754,0.00023955606182385054
14.303069044444443,0.9357614533157443,0.015473656966792624,0.0032308436401239965,0.04511458909610877,0.00041945698123086996
15.324716833333333,0.9188922205450278,0.01816085522596588,0.005185350899806766,0.05716271022242226,0.0005988631067766595
16.34636462222222,0.8980593001785082,0.021869249319172904,0.008210013526124774,0.07101197900724515,0.0008494579689504769
17.36801241111111,0.8749640584526309,0.027393367144977497,0.01270735169300992,0.08357145281891132,0.0013637698904713656
18.389660199999998,0.8538520736182277,0.030786404603085363,0.01830326338757499,0.09505706842835052,0.0020011899627641393
19.41130798888889,0.834336531146324,0.030164419804398886,0.02480989456846154,0.10821869303392426,0.0024704614468931377
20.432955777777778,0.8118338552401589,0.03184733141849735,0.03317329887840288,0.11996564472031726,0.0031798697426234012
21.454603566666666,0.7864634684726799,0.04022920438707251,0.043540811718909916,0.1250917167806295,0.004674798640709193
22.476251355555554,0.7642716669833126,0.048306880467476006,0.05388648145034172,0.12734761146304613,0.0061873596358223695
23.497899144444442,0.7492144265273731,0.04970366076336634,0.06314723565419103,0.13117612371895226,0.006758553336117266
24.51954693333333,0.7393478910536148,0.0504098586246933,0.07261122287617,0.12998015642525668,0.007650871020266488
25.541194722222222,0.7318711898492599,0.057001261101826885,0.08195182922723017,0.11915111938425618,0.010024600437427394
26.56284251111111,0.7284927323999929,0.06398472142931182,0.08810900665217274,0.10753379421540207,0.01187974530312119
27.5844903,0.7319593510086376,0.06689988213639728,0.09011929334449383,0.09942200602550284,0.0115994674849692
28.606138088888887,0.7384619378665279,0.07359934074278503,0.0897403657379575,0.08647739938915991,0.01172095626356829
29.627785877777775,0.7442000031125187,0.08691947136572013,0.08767220296168961,0.06732063086063776,0.013887691699434978
30.649433666666667,0.756347737368417,0.09415530615036954,0.08309138783108985,0.05148701845083711,0.014918550199287015
31.671081455555555,0.7786405166231831,0.09114877343164074,0.07667869086681217,0.04038046924459735,0.01315154983376719
32.69272924444444,0.7940118629154576,0.09520459623252556,0.07014636355363128,0.028292601197162724,0.01234457610122447
33.714377033333335,0.7907709613460565,0.11357957710670329,0.06472239897590956,0.016549752917639146,0.014377309653692235
34.73602482222222,0.7871655398207882,0.12547068110556908,0.0612855013091502,0.010361349304209087,0.015716928460282244
35.75767261111111,0.7946660356180549,0.12007820424876214,0.06092421101983338,0.009957384225443419,0.01437416488790632
36.779320399999996,0.7918626975636645,0.11636284241063008,0.06416299506799329,0.012956103274864947,0.014655361682847442
37.80096818888889,0.7667136681906332,0.12622971854891174,0.07079880082952354,0.01747045042495922,0.018787362005973054
38.82261597777778,0.7396430207609476,0.13225648123006917,0.08044951963016493,0.025345885072615877,0.022305093306202898
39.844263766666664,0.7196694053666399,0.125912870901912,0.0930362881491588,0.039009491459876866,0.022371944122412783
40.865911555555556,0.6923233689527534,0.12279510845626793,0.10774674234185785,0.052581202556791475,0.024553577692328427
41.88755934444444,0.659224263169136,0.12770180552704985,0.12271792048132088,0.05901167410622481,0.0313443367162666
42.90920713333333,0.6384334344211883,0.12515241200686536,0.13599134106993244,0.06529629782226501,0.035126514679749116
43.930854922222224,0.62973310973538,0.11462620144042633,0.14654915649424627,0.07620661440231523,0.03288491792763342
44.95250271111111,0.6184486821618078,0.11529627928660544,0.1526231114618282,0.0804292839639386,0.03320264312581806
45.9741505,0.6074611662792304,0.12741045069853013,0.15299398077247423,0.07379700025856542,0.03833740199120082
46.995798288888885,0.6150693580938288,0.12911677370228067,0.14813363062146678,0.06921411423601913,0.03846612334640413
48.01744607777778,0.643425846506317,0.11771587944623482,0.13882429468216928,0.06819956288424098,0.03183441648103801
49.03909386666666,0.670408115695424,0.11630528963562436,0.12563883906502085,0.059388459830595486,0.028259295773335052
50.06074165555555,0.6848412347396974,0.13081282047992737,0.11054384349221641,0.04464580967137497,0.02915629161678332
51.082389444444445,0.7056454348231337,0.13762897734219093,0.0957603575723695,0.03420046055602375,0.026764769706282984
52.10403723333333,0.741426068961537,0.12881634708697598,0.08246942050735583,0.02664163038011727,0.020646533064014965
53.12568502222222,0.7691182818951815,0.12390968576567885,0.07181440366512266,0.01743510181667793,0.01772252685733934
54.147332811111106,0.7774193185242604,0.1295206525571155,0.06505855846371215,0.00981241149783972,0.01818905895707282
55.1689806,0.7847143761837849,0.1279253082263313,0.06240494661654403,0.007981906378952231,0.016973462594387752
56.19062838888889,0.7939745430712423,0.11675699199796742,0.06308509256706935,0.012112425388643237,0.014070946975078491
57.212276177777774,0.7876265749057073,0.1125778788241627,0.06634719685810167,0.019579955974743712,0.013868393437283508
58.233923966666666,0.770348480249743,0.11382604397811377,0.07196539528331915,0.02780931379893689,0.0160507666898884
59.25557175555555,0.7611533683370911,0.10408814334567314,0.07897238454607716,0.039727278153414036,0.01605882561774438
60.27721954444444,0.755493032102187,0.08732763468012744,0.08599593256696376,0.057256862604040455,0.013926538046681376
61.298867333333334,0.7391246767813942,0.0818090735029235,0.09213548854548194,0.07316500204756896,0.01376575912263314
62.32051512222222,0.7197610907535398,0.08488800943573538,0.09635503723986746,0.0836340991819993,0.01536176338885842
63.34216291111111,0.7125079865512026,0.07950958450971841,0.09694767042294325,0.0963681752858824,0.014666583230254028
64.3638107,0.7162668415568997,0.06595167055893376,0.09380285499778032,0.11202486607102197,0.011953766815364558
65.38545848888889,0.7220957534180095,0.05822671337551205,0.08893547972906943,0.12009149490184182,0.010650558575567471
66.40710627777777,0.7288576431213084,0.0577760870114499,0.08260646351902255,0.12042071556610216,0.010339090782117326
67.42875406666667,0.7411359065442453,0.05461467909419036,0.07295217324185584,0.12267937338571437,0.008617867733995168
68.45040185555555,0.7599673597687899,0.04811051432000506,0.06061200864459596,0.12505549331262783,0.006254623953980449
69.47204964444444,0.7818248539841937,0.04486525522386525,0.049031714268091935,0.11915392794825662,0.005124248575592838
70.49369743333332,0.804914909681821,0.04313746895943862,0.03944411092998373,0.10794251712634473,0.004560993302412599
71.51534522222222,0.8307936526406197,0.037036523046148545,0.030408948793169584,0.09841476163924277,0.0033461138808200466
72.53699301111111,0.857931090204143,0.029702797861879925,0.021791818321624763,0.0885577855418001,0.0020165080705527197
73.55864079999999,0.8810347910168433,0.02763288011756693,0.014925204579620658,0.07503720681570267,0.0013699174702671074
74.58028858888889,0.8995365875621386,0.028140629749392878,0.010098062919250774,0.061089603058916475,0.0011351167103011775
75.60193637777778,0.9181842194527858,0.024836391820022088,0.006568730473425234,0.0495749968902776,0.0008356613634914997
76.62358416666666,0.93771790064559,0.018745023479425832,0.003982034514535839,0.03905702918760852,0.0004980121728416381
77.64523195555556,0.9538033969020454,0.014691954825052256,0.0023080180616000603,0.028918626433829864,0.0002780037774714422
78.66687974444444,0.9648889895996253,0.012923387463177435,0.0013080887885563222,0.020724211177079756,0.00015532297156143441
79.68852753333333,0.9733521311371318,0.011047446084246995,0.0006936765477204268,0.014820030548427175,8.671568247400531e-05
80.71017532222221,0.9803370558046861,0.009036928804174624,0.00033240706256874793,0.010234009602760791,5.9598725809905234e-05
81.73182311111111,0.9854769354679309,0.007633565565371071,0.0001540670291190913,0.006684753279476788,5.067865810124871e-05
82.7534709,0.9894397986344338,0.006051568289045077,7.54686227005492e-05,0.004396803918430139,3.636053539164151e-05
83.77511868888888,0.9928887793907104,0.003896717325710922,3.653791994031205e-05,0.003159529433771963,1.8435929867301182e-05
84.79676647777778,0.9951972405684305,0.0022654695704656183,1.5805061098781743e-05,0.002513011758335005,8.473041671350847e-06
85.81841426666666,0.9960476943598012,0.0017625556014587017,7.482865203532816e-06,0.0021754987291191233,6.768444418202614e-06
86.84006205555555,0.9962917674261662,0.0016368231863681598,6.280374994686915e-06,0.002056732403950895,8.39660852009797e-06
87.86170984444445,0.9966732894779138,0.0012115375899115297,7.505259467448535e-06,0.002098314876406376,9.352796302737707e-06
88.88335763333333,0.9971848321262545,0.0006258539978908859,8.941268646621917e-06,0.002171829536214122,8.543070994838278e-06
89.90500542222222,0.9975927929400699,0.0002080642185619381,9.733925001649073e-06,0.002182182619653021,7.226296714417418e-06
90.9266532111111,0.9977853460525488,3.536409900756452e-05,9.706065193775994e-06,0.00216274463693041,6.839146320285097e-06
91.948301,0.9978190470781263,9.098653706446738e-06,9.465770013665756e-06,0.0021554106959089272,6.977802245326131e-06
