get_fidelity_xgate.py
NUMEXPR_NUM_THREADS = 1
MKL_NUM_THREADS = 1

Current Mountain Time: 2025-07-08 11:41:12.389055-06:00
drive_phi= False ; drive_theta = True ; n_full = 300 ; charge_truc = True
T1 = Tphi = 170 μs, num_cpus = 4
calculate_ideal = False, calculate_noise = True
Ideal: max_step = 0.001, nsteps = 1000.0
Noisy: max_step = 0.0003, nsteps = 3333.3333333333335
n_hspace = 157 ;   n_job =  5

hspace (300\157) = np.array([
0, 1, 2, 4, 5, 7, 8, 11, 12, 16 ,
17, 18, 21, 23, 25, 27, 30, 31, 32, 33 ,
37, 38, 40, 41, 42, 45, 46, 47, 48, 51 ,
52, 56, 59, 62, 63, 64, 65, 67, 72, 73 ,
74, 76, 78, 79, 82, 83, 85, 87, 88, 90 ,
92, 93, 96, 97, 98, 102, 103, 106, 107, 112 ,
114, 118, 119, 120, 121, 122, 123, 124, 127, 128 ,
131, 132, 133, 134, 137, 138, 142, 143, 150, 151 ,
154, 155, 156, 157, 158, 161, 162, 163, 166, 170 ,
171, 174, 175, 176, 177, 179, 180, 186, 187, 188 ,
191, 192, 195, 196, 199, 202, 203, 206, 207, 208 ,
210, 213, 214, 218, 219, 220, 221, 222, 225, 226 ,
230, 231, 232, 236, 237, 238, 242, 243, 246, 247 ,
248, 251, 252, 258, 259, 260, 262, 263, 264, 270 ,
271, 274, 275, 279, 280, 281, 283, 284, 285, 288 ,
289, 290, 294, 296, 297, 298, 299 ,
])

params = np.array([
[15.074864, 0.303821, 0.065666, -0.036206, -0.016563] ,
[34.999249, 0.121737, 0.032287, 0.001883, 0.004348] ,
[55.267933, 0.073988, 0.020007, 0.001756, 0.002668] ,
[79.950621, 0.050323, 0.013699, 0.001008, 0.001432] ,
[119.917464, 0.033248, 0.00908, 0.000489, 0.000672] ,
])

f_170us_157 = np.array([
-0.8904676086853285, -3.5686512594434836, -3.795159626000264, -3.6749725413434144 ,
-3.5111713824083473 ,
])

Current Mountain Time: 2025-07-08 21:10:26.996855-06:00
253341.54user 155.03system 9:29:18elapsed 742%CPU (0avgtext+0avgdata 2354124maxresident)k
0inputs+16outputs (0major+8811926minor)pagefaults 0swaps
