Xgate_noise.py
Current Mountain Time: 2025-06-30 17:49:23.542419-06:00
drive_phi= False ; drive_theta = True ; n_full = 150 ; charge_truc = True
T1 = Tphi = 170 μs
Ideal: max_step = 0.0001, nsteps = 10000.0
Noisy: max_step = 3e-05, nsteps = 33333.333333333336
n_hspace = 78
num_cpus =  4 ;   n_job =  18

hspace (150\78) = np.array([
0, 1, 2, 4, 5, 7, 8, 11, 12, 16 ,
17, 18, 21, 23, 25, 27, 30, 31, 32, 33 ,
37, 38, 40, 41, 42, 45, 46, 47, 48, 51 ,
52, 56, 59, 62, 63, 64, 65, 67, 72, 73 ,
74, 76, 78, 79, 82, 83, 85, 87, 88, 90 ,
92, 93, 96, 97, 98, 102, 103, 106, 107, 112 ,
114, 118, 119, 120, 121, 122, 123, 124, 127, 128 ,
131, 132, 133, 134, 137, 138, 142, 143 ,
])

params = np.array([
[10.108462, 0.41212, 0.073451, -0.084451, -0.044706] ,
[15.074864, 0.303821, 0.065666, -0.036206, -0.016563] ,
[20.041257, 0.241329, 0.059044, -0.019402, -0.009802] ,
[25.020473, 0.180208, 0.046132, -0.003789, 0.001544] ,
[30.008342, 0.14538, 0.037985, 0.000555, 0.004004] ,
[34.999249, 0.121737, 0.032287, 0.001883, 0.004348] ,
[39.991616, 0.105045, 0.028058, 0.002171, 0.003988] ,
[45.572873, 0.091013, 0.02446, 0.002106, 0.003479] ,
[50.273181, 0.081831, 0.022089, 0.001944, 0.003051] ,
[55.267933, 0.073988, 0.020007, 0.001756, 0.002668] ,
[59.087483, 0.068953, 0.018674, 0.001617, 0.002406] ,
[64.670376, 0.062708, 0.017016, 0.001421, 0.002077] ,
[69.959457, 0.05777, 0.0157, 0.001257, 0.001811] ,
[79.950621, 0.050323, 0.013699, 0.001008, 0.001432] ,
[89.941952, 0.044576, 0.012149, 0.000826, 0.001154] ,
[99.933664, 0.040022, 0.010918, 0.000683, 0.000949] ,
[109.925465, 0.036325, 0.009915, 0.000575, 0.000792] ,
[119.917464, 0.033248, 0.00908, 0.000489, 0.000672] ,
])

f_ideal_78 = np.array([
-0.49103758889040255, -0.878807802058778, -1.9092417873325929, -2.769419021803559 ,
-3.3418918618408293, -3.753118565136611, -4.101280831868235, -4.4578028925369875 ,
-4.714225911200767, -4.968157769769386, -5.148420029628917, -5.384018922239932 ,
-5.593162360625406, -5.9184071497035164, -6.21972852154908, -6.511368237375638 ,
-6.609064357355396, -6.939974409343103 ,
])
Current Mountain Time: 2025-06-30 17:49:54.437772-06:00

f_170us_78 = np.array([
-0.491015227620051, -0.878695559702283, -1.9074017418509113, -2.753384618285333 ,
-3.2751341880613887, -3.5784400318825407, -3.748220710453887, -3.830674324184095 ,
-3.8430591138963366, -3.8322550244202684, -3.8159058077935364, -3.7866507730833847 ,
-3.7575354460546104, -3.703677483004979, -3.6542253026761977, -3.6092911082334123 ,
-3.5682024390387808, -3.530727610319087 ,
])
Current Mountain Time: 2025-06-30 21:25:31.646032-06:00
2184257.51user 214402.46system 3:36:11elapsed 18491%CPU (0avgtext+0avgdata 845816maxresident)k
0inputs+16outputs (1552major+31529653minor)pagefaults 0swaps
