[Parallel(n_jobs=16)]: Using backend LokyBackend with 16 concurrent workers.
sigmaX_fidelity_import_paras.py
Current Mountain Time: 2024-11-07 14:33:58.589725-07:00
truc1= 300 , n_job= 16 , n_cpu= 8
drive_phi= False ; drive_theta =  True
num of truncation = 157
0, 1, 2, 4, 5, 7, 8, 11, 12, 16 ,
17, 18, 21, 23, 25, 27, 30, 31, 32, 33 ,
37, 38, 40, 41, 42, 45, 46, 47, 48, 51 ,
52, 56, 59, 62, 63, 64, 65, 67, 72, 73 ,
74, 76, 78, 79, 82, 83, 85, 87, 88, 90 ,
92, 93, 96, 97, 98, 102, 103, 106, 107, 112 ,
114, 118, 119, 120, 121, 122, 123, 124, 127, 128 ,
131, 132, 133, 134, 137, 138, 142, 143, 150, 151 ,
154, 155, 156, 157, 158, 161, 162, 163, 166, 170 ,
171, 174, 175, 176, 177, 179, 180, 186, 187, 188 ,
191, 192, 195, 196, 199, 202, 203, 206, 207, 208 ,
210, 213, 214, 218, 219, 220, 221, 222, 225, 226 ,
230, 231, 232, 236, 237, 238, 242, 243, 246, 247 ,
248, 251, 252, 258, 259, 260, 262, 263, 264, 270 ,
271, 274, 275, 276, 278, 281, 283, 284, 285, 288 ,
289, 290, 292, 296, 297, 298, 299 ,
[Parallel(n_jobs=16)]: Done   4 out of  11 | elapsed: 32.4min remaining: 56.8min
[Parallel(n_jobs=16)]: Done   7 out of  11 | elapsed: 33.7min remaining: 19.3min
[Parallel(n_jobs=16)]: Done  11 out of  11 | elapsed: 34.5min finished

log of gate error = 
-1.63312234, -2.36741531, -3.07440094, -3.79677893 ,
-2.30243717, -1.12860617, -1.48297931, -2.4133338 ,
-2.16034834, -2.18657946, -3.11743643 ,

fidelity = 
0.97672564, 0.99570874, 0.99915744, 0.99984033 ,
0.99501617, 0.92563068, 0.96711327, 0.9961393 ,
0.99308724, 0.9934924, 0.99923693 ,
Current Mountain Time: 2024-11-07 15:09:20.165432-07:00
99951.49user 1268.18system 35:29.87elapsed 4752%CPU (0avgtext+0avgdata 35457628maxresident)k
224inputs+32outputs (27major+228518463minor)pagefaults 0swaps
