[Parallel(n_jobs=16)]: Using backend LokyBackend with 16 concurrent workers.
sigmaX_fidelity_import_paras.py
Current Mountain Time: 2024-11-06 20:57:26.476394-07:00
truc1= 300 , n_job= 16 , n_cpu= 5
drive_phi= False ; drive_theta =  True
num of truncation = 157
0, 1, 2, 4, 5, 7, 8, 11, 12, 16 ,
17, 18, 21, 23, 25, 27, 30, 31, 32, 33 ,
37, 38, 40, 41, 42, 45, 46, 47, 48, 51 ,
52, 56, 59, 62, 63, 64, 65, 67, 72, 73 ,
74, 76, 78, 79, 82, 83, 85, 87, 88, 90 ,
92, 93, 96, 97, 98, 102, 103, 106, 107, 112 ,
114, 118, 119, 120, 121, 122, 123, 124, 127, 128 ,
131, 132, 133, 134, 137, 138, 142, 143, 150, 151 ,
154, 155, 156, 157, 158, 161, 162, 163, 166, 170 ,
171, 174, 175, 176, 177, 179, 180, 186, 187, 188 ,
191, 192, 195, 196, 199, 202, 203, 206, 207, 208 ,
210, 213, 214, 218, 219, 220, 221, 222, 225, 226 ,
230, 231, 232, 236, 237, 238, 242, 243, 246, 247 ,
248, 251, 252, 258, 259, 260, 262, 263, 264, 270 ,
271, 274, 275, 276, 278, 281, 283, 284, 285, 288 ,
289, 290, 292, 296, 297, 298, 299 ,
[Parallel(n_jobs=16)]: Done   2 out of  16 | elapsed: 25.2min remaining: 176.5min
[Parallel(n_jobs=16)]: Done  16 out of  16 | elapsed: 30.9min finished

log of gate error = 
-1.24018842, -0.78708657, -1.65028722, -1.05236415 ,
-1.11654723, -1.49972594, -0.74274381, -1.73976517 ,
-1.23965418, -1.64965293, -1.2660852, -1.00651745 ,
-2.51695527, -2.05666833, -2.25417265, -2.63409131 ,

fidelity = 
0.94248097, 0.83672735, 0.97762759, 0.91135875 ,
0.92353675, 0.96835726, 0.81917595, 0.98179315 ,
0.94241017, 0.97759489, 0.94581054, 0.90148949 ,
0.9969588, 0.99122329, 0.99443036, 0.99767775 ,
Current Mountain Time: 2024-11-06 21:28:35.443963-07:00
126302.35user 2563.00system 31:14.17elapsed 6875%CPU (0avgtext+0avgdata 35468276maxresident)k
0inputs+24outputs (826major+348545792minor)pagefaults 0swaps
