[Parallel(n_jobs=4)]: Using backend LokyBackend with 4 concurrent workers.
sigmaX_fidelity_import_paras.py
Current Mountain Time: 2024-11-14 16:21:34.273682-07:00
para_tot =
[22.5, 0.299574, 0.073514, -0.059835, -0.035372, 0.0]
[27.5, 0.288791, 0.062709, -0.049775, -0.029355, 0.0]
[32.5, 0.248585, 0.062672, -0.043521, -0.025757, 0.0]
[37.5, 0.261639, 0.036454, -0.015623, -0.026271, 0.0]
truc1= 300 , n_job= 4 , n_cpu= 30
drive_phi= False ; drive_theta =  True
num of truncation = 157
0, 1, 2, 4, 5, 7, 8, 11, 12, 16 ,
17, 18, 21, 23, 25, 27, 30, 31, 32, 33 ,
37, 38, 40, 41, 42, 45, 46, 47, 48, 51 ,
52, 56, 59, 62, 63, 64, 65, 67, 72, 73 ,
74, 76, 78, 79, 82, 83, 85, 87, 88, 90 ,
92, 93, 96, 97, 98, 102, 103, 106, 107, 112 ,
114, 118, 119, 120, 121, 122, 123, 124, 127, 128 ,
131, 132, 133, 134, 137, 138, 142, 143, 150, 151 ,
154, 155, 156, 157, 158, 161, 162, 163, 166, 170 ,
171, 174, 175, 176, 177, 179, 180, 186, 187, 188 ,
191, 192, 195, 196, 199, 202, 203, 206, 207, 208 ,
210, 213, 214, 218, 219, 220, 221, 222, 225, 226 ,
230, 231, 232, 236, 237, 238, 242, 243, 246, 247 ,
248, 251, 252, 258, 259, 260, 262, 263, 264, 270 ,
271, 274, 275, 276, 278, 281, 283, 284, 285, 288 ,
289, 290, 292, 296, 297, 298, 299 ,
[Parallel(n_jobs=4)]: Done   2 out of   4 | elapsed:  5.5min remaining:  5.5min
[Parallel(n_jobs=4)]: Done   4 out of   4 | elapsed:  5.7min finished

log of gate error = 
-0.92279054, -0.98891477, -1.4140623, -1.27433818 ,

fidelity = 
0.88054359, 0.89741468, 0.96145769, 0.94683059 ,
Current Mountain Time: 2024-11-14 16:27:30.099715-07:00
30318.98user 739.91system 6:00.44elapsed 8616%CPU (0avgtext+0avgdata 35456332maxresident)k
0inputs+16outputs (1363major+86753881minor)pagefaults 0swaps
