[Parallel(n_jobs=16)]: Using backend LokyBackend with 16 concurrent workers.
sigmaX_fidelity_import_paras.py
Current Mountain Time: 2024-11-07 16:33:25.403135-07:00
truc1= 300 , n_job= 16 , n_cpu= 8
drive_phi= True ; drive_theta =  False
num of truncation = 159
0, 2, 3, 4, 8, 9, 10, 11, 15, 16 ,
18, 19, 20, 23, 24, 25, 28, 31, 33, 35 ,
37, 39, 40, 42, 43, 46, 47, 49, 51, 53 ,
55, 56, 57, 60, 62, 64, 66, 67, 69, 70 ,
73, 76, 77, 79, 81, 83, 85, 86, 88, 91 ,
92, 95, 96, 98, 100, 101, 102, 104, 106, 108 ,
110, 112, 113, 116, 118, 120, 121, 123, 126, 128 ,
130, 132, 133, 136, 137, 139, 141, 143, 145, 146 ,
148, 151, 153, 154, 156, 158, 159, 162, 164, 166 ,
167, 169, 170, 173, 174, 176, 179, 181, 183, 185 ,
186, 188, 190, 191, 194, 196, 198, 200, 202, 205 ,
206, 208, 209, 212, 213, 216, 218, 220, 222, 223 ,
226, 227, 229, 230, 232, 234, 237, 239, 241, 242 ,
245, 246, 248, 250, 252, 253, 255, 257, 259, 262 ,
264, 265, 267, 269, 271, 273, 275, 276, 279, 281 ,
282, 283, 286, 288, 290, 291, 292, 294, 297 ,
[Parallel(n_jobs=16)]: Done   4 out of  11 | elapsed: 12.8min remaining: 22.4min
[Parallel(n_jobs=16)]: Done   7 out of  11 | elapsed: 13.7min remaining:  7.8min
[Parallel(n_jobs=16)]: Done  11 out of  11 | elapsed: 14.6min finished

log of gate error = 
-0.17609126, -0.17609126, -0.17609126, -0.17609126 ,
-0.17609126, -0.17609133, -0.17609126, -0.17609126 ,
-0.17609126, -0.17609126, -0.17609126 ,

fidelity = 
0.33333334, 0.33333333, 0.33333333, 0.33333333 ,
0.33333333, 0.33333344, 0.33333333, 0.33333333 ,
0.33333333, 0.33333333, 0.33333333 ,
Current Mountain Time: 2024-11-07 16:48:12.003492-07:00
63900.60user 1089.75system 14:50.98elapsed 7294%CPU (0avgtext+0avgdata 36748996maxresident)k
712inputs+32outputs (1584major+237638767minor)pagefaults 0swaps
