[Parallel(n_jobs=10)]: Using backend LokyBackend with 10 concurrent workers.
cz_fidelity_optimize_1A_noise.py
Current Mountain Time: 2024-08-28 00:59:28.965122-06:00
n_cpu =  6 ;   n_job =  10
gamma_2 =  6.25e-07 gamma_p2 =  0.00011111111111111112 ;   max_steps =  0.0001
T1_2 = 1599999.9999999998 ns
Tphi_2 = 9000.0
[40.0, -1.00097199, -0.05642664, 0.04111006, -0.26256637] ,
[42.0, -1.08645348, -0.04537833, 0.03797167, -0.26482257] ,
[44.0, -1.11219327, -0.0361896, 0.03517733, -0.26781707] ,
[46.0, -1.23018872, -0.05742458, 0.03987174, -0.24193229] ,
[48.0, -1.25530517, -0.11662289, 0.0397902, 0.24434999] ,
[50.0, -1.36654262, -0.067961, 0.04126054, -0.22846377] ,
[52.0, -1.53287505, -0.05819396, 0.03877887, -0.22821848] ,
[54.0, -1.39215451, -0.03637373, 0.02233995, -0.20002186] ,
[56.0, -1.94185339, -0.10756463, 0.03777108, 0.21936702] ,
[58.0, -2.05089082, -0.09854999, 0.0360314, 0.21743345] ,
[60.0, -2.13987721, -0.09253646, 0.03439275, 0.21820689] ,
[62.0, -2.1365644, -0.08850791, 0.03286691, 0.22053609] ,
[64.0, -2.22670011, -0.10626203, 0.03412353, 0.30759385] ,
[66.0, -2.34084493, -0.07550072, 0.03311173, 0.18692664] ,
[68.0, -2.59569107, -0.06982284, 0.031316, 0.19147294] ,
[70.0, -2.79291156, -0.06709613, 0.02987995, 0.19778362] ,
[72.0, -3.07884476, -0.08529499, 0.03249916, 0.29408931] ,
[74.0, -3.15037955, -0.08237952, 0.03118202, 0.29672632] ,
[76.0, -3.03011737, -0.07973786, 0.02985509, 0.29747568] ,
[78.0, -3.10619796, -0.06771445, 0.03128147, 0.28688309] ,
[80.0, -3.22670646, -0.0664204, 0.02996353, 0.29105491] ,
[82.0, -3.20066866, -0.06525659, 0.02870019, 0.29397061] ,
[84.0, -3.25243367, -0.0551443, 0.02967146, 0.27458005] ,
[86.0, -3.36794931, -0.08926074, 0.02793612, 0.39773462] ,
[88.0, -3.37242535, -0.05449453, 0.02748676, 0.28842487] ,
[90.0, -3.50187796, -0.04296367, 0.02714746, 0.23433735] ,
[92.0, -3.76395535, -0.04720897, 0.02748474, 0.2773481] ,
[94.0, -3.80262322, -0.04661099, 0.02637826, 0.28042305] ,
[96.0, -3.51022017, -0.07511399, 0.0256006, 0.40149544] ,
[98.0, -3.70008591, -0.07918603, 0.02652221, 0.4596287] ,
[100.0, -3.96112168, -0.03654033, 0.02373336, 0.2254644] ,
[102.0, -3.82474494, -0.0409175, 0.02469682, 0.2795894] ,
[104.0, -3.67293692, -0.0409454, 0.0236703, 0.27922181] ,
[106.0, -3.37508449, -0.06930561, 0.02514584, 0.46156669] ,
[108.0, -3.61252263, -0.08065863, 0.02371204, 0.49993299] ,
[110.0, -3.46586418, -0.06491035, 0.01974136, 0.22806929] ,
[112.0, -3.68494056, -0.03705691, 0.02220715, 0.2761334] ,
[114.0, -3.70708004, -0.03724978, 0.02142426, 0.27422552] ,
[116.0, -4.03606169, -0.0782395, 0.01961566, 0.15286032] ,
[118.0, -3.99800233, -0.03508728, 0.01803829, 0.18002155] ,
[120.0, -3.97151064, -0.04858793, 0.01776866, 0.18434104] ,
[122.0, -4.35622953, -0.04949397, 0.01758583, 0.18299149] ,
[124.0, -4.11134379, -0.06925589, 0.0184086, 0.16229616] ,
[126.0, -4.65717479, -0.07040548, 0.01824221, 0.17593496] ,
[128.0, -4.17197779, -0.07180797, 0.01810336, 0.1839868] ,
[130.0, -4.15523285, -0.0774118, 0.01833024, 0.15481768] ,
[132.0, -5.00842357, -0.07866907, 0.01816139, 0.16139003] ,
[134.0, -4.37861287, -0.08096134, 0.01809591, 0.15817445] ,
[136.0, -4.21469103, -0.06482016, 0.01715359, 0.19397497] ,
[138.0, -4.44580418, -0.04269483, 0.01595122, 0.1729365] ,
[140.0, -4.32373754, -0.06893879, 0.01700783, 0.19847014] ,
[142.0, -4.57753594, -0.061674, 0.0167154, 0.15025676] ,
[144.0, -4.28921727, -0.03441397, 0.01813098, 0.31114821] ,
[146.0, -4.11610442, -0.04372364, 0.01902856, 0.41413969] ,
[148.0, -4.46291943, -0.03783131, 0.01846308, 0.36303854] ,
[150.0, -4.65726129, -0.04361133, 0.01543172, 0.21635114] ,
[152.0, -4.97425931, -0.0937819, 0.0158769, 0.26247994] ,
[154.0, -4.28659065, -0.07439788, 0.01590528, 0.27485888] ,
[156.0, -4.53889295, -0.07565005, 0.01576931, 0.27266382] ,
[158.0, -4.33586597, -0.07661982, 0.01562228, 0.27641725] ,
[160.0, -4.65133653, -0.08493405, 0.01527706, 0.31073746] ,
[162.0, -4.88497861, -0.08587418, 0.01511679, 0.30844473] ,
[164.0, -4.76771771, -0.04541098, 0.01477583, 0.24578235] ,
[166.0, -4.75434325, -0.04000868, 0.01425763, 0.19516321] ,
[168.0, -4.57378134, -0.0630078, 0.01496741, 0.32215965] ,
[170.0, -4.68487814, -0.04903945, 0.01468658, 0.28495664] ,
[172.0, -4.50354579, -0.07963619, 0.01449226, 0.35559994] ,
[174.0, -4.52547982, -0.08625584, 0.01404429, 0.39455494] ,
[176.0, -4.8697432, -0.09758383, 0.01297619, 0.46992763] ,
[178.0, -4.94243235, -0.05406162, 0.01427267, 0.28357542] ,
[180.0, -4.74100143, -0.04200547, 0.01375501, 0.22454017] ,
[182.0, -4.97626287, -0.06148739, 0.0143102, 0.37993632] ,
[184.0, -4.83536181, -0.05681447, 0.01408234, 0.32449] ,
[186.0, -4.65447594, -0.05164507, 0.01383548, 0.27908435] ,
[188.0, -4.65642369, -0.08185042, 0.01334805, 0.45890302] ,
[190.0, -4.95826599, -0.05851236, 0.01393703, 0.38061378] ,
[192.0, -4.97192033, -0.05422185, 0.01368714, 0.32304445] ,
[194.0, -4.63459264, -0.05005737, 0.01341147, 0.26304397] ,
[196.0, -5.28421176, -0.06627768, 0.01359775, 0.44446192] ,
[198.0, -4.94368677, -0.06820188, 0.01333883, 0.39581402] ,
[200.0, -4.54904197, -0.0585154, 0.01329689, 0.31540576] ,
[Parallel(n_jobs=10)]: Done   5 tasks      | elapsed:   32.6s
[Parallel(n_jobs=10)]: Done  12 tasks      | elapsed:  1.0min
[Parallel(n_jobs=10)]: Done  21 tasks      | elapsed:  1.7min
[Parallel(n_jobs=10)]: Done  30 tasks      | elapsed:  2.3min
[Parallel(n_jobs=10)]: Done  41 tasks      | elapsed:  3.6min
[Parallel(n_jobs=10)]: Done  52 tasks      | elapsed:  4.9min
[Parallel(n_jobs=10)]: Done  71 out of  81 | elapsed:  7.5min remaining:  1.1min
[Parallel(n_jobs=10)]: Done  81 out of  81 | elapsed:  9.0min finished

f_ideal = [
-1.0840291864377434, -1.163915451435341, -1.1869890873214204, -1.3128114648256335 ,
-1.3166161352023396, -1.4542341769699427, -1.616595738808456, -1.484170150467272 ,
-2.0266010120478133, -2.128449132522492, -2.2185210702661804, -2.2182352244504773 ,
-2.2832999733222827, -2.433738860179064, -2.6930587734649043, -2.8897486000805785 ,
-3.1731185310203096, -3.2453570182774336, -3.119575881259569, -3.193809765910208 ,
-3.3186640675579877, -3.2904951748943176, -3.333629580855822, -3.4529295318654003 ,
-3.453416885293588, -3.5638528436146193, -3.8591780077768907, -3.8865291423000365 ,
-3.5998480367735484, -3.7929620008614147, -4.022384423002458, -3.92638715100076 ,
-3.770897115260221, -3.4692761315162324, -3.706052457792612, -3.5625820651202926 ,
-3.789791754043819, -3.8024350947216004, -4.12829679526671, -4.088662308171379 ,
-4.072852617667247, -4.418744941052886, -4.208064102958714, -4.705323514037004 ,
-4.244297474868674, -4.254594768130561, -5.051557838321435, -4.452803871932175 ,
-4.291437426180552, -4.506124302615648, -4.410877594659496, -4.6440112064466925 ,
-4.342060805491717, -4.196230068640319, -4.5131830302773475, -4.719616670385512 ,
-5.023419055281635, -4.363120718602283, -4.585579799664053, -4.406184728112933 ,
-4.7096109959488, -4.906968586683951, -4.797862574552124, -4.793100366378061 ,
-4.648087311676004, -4.73035335611567, -4.579394115450276, -4.576080401035073 ,
-4.893107780401557, -4.9473757641990534, -4.770767538420708, -4.980306748873941 ,
-4.863914791725527, -4.700602064153729, -4.716400116964609, -4.916201923075992 ,
-4.94102820692251, -4.673315082423443, -5.177193305466943, -4.916757864642098 ,
-4.59900142642469 ,
]
Current Mountain Time: 2024-08-28 01:09:21.288823-06:00
28932.19user 786.27system 9:56.61elapsed 4981%CPU (0avgtext+0avgdata 931940maxresident)k
0inputs+72outputs (378major+32201876minor)pagefaults 0swaps
