get_fidelity_xgate.py
NUMEXPR_NUM_THREADS = 2
MKL_NUM_THREADS = 2

Current Mountain Time: 2025-07-08 10:01:54.355480-06:00
drive_phi= True ; drive_theta = False ; n_full = 300 ; charge_truc = True
T1 = Tphi = 170 μs, num_cpus = 4
calculate_ideal = True, calculate_noise = False
Ideal: max_step = 3e-05, nsteps = 33333.333333333336
Noisy: max_step = 0.0003, nsteps = 3333.3333333333335
n_hspace = 160 ;   n_job =  5

hspace (300\160) = np.array([
0, 2, 3, 4, 8, 9, 10, 11, 15, 16 ,
18, 19, 20, 23, 24, 25, 28, 31, 33, 35 ,
37, 39, 40, 42, 43, 46, 47, 49, 51, 53 ,
55, 56, 57, 60, 62, 64, 66, 67, 69, 70 ,
73, 76, 77, 79, 81, 83, 85, 86, 88, 91 ,
92, 95, 96, 98, 100, 101, 102, 104, 106, 108 ,
110, 112, 113, 116, 118, 120, 121, 123, 126, 128 ,
130, 132, 133, 136, 137, 139, 141, 143, 145, 146 ,
148, 151, 153, 154, 156, 158, 159, 162, 164, 166 ,
167, 169, 170, 173, 174, 176, 179, 181, 183, 185 ,
186, 188, 190, 192, 194, 196, 198, 200, 202, 205 ,
206, 208, 209, 212, 213, 216, 218, 220, 222, 223 ,
226, 227, 229, 230, 232, 234, 237, 239, 241, 242 ,
245, 246, 248, 250, 252, 253, 255, 257, 259, 262 ,
264, 265, 267, 269, 271, 273, 275, 277, 279, 281 ,
282, 283, 286, 288, 290, 291, 293, 294, 297, 299 ,
])

params = np.array([
[30.002512, 0.222626, 0.201971, 0.389445, 0.425332] ,
[70.001044, 0.209788, 0.131851, 0.353189, 0.36997] ,
[110.009928, 0.211658, 0.106989, 0.341806, 0.362874] ,
[150.002399, 0.205268, 0.094552, 0.339607, 0.355509] ,
[190.009275, 0.209698, 0.083495, 0.335382, 0.359146] ,
])

f_ideal_160 = np.array([
-0.7518847321265352, -1.6367519895304001, -1.9009829031072059, -2.450926716497322 ,
-2.6148052880043413 ,
])

Current Mountain Time: 2025-07-08 10:06:01.849978-06:00

Current Mountain Time: 2025-07-08 10:06:01.853148-06:00
1432.88user 9.20system 4:09.92elapsed 577%CPU (0avgtext+0avgdata 843360maxresident)k
0inputs+16outputs (227major+1549789minor)pagefaults 0swaps
