Xgate_noise.py
Current Mountain Time: 2025-07-01 13:47:42.790726-06:00
drive_phi= True ; drive_theta = False ; n_full = 300 ; charge_truc = True
T1 = Tphi = 170 μs, num_cpus = 4
calculate_ideal = True, calculate_noise = False
Ideal: max_step = 0.0001, nsteps = 10000.0
Noisy: max_step = 0.0001, nsteps = 10000.0
n_hspace = 160 ;   n_job =  18

hspace (300\160) = np.array([
0, 2, 3, 4, 8, 9, 10, 11, 15, 16 ,
18, 19, 20, 23, 24, 25, 28, 31, 33, 35 ,
37, 39, 40, 42, 43, 46, 47, 49, 51, 53 ,
55, 56, 57, 60, 62, 64, 66, 67, 69, 70 ,
73, 76, 77, 79, 81, 83, 85, 86, 88, 91 ,
92, 95, 96, 98, 100, 101, 102, 104, 106, 108 ,
110, 112, 113, 116, 118, 120, 121, 123, 126, 128 ,
130, 132, 133, 136, 137, 139, 141, 143, 145, 146 ,
148, 151, 153, 154, 156, 158, 159, 162, 164, 166 ,
167, 169, 170, 173, 174, 176, 179, 181, 183, 185 ,
186, 188, 190, 192, 194, 196, 198, 200, 202, 205 ,
206, 208, 209, 212, 213, 216, 218, 220, 222, 223 ,
226, 227, 229, 230, 232, 234, 237, 239, 241, 242 ,
245, 246, 248, 250, 252, 253, 255, 257, 259, 262 ,
264, 265, 267, 269, 271, 273, 275, 277, 279, 281 ,
282, 283, 286, 288, 290, 291, 293, 294, 297, 299 ,
])

params = np.array([
[20.000087, 0.249753, 0.216297, 0.43883, 0.490612] ,
[30.002512, 0.222626, 0.201971, 0.389445, 0.425332] ,
[40.006173, 0.223179, 0.160035, 0.358809, 0.386917] ,
[50.000191, 0.215248, 0.148153, 0.354356, 0.376483] ,
[60.000967, 0.213711, 0.14419, 0.358967, 0.378127] ,
[70.001044, 0.209788, 0.131851, 0.353189, 0.36997] ,
[80.007155, 0.210573, 0.122946, 0.355789, 0.37113] ,
[90.009744, 0.219753, 0.113433, 0.351332, 0.376525] ,
[100.001683, 0.212233, 0.113924, 0.340021, 0.36258] ,
[110.009928, 0.211658, 0.106989, 0.341806, 0.362874] ,
[120.004766, 0.209273, 0.104767, 0.341188, 0.360503] ,
[130.002315, 0.201238, 0.098495, 0.3428, 0.353056] ,
[140.008725, 0.211735, 0.099358, 0.338134, 0.362321] ,
[150.002399, 0.205268, 0.094552, 0.339607, 0.355509] ,
[160.000656, 0.209132, 0.090941, 0.337889, 0.359183] ,
[170.00663, 0.212306, 0.087921, 0.33633, 0.362475] ,
[180.006237, 0.21108, 0.084566, 0.335734, 0.36059] ,
[190.009275, 0.209698, 0.083495, 0.335382, 0.359146] ,
])

f_ideal_160 = np.array([
-0.6053673110381133, -0.7518855625257463, -0.8848927851500448, -1.1224771368503466 ,
-1.4862805445902814, -1.6368123617633128, -1.697844909431326, -1.7390258649717765 ,
-1.8427710376384099, -1.901045607932464, -2.069700819180091, -2.1885330315428475 ,
-2.275881246014822, -2.450986743064976, -2.529715075547808, -2.4507663678832308 ,
-2.6350244190735768, -2.6148066517320228 ,
])

params = np.array([
[200.005395, 0.208582, 0.081626, 0.335171, 0.357777] ,
])

f_ideal_160 = np.array([
-2.6642433621516197 ,
])

Current Mountain Time: 2025-07-01 13:50:06.552337-06:00
2603.96user 40.41system 2:27.43elapsed 1793%CPU (0avgtext+0avgdata 852476maxresident)k
0inputs+16outputs (1037major+5244532minor)pagefaults 0swaps
