Xgate_noise.py
Current Mountain Time: 2025-06-17 22:50:03.926952-06:00
drive_phi= True ; drive_theta = False ; n_full = 350
n_charge = 186
num_cpus =  4 ;   n_job =  5

hspace_charge (350\186) = np.array([
0, 2, 3, 4, 8, 9, 10, 11, 15, 16 ,
18, 19, 20, 23, 24, 25, 28, 31, 33, 35 ,
37, 39, 40, 42, 43, 46, 47, 49, 51, 53 ,
55, 56, 57, 60, 62, 64, 66, 67, 69, 70 ,
73, 76, 77, 79, 81, 83, 85, 86, 88, 91 ,
92, 95, 96, 98, 100, 101, 102, 104, 106, 108 ,
110, 112, 113, 116, 118, 120, 121, 123, 126, 128 ,
130, 132, 133, 136, 137, 139, 141, 143, 145, 146 ,
148, 151, 153, 154, 156, 158, 159, 162, 164, 166 ,
167, 169, 170, 173, 174, 176, 179, 181, 183, 185 ,
186, 188, 190, 192, 194, 196, 198, 200, 202, 205 ,
206, 208, 209, 212, 213, 216, 218, 220, 222, 223 ,
226, 227, 229, 230, 232, 234, 237, 239, 241, 242 ,
245, 246, 248, 250, 252, 253, 255, 257, 259, 262 ,
264, 265, 267, 269, 271, 273, 275, 277, 279, 281 ,
282, 283, 286, 288, 290, 291, 293, 294, 297, 299 ,
302, 303, 305, 306, 308, 310, 313, 315, 317, 319 ,
320, 322, 325, 326, 328, 330, 332, 333, 336, 337 ,
340, 341, 343, 346, 348, 349 ,
])

params = np.array([
[30.002512, 0.222626, 0.201971, 0.389445, 0.425332] ,
[70.001044, 0.209788, 0.131851, 0.353189, 0.36997] ,
[110.009928, 0.211658, 0.106989, 0.341806, 0.362874] ,
[150.002399, 0.205268, 0.094552, 0.339607, 0.355509] ,
[190.009275, 0.209698, 0.083495, 0.335382, 0.359146] ,
])
T1 = Tphi = 170000.0 ns

f_ideal_186 = np.array([
-0.77280195982027, -1.6349026348293614, -1.891781336086083, -2.5011223533309797 ,
-2.6483547933781377 ,
])
Current Mountain Time: 2025-06-17 22:50:42.454490-06:00

f_170us_186 = np.array([
-0.7774606752402542, -1.6036779339769343, -1.8078806682470172, -2.144725246391958 ,
-2.142945483913333 ,
])
Current Mountain Time: 2025-06-18 11:26:12.647410-06:00
3391204.22user 548951.70system 12:36:11elapsed 8684%CPU (0avgtext+0avgdata 4827448maxresident)k
0inputs+16outputs (25major+68838067minor)pagefaults 0swaps
