Xgate_noise.py
Current Mountain Time: 2025-06-18 15:54:32.262908-06:00
drive_phi= True ; drive_theta = False ; n_full = 263
n_charge = 140
num_cpus =  4 ;   n_job =  5

hspace_charge (263\140) = np.array([
0, 2, 3, 4, 8, 9, 10, 11, 15, 16 ,
18, 19, 20, 23, 24, 25, 28, 31, 33, 35 ,
37, 39, 40, 42, 43, 46, 47, 49, 51, 53 ,
55, 56, 57, 60, 62, 64, 66, 67, 69, 70 ,
73, 76, 77, 79, 81, 83, 85, 86, 88, 91 ,
92, 95, 96, 98, 100, 101, 102, 104, 106, 108 ,
110, 112, 113, 116, 118, 120, 121, 123, 126, 128 ,
130, 132, 133, 136, 137, 139, 141, 143, 145, 146 ,
148, 151, 153, 154, 156, 158, 159, 162, 164, 166 ,
167, 169, 170, 173, 174, 176, 179, 181, 183, 185 ,
186, 188, 190, 192, 194, 196, 198, 200, 202, 205 ,
206, 208, 209, 212, 213, 216, 218, 220, 222, 223 ,
226, 227, 229, 230, 232, 234, 237, 239, 241, 242 ,
245, 246, 248, 250, 252, 253, 255, 257, 259, 262 ,
])

params = np.array([
[30.002512, 0.222626, 0.201971, 0.389445, 0.425332] ,
[70.001044, 0.209788, 0.131851, 0.353189, 0.36997] ,
[110.009928, 0.211658, 0.106989, 0.341806, 0.362874] ,
[150.002399, 0.205268, 0.094552, 0.339607, 0.355509] ,
[190.009275, 0.209698, 0.083495, 0.335382, 0.359146] ,
])
T1 = Tphi = 170000.0 ns

f_ideal_140 = np.array([
-0.7710296520870427, -1.6405575650317505, -1.9055133720239679, -2.53889878626774 ,
-2.6693074486470056 ,
])
Current Mountain Time: 2025-06-18 15:54:49.802022-06:00

f_170us_140 = np.array([
-0.773741548109618, -1.6053079869237696, -1.824819017592418, -2.2030609121580533 ,
-2.1961722745738808 ,
])
Current Mountain Time: 2025-06-18 17:13:52.179230-06:00
825736.27user 85596.83system 1:19:22elapsed 19136%CPU (0avgtext+0avgdata 2860196maxresident)k
0inputs+16outputs (89major+12166432minor)pagefaults 0swaps
