get_fidelity_2q.py

Current China Time: 2026-01-02 14:22:25.770440+08:00

============================================================
 Configuration 
============================================================

[cz_run]
    False

[n_truc_list]
    type: np.ndarray, shape=(5,)
    preview: [500, 600, 700, 800, 900]

[use_truc_model]
    True

[truc_model_name]
    n_theta_dress_charge_truc

[calculate_ideal]
    True

[calculate_noise]
    False

[max_step_ideal]
    0.001

[max_step_noisy]
    0.001

[num_cpus]
    4

[folder_load]
    ../data/December_17_2025_Sorted_Untruc

[tg_list]
    type: np.ndarray, shape=(26,)
    preview: [0, 1, 2, 3, 4, 5, 6, 7, 8, 9, 10, 11, 12, 13, 14, 15, 16, 17, 18, 19, 20, 21, 22, 23, 24, 25]

[params]
    type: np.ndarray, shape=(33, 5)
      [29.994376, 0.099205, 0.057109, -0.028523, -0.027362]
      [40.003004, 0.096609, 0.049579, -0.028325, -0.026694]
      [50.009627, 0.086208, 0.045334, -0.026182, -0.024551]
      [59.995626, 0.077544, 0.041816, -0.024491, -0.02316]
      [70.001584, 0.070142, 0.037217, -0.020717, -0.019962]
      [79.999318, 0.064654, 0.035147, -0.019493, -0.019465]
      [90.004152, 0.05837, 0.033131, -0.016679, -0.016419]
      [99.993121, 0.054087, 0.03088, -0.01407, -0.013906]
      [110.006914, 0.04942, 0.029523, -0.012467, -0.012274]
      [120.002847, 0.046972, 0.028541, -0.012215, -0.011723]
      [130.008905, 0.044967, 0.027755, -0.011844, -0.011358]
      [140.001622, 0.043144, 0.027082, -0.011653, -0.011332]
      [150.007858, 0.039792, 0.025436, -0.010327, -0.00999]
      [159.993478, 0.037136, 0.023904, -0.00912, -0.008799]
      [169.994539, 0.035013, 0.022727, -0.008229, -0.007889]
      [179.994327, 0.032879, 0.021406, -0.007326, -0.006974]
      [190.005655, 0.031012, 0.020307, -0.006613, -0.006325]
      [199.99683, 0.029348, 0.019253, -0.005939, -0.005642]
      [209.999963, 0.027811, 0.018316, -0.005361, -0.005105]
      [220.001258, 0.026491, 0.017488, -0.004918, -0.004691]
      [229.990815, 0.025142, 0.016545, -0.00441, -0.004176]
      [240.00977, 0.024099, 0.015795, -0.003997, -0.003807]
      [249.998675, 0.02298, 0.015082, -0.003623, -0.003456]
      [260.001744, 0.021969, 0.014451, -0.003319, -0.003154]
      [269.992401, 0.021155, 0.013872, -0.003069, -0.002914]
      [279.998122, 0.020361, 0.013365, -0.00284, -0.002704]
      [289.999552, 0.019624, 0.012863, -0.002621, -0.0025]
      [300.007623, 0.018925, 0.012408, -0.002449, -0.002338]
      [309.995594, 0.018283, 0.011979, -0.002273, -0.002166]
      [320.004107, 0.017647, 0.01159, -0.002118, -0.002025]
      [330.006586, 0.017119, 0.011225, -0.002, -0.001905]
      [340.000951, 0.016589, 0.010887, -0.001872, -0.001781]
      [350.00857, 0.016105, 0.010552, -0.001759, -0.001678]

[n_job]
    10

============================================================


params = np.array([
[29.994376, 0.099205, 0.057109, -0.028523, -0.027362] ,
[40.003004, 0.096609, 0.049579, -0.028325, -0.026694] ,
[50.009627, 0.086208, 0.045334, -0.026182, -0.024551] ,
[59.995626, 0.077544, 0.041816, -0.024491, -0.02316] ,
[70.001584, 0.070142, 0.037217, -0.020717, -0.019962] ,
[79.999318, 0.064654, 0.035147, -0.019493, -0.019465] ,
[90.004152, 0.05837, 0.033131, -0.016679, -0.016419] ,
[99.993121, 0.054087, 0.03088, -0.01407, -0.013906] ,
[110.006914, 0.04942, 0.029523, -0.012467, -0.012274] ,
[120.002847, 0.046972, 0.028541, -0.012215, -0.011723] ,
[130.008905, 0.044967, 0.027755, -0.011844, -0.011358] ,
[140.001622, 0.043144, 0.027082, -0.011653, -0.011332] ,
[150.007858, 0.039792, 0.025436, -0.010327, -0.00999] ,
[159.993478, 0.037136, 0.023904, -0.00912, -0.008799] ,
[169.994539, 0.035013, 0.022727, -0.008229, -0.007889] ,
[179.994327, 0.032879, 0.021406, -0.007326, -0.006974] ,
[190.005655, 0.031012, 0.020307, -0.006613, -0.006325] ,
[199.99683, 0.029348, 0.019253, -0.005939, -0.005642] ,
[209.999963, 0.027811, 0.018316, -0.005361, -0.005105] ,
[220.001258, 0.026491, 0.017488, -0.004918, -0.004691] ,
[229.990815, 0.025142, 0.016545, -0.00441, -0.004176] ,
[240.00977, 0.024099, 0.015795, -0.003997, -0.003807] ,
[249.998675, 0.02298, 0.015082, -0.003623, -0.003456] ,
[260.001744, 0.021969, 0.014451, -0.003319, -0.003154] ,
[269.992401, 0.021155, 0.013872, -0.003069, -0.002914] ,
[279.998122, 0.020361, 0.013365, -0.00284, -0.002704] ,
[289.999552, 0.019624, 0.012863, -0.002621, -0.0025] ,
[300.007623, 0.018925, 0.012408, -0.002449, -0.002338] ,
[309.995594, 0.018283, 0.011979, -0.002273, -0.002166] ,
[320.004107, 0.017647, 0.01159, -0.002118, -0.002025] ,
[330.006586, 0.017119, 0.011225, -0.002, -0.001905] ,
[340.000951, 0.016589, 0.010887, -0.001872, -0.001781] ,
[350.00857, 0.016105, 0.010552, -0.001759, -0.001678] ,
])

===== n_truc = 500 =====

f_ideal_500 = np.array([
-0.32746628, -0.42068515, -0.52295588, -0.62598732 ,
-0.72688785, -0.81785607, -0.89828352, -0.99708943 ,
-1.14434728, -1.33104844, -1.53602322, -1.71879824 ,
-1.84330867, -1.97775517, -2.15880015, -2.32990906 ,
-2.48032984, -2.63339161, -2.77360528, -2.87246561 ,

-2.95883248, -3.04973671, -3.12234365, -3.17661238 ,
-3.24021318, -3.30253647, -3.34781276, -3.39386402 ,
-3.44583600, -3.48662744, -3.52728032, -3.56328606 ,
-3.60814596 ,
])

Current China Time: 2026-01-02 14:29:10.903606+08:00

===== n_truc = 600 =====

f_ideal_600 = np.array([
-0.33344081, -0.42990715, -0.53147812, -0.63260472 ,
-0.73148097, -0.82058946, -0.90114477, -1.00076532 ,
-1.14888131, -1.33645812, -1.54323860, -1.72659813 ,
-1.84987855, -1.98329148, -2.16366630, -2.33285175 ,
-2.48136903, -2.63348304, -2.77331344, -2.87165364 ,
-2.95861371, -3.04967705, -3.12236448, -3.17663190 ,
-3.24021463, -3.30246268, -3.34763127, -3.39391041 ,
-3.44566728, -3.48635442, -3.52734717, -3.56301075 ,
-3.60797176 ,
])

Current China Time: 2026-01-02 14:40:36.730624+08:00

===== n_truc = 700 =====

f_ideal_700 = np.array([
-0.32860939, -0.41794885, -0.51360696, -0.61226362 ,
-0.72153166, -0.81414979, -0.89655634, -0.99606041 ,
-1.14569932, -1.33311268, -1.53985493, -1.72357170 ,
-1.84800319, -1.98073444, -2.15867564, -2.32406885 ,
-2.47214853, -2.62559792, -2.76697019, -2.86835138 ,
-2.95710024, -3.04884293, -3.12161994, -3.17591885 ,
-3.23981715, -3.30210500, -3.34712940, -3.39384513 ,
-3.44529115, -3.48593179, -3.52726934, -3.56267781 ,
-3.60772761 ,
])

Current China Time: 2026-01-02 14:59:16.220795+08:00

===== n_truc = 800 =====

f_ideal_800 = np.array([
-0.32852808, -0.41774899, -0.51337469, -0.61194829 ,
-0.72095586, -0.81344197, -0.89624334, -0.99571127 ,
-1.14564531, -1.33305310, -1.53975196, -1.72348721 ,
-1.84804986, -1.98062661, -2.15828041, -2.32415847 ,
-2.47209931, -2.62504757, -2.76674073, -2.86837137 ,
-2.95720983, -3.04874138, -3.12145837, -3.17571857 ,
-3.23968994, -3.30197458, -3.34696881, -3.39380067 ,
-3.44515737, -3.48573590, -3.52720662, -3.56257448 ,
-3.60764630 ,
])

Current China Time: 2026-01-02 15:38:06.898759+08:00

===== n_truc = 900 =====

f_ideal_900 = np.array([
-0.32794895, -0.41709319, -0.51268723, -0.61131634 ,
-0.71994172, -0.81234891, -0.89538730, -0.99493024 ,
-1.14472710, -1.33202119, -1.53847605, -1.72231631 ,
-1.84720126, -1.98006537, -2.15758195, -2.32386236 ,
-2.47221001, -2.62375170, -2.76609934, -2.86825001 ,
-2.95713865, -3.04857784, -3.12120434, -3.17544444 ,
-3.23956353, -3.30184801, -3.34677939, -3.39382017 ,
-3.44502421, -3.48559295, -3.52719466, -3.56247208 ,
-3.60759407 ,
])

Current China Time: 2026-01-02 16:16:39.701099+08:00

fidelity_list = np.array([
[-0.3274662811462453, -0.4206851533263801, -0.522955876717642, -0.6259873230497832, -0.7268878520392216, -0.8178560728291928, -0.8982835233592761, -0.9970894289087356, -1.1443472840284683, -1.3310484366352788, -1.5360232160389604, -1.7187982375705673, -1.843308669451204, -1.9777551748603113, -2.158800148384533, -2.329909057231084, -2.4803298422327207, -2.6333916052438795, -2.773605282879396, -2.8724656063861485, -2.9588324793323113, -3.0497367074917547, -3.122343647573756, -3.176612376728241, -3.2402131780870973, -3.302536465909353, -3.3478127552280723, -3.3938640178205493, -3.445836001305397, -3.486627438193966, -3.52728032248591, -3.563286062222718, -3.608145958625275] ,
[-0.3334408089943819, -0.4299071470993625, -0.5314781240388597, -0.6326047212492064, -0.7314809736582975, -0.8205894648497948, -0.9011447741648396, -1.000765318295234, -1.1488813140811476, -1.3364581201956, -1.5432385956659593, -1.7265981329803208, -1.8498785475373494, -1.9832914822548597, -2.163666297581192, -2.332851748306346, -2.481369029759127, -2.63348304411808, -2.7733134406756506, -2.871653638014176, -2.958613711680885, -3.049677050407058, -3.1223644774250188, -3.1766319034090893, -3.240214633405069, -3.30246268098316, -3.347631266647079, -3.3939104090011996, -3.445667277198499, -3.4863544233836183, -3.5273471747571756, -3.563010748360395, -3.607971757906657] ,
[-0.3286093861122834, -0.41794884691977513, -0.5136069579338618, -0.6122636207862718, -0.7215316645372866, -0.8141497851983339, -0.8965563408226116, -0.9960604087498288, -1.1456993224727199, -1.3331126809524423, -1.5398549342535934, -1.723571698907984, -1.8480031934323018, -1.9807344350335925, -2.1586756355412344, -2.324068852692725, -2.4721485273224117, -2.6255979192817347, -2.7669701894108107, -2.868351375969873, -2.957100239193227, -3.0488429309156357, -3.1216199396310214, -3.175918848261609, -3.239817149055687, -3.302105001036472, -3.347129403585444, -3.3938451302542014, -3.445291147298204, -3.485931794974647, -3.527269337545325, -3.5626778059478026, -3.6077276147264037] ,
[-0.3285280818221642, -0.4177489862229034, -0.51337469004284, -0.6119482858495726, -0.7209558564353784, -0.8134419729179602, -0.8962433407606397, -0.9957112688564191, -1.1456453087196545, -1.3330530981328923, -1.5397519576995866, -1.723487214666621, -1.848049856448356, -1.9806266144345948, -2.1582804085911436, -2.3241584701341576, -2.4720993115355476, -2.6250475694317914, -2.766740732008772, -2.868371365181726, -2.957209828479703, -3.0487413764379663, -3.1214583714866966, -3.175718572260857, -3.2396899359402718, -3.30197457997589, -3.34696881197732, -3.393800667299712, -3.4451573672991955, -3.485735896309548, -3.5272066245538265, -3.5625744834770856, -3.6076462991375253] ,
[-0.32794894973275046, -0.4170931928047215, -0.5126872334854696, -0.6113163440801134, -0.719941719434582, -0.8123489095425978, -0.8953872961909667, -0.9949302439013723, -1.1447270990752396, -1.332021187890384, -1.538476051325964, -1.7223163138231306, -1.8472012573323033, -1.9800653741336236, -2.1575819549261928, -2.3238623581157176, -2.4722100100999924, -2.6237516988421055, -2.766099335659097, -2.868250014841193, -2.95713865179204, -3.048577844818163, -3.1212043401053178, -3.1754444361760195, -3.239563534761169, -3.3018480085963926, -3.346779389159713, -3.393820168463125, -3.4450242099405632, -3.4855929508410237, -3.5271946630670463, -3.5624720820338043, -3.607594071452594] ,
])
200244.84user 547.09system 1:54:16elapsed 2928%CPU (0avgtext+0avgdata 6113868maxresident)k
0inputs+48outputs (64425major+54046108minor)pagefaults 0swaps
