get_fidelity_2q.py

Current China Time: 2025-12-27 17:25:42.629928+08:00

============================================================
 Configuration 
============================================================

[cz_run]
    False

[n_truc_list]
    type: np.ndarray, shape=(9,)
    preview: [200, 300, 400, 500, 600]

[use_truc_model]
    False

[truc_model_name]
    cz_short_500_detune1

[calculate_ideal]
    True

[calculate_noise]
    False

[max_step_ideal]
    0.001

[max_step_noisy]
    0.001

[num_cpus]
    1

[folder_load]
    ../data/December_17_2025_08_40_45

[tg_list]
    type: np.ndarray, shape=(33,)
    preview: [0, 1, 2, 3, 4]

[params]
    type: np.ndarray, shape=(33, 5)
      [29.998501, 0.096133, 0.070563, -0.035335, -0.032721]
      [39.990704, 0.089924, 0.060848, -0.031439, -0.029904]
      [50.004446, 0.084902, 0.055217, -0.030001, -0.028142]
      [59.991291, 0.078729, 0.049231, -0.027353, -0.025249]
      [70.005539, 0.072844, 0.045047, -0.024855, -0.023813]
      ...

[n_job]
    10

============================================================


params = np.array([
[29.998501, 0.096133, 0.070563, -0.035335, -0.032721] ,
[39.990704, 0.089924, 0.060848, -0.031439, -0.029904] ,
[50.004446, 0.084902, 0.055217, -0.030001, -0.028142] ,
[59.991291, 0.078729, 0.049231, -0.027353, -0.025249] ,
[70.005539, 0.072844, 0.045047, -0.024855, -0.023813] ,
[79.995939, 0.06799, 0.041242, -0.022761, -0.02199] ,
[89.99452, 0.060557, 0.035515, -0.016801, -0.016452] ,
[99.994847, 0.053799, 0.033004, -0.013238, -0.012653] ,
[110.000851, 0.049619, 0.031682, -0.011951, -0.011267] ,
[120.006244, 0.047722, 0.030113, -0.011343, -0.011007] ,
[129.990987, 0.044763, 0.029178, -0.011049, -0.010452] ,
[140.004488, 0.042401, 0.027835, -0.01035, -0.009827] ,
[149.998717, 0.039313, 0.025856, -0.008901, -0.00847] ,
[160.003744, 0.036697, 0.024228, -0.007844, -0.007419] ,
[170.00546, 0.034366, 0.022866, -0.006999, -0.006626] ,
[179.991194, 0.032266, 0.021367, -0.006084, -0.005751] ,
[190.000833, 0.03037, 0.020081, -0.005341, -0.005051] ,
[199.995462, 0.02876, 0.018994, -0.004778, -0.004543] ,
[209.997892, 0.027263, 0.018019, -0.004294, -0.004078] ,
[219.999949, 0.025936, 0.017113, -0.003877, -0.003663] ,
[230.000464, 0.024749, 0.016366, -0.003532, -0.003351] ,
[240.009843, 0.023687, 0.015583, -0.003224, -0.003064] ,
[250.006585, 0.022653, 0.014896, -0.002929, -0.002787] ,
[259.99859, 0.02171, 0.01429, -0.002681, -0.002542] ,
[269.998229, 0.020902, 0.013757, -0.002492, -0.002362] ,
[279.994844, 0.020071, 0.01321, -0.002289, -0.00218] ,
[290.008653, 0.019378, 0.012734, -0.002129, -0.002024] ,
[300.00454, 0.018764, 0.012331, -0.001994, -0.001895] ,
[309.992362, 0.018145, 0.011899, -0.001851, -0.001758] ,
[320.00381, 0.017545, 0.011503, -0.001738, -0.001654] ,
[330.003474, 0.016996, 0.011162, -0.001645, -0.00155] ,
[339.999982, 0.016511, 0.010823, -0.001535, -0.001458] ,
[350.005101, 0.016006, 0.010485, -0.001446, -0.00137] ,
])

===== n_truc = 200 =====

f_ideal_200 = np.array([
-0.34407025, -0.45086720, -0.58888455, -0.74780126 ,
-0.90016018, -0.99688958, -1.02731278, -1.12652697 ,
-1.31167404, -1.55319549, -1.82564815, -2.03218946 ,
-2.16478756, -2.34150480, -2.52382275, -2.64535110 ,
-2.74599030, -2.85653120, -2.94222641, -3.01001207 ,
-3.08455335, -3.15521811, -3.21121699, -3.26460944 ,
-3.32694341, -3.36446736, -3.41120912, -3.45850812 ,
-3.50501867, -3.54419168, -3.56899780, -3.61278805 ,
-3.65122198 ,
])

Current China Time: 2025-12-27 17:28:33.560930+08:00

===== n_truc = 300 =====

f_ideal_300 = np.array([
-0.37360315, -0.49845233, -0.63425409, -0.77160032 ,
-0.86395934, -0.90064380, -0.95758086, -1.12187658 ,
-1.31499487, -1.54703703, -1.76150184, -1.90482602 ,
-2.02079628, -2.18152331, -2.32769697, -2.42035196 ,
-2.50416044, -2.60128023, -2.67853225, -2.75094341 ,
-2.81350542, -2.90933533, -2.95737551, -2.99875665 ,
-3.06934718, -3.11968220, -3.17187021, -3.20735074 ,
-3.24482245, -3.32361456, -3.37682363, -3.38985383 ,
-3.46139560 ,
])

Current China Time: 2025-12-27 17:33:35.159571+08:00

===== n_truc = 400 =====

f_ideal_400 = np.array([
-0.37807928, -0.50779559, -0.65346860, -0.80437667 ,
-0.90113898, -0.93235728, -0.98916822, -1.16481602 ,
-1.37251416, -1.63295375, -1.86446523, -2.01299365 ,
-2.13541360, -2.31694978, -2.47493511, -2.57458298 ,
-2.66267599, -2.76435123, -2.83934335, -2.91143476 ,
-2.96950430, -3.06888812, -3.11463048, -3.15333592 ,
-3.22097064, -3.26559357, -3.31572628, -3.34570960 ,
-3.38509719, -3.45736125, -3.49993322, -3.51375122 ,
-3.58271149 ,
])

Current China Time: 2025-12-27 17:42:08.044789+08:00

===== n_truc = 500 =====

f_ideal_500 = np.array([
-0.30958723, -0.36332605, -0.46265258, -0.61377057 ,
-0.74208283, -0.83742979, -0.94183622, -1.09616724 ,
-1.27999490, -1.52466848, -1.74729011, -1.91870591 ,
-2.04760540, -2.22604927, -2.39454660, -2.48551779 ,
-2.56380758, -2.67245124, -2.74636807, -2.81212917 ,
-2.87206688, -2.98367966, -3.01046076, -3.02647715 ,
-3.10017302, -3.13757388, -3.18202649, -3.21045639 ,
-3.22928160, -3.31375008, -3.35939854, -3.35775587 ,
-3.42302099 ,
])

Current China Time: 2025-12-27 17:54:32.156435+08:00

===== n_truc = 600 =====

f_ideal_600 = np.array([
-0.26759713, -0.33295857, -0.40734480, -0.51855503 ,
-0.62280117, -0.72771494, -0.83915821, -0.90093164 ,
-0.98941472, -1.14221000, -1.26177986, -1.37171190 ,
-1.46738416, -1.57569071, -1.68010821, -1.75474760 ,
-1.81708337, -1.89323613, -1.95035524, -2.00234007 ,
-2.04528051, -2.12465664, -2.15499681, -2.17462590 ,
-2.22282369, -2.26469337, -2.29840510, -2.31801589 ,
-2.33848418, -2.39807939, -2.43135465, -2.44002995 ,
-2.48583693 ,
])

Current China Time: 2025-12-27 18:13:31.870572+08:00

===== n_truc = 700 =====

f_ideal_700 = np.array([
-0.26988912, -0.33721526, -0.41174219, -0.52123412 ,
-0.62286812, -0.72573798, -0.83655851, -0.89535475 ,
-0.98098108, -1.13233793, -1.25162383, -1.36086842 ,
-1.44895813, -1.54834119, -1.64489792, -1.71340555 ,
-1.77287335, -1.84659337, -1.90270485, -1.95401478 ,
-1.99643938, -2.07347465, -2.10408688, -2.12439590 ,
-2.17147995, -2.21296747, -2.24629744, -2.26608408 ,
-2.28687622, -2.34472253, -2.37758917, -2.38702005 ,
-2.43173903 ,
])

Current China Time: 2025-12-27 18:38:29.377338+08:00

===== n_truc = 800 =====

f_ideal_800 = np.array([
-0.27354703, -0.34179987, -0.41746420, -0.52537677 ,
-0.62113463, -0.71948112, -0.83527882, -0.89534096 ,
-0.98104692, -1.13236512, -1.25149254, -1.36056236 ,
-1.44842867, -1.54763947, -1.64402419, -1.71242516 ,
-1.77182383, -1.84545589, -1.90150207, -1.95275567 ,
-1.99513126, -2.07207753, -2.10266155, -2.12296368 ,
-2.17000436, -2.21145379, -2.24477131, -2.26453615 ,
-2.28532383, -2.34312305, -2.37597431, -2.38542649 ,
-2.43011807 ,
])

Current China Time: 2025-12-27 19:12:30.646578+08:00

===== n_truc = 900 =====

f_ideal_900 = np.array([
-0.28491506, -0.35891796, -0.43472849, -0.53887966 ,
-0.62619478, -0.71597343, -0.83774818, -0.90064940 ,
-0.98689303, -1.13896466, -1.25858093, -1.36723606 ,
-1.45234309, -1.54954870, -1.64474161, -1.71301508 ,
-1.77275986, -1.84662126, -1.90279607, -1.95406888 ,
-1.99629603, -2.07318207, -2.10361483, -2.12378748 ,
-2.17070771, -2.21204412, -2.24527633, -2.26494077 ,
-2.28565990, -2.34340211, -2.37625549, -2.38560417 ,
-2.43026280 ,
])

Current China Time: 2025-12-27 19:57:36.245055+08:00

===== n_truc = 1000 =====

f_ideal_1000 = np.array([
-0.28759122, -0.35317200, -0.42683336, -0.53285820 ,
-0.61338739, -0.69347947, -0.83445428, -0.90491491 ,
-0.99300728, -1.14660610, -1.26722015, -1.37603601 ,
-1.45978957, -1.55615806, -1.65069922, -1.71816836 ,
-1.77730203, -1.85079631, -1.90658554, -1.95753266 ,
-1.99943887, -2.07619682, -2.10635011, -2.12626250 ,
-2.17303876, -2.21420470, -2.24731784, -2.26683837 ,
-2.28742715, -2.34510857, -2.37790876, -2.38712364 ,
-2.43173863 ,
])

Current China Time: 2025-12-27 20:51:52.143698+08:00

fidelity_list = np.array([
[-0.3440702513650786, -0.45086719607747516, -0.5888845474557638, -0.7478012636170546, -0.9001601760779504, -0.9968895822925183, -1.0273127827462125, -1.1265269725159246, -1.3116740437414536, -1.5531954914954709, -1.8256481486228437, -2.0321894608301974, -2.1647875628624336, -2.3415048024235445, -2.5238227469358363, -2.6453511006787274, -2.745990295622837, -2.8565312001401875, -2.942226412959788, -3.010012071310995, -3.084553352430853, -3.155218112127151, -3.2112169903853314, -3.264609443614741, -3.326943408885546, -3.3644673585079854, -3.4112091245337486, -3.458508124677439, -3.505018666871645, -3.5441916778544025, -3.5689977988920027, -3.612788045388432, -3.6512219767347456] ,
[-0.37360314996282507, -0.4984523337612585, -0.6342540934509802, -0.7716003171482262, -0.8639593426025334, -0.9006437996039174, -0.9575808573848668, -1.1218765814835736, -1.3149948718936275, -1.547037029883036, -1.7615018421407842, -1.9048260195764082, -2.0207962838208053, -2.181523309805216, -2.3276969690585934, -2.420351962910994, -2.5041604405690427, -2.6012802278057636, -2.6785322548365915, -2.750943407536599, -2.8135054195925586, -2.9093353255496313, -2.9573755117142353, -2.9987566500556655, -3.0693471846367952, -3.119682196444909, -3.1718702145385658, -3.207350740300072, -3.2448224493070974, -3.3236145643041, -3.376823628040556, -3.389853825176616, -3.4613956026266366] ,
[-0.3780792785095978, -0.5077955881550433, -0.653468602551658, -0.8043766725168492, -0.9011389753669459, -0.9323572813396355, -0.9891682194558525, -1.164816023092277, -1.3725141616065883, -1.6329537482149281, -1.8644652269042679, -2.012993646829721, -2.1354136042280087, -2.316949784931313, -2.474935114417039, -2.5745829756587013, -2.6626759920239134, -2.764351230134144, -2.8393433465237563, -2.9114347630620947, -2.969504297954835, -3.068888116749395, -3.114630482361865, -3.153335919470832, -3.220970640163463, -3.2655935659902564, -3.315726276321442, -3.3457095972570383, -3.3850971942189094, -3.4573612523951773, -3.499933218348525, -3.513751220280295, -3.582711494481133] ,
[-0.309587232506377, -0.3633260465591308, -0.46265258214870825, -0.6137705659706718, -0.7420828260412228, -0.8374297918386551, -0.9418362169017749, -1.0961672389025423, -1.2799948973697746, -1.524668482429054, -1.7472901124677376, -1.9187059133303486, -2.0476053957036617, -2.2260492695099874, -2.394546600381644, -2.485517792796613, -2.5638075797865425, -2.672451237688781, -2.7463680676526354, -2.8121291702678475, -2.8720668785182046, -2.983679655198351, -3.0104607634301703, -3.0264771482856783, -3.1001730217193946, -3.1375738801552018, -3.182026492949761, -3.2104563878997694, -3.229281603400135, -3.313750083431972, -3.3593985382771163, -3.35775586535116, -3.4230209901650155] ,
[-0.26759713460719237, -0.3329585725362648, -0.40734479676508284, -0.5185550348819514, -0.6228011693022296, -0.7277149380668871, -0.8391582138250736, -0.9009316354605934, -0.9894147159796122, -1.1422099985758398, -1.26177985846315, -1.3717119045433241, -1.4673841550521027, -1.575690709997945, -1.6801082065404063, -1.75474760429484, -1.8170833730176126, -1.8932361256659804, -1.950355238197636, -2.0023400717295217, -2.0452805112159242, -2.1246566446594457, -2.1549968085942024, -2.1746258999671393, -2.2228236909872128, -2.264693367933384, -2.298405096657958, -2.3180158871878573, -2.338484180325611, -2.3980793926655943, -2.4313546494529352, -2.4400299541789665, -2.485836929409373] ,
[-0.26988912209888727, -0.3372152615346601, -0.4117421900501548, -0.5212341242425583, -0.6228681162955221, -0.7257379823874975, -0.8365585132647214, -0.8953547511120195, -0.9809810846822541, -1.132337926616331, -1.2516238256774446, -1.3608684169301777, -1.448958134236353, -1.5483411934823017, -1.6448979204079954, -1.71340555499061, -1.7728733485621029, -1.8465933700187904, -1.9027048484712301, -1.9540147801025878, -1.9964393771099138, -2.073474648238948, -2.104086882050126, -2.1243958990829386, -2.1714799524880797, -2.2129674734877267, -2.2462974432361107, -2.266084084809326, -2.2868762196887653, -2.34472253075547, -2.377589174260595, -2.3870200454432555, -2.431739027567128] ,
[-0.27354702715027224, -0.34179987312344534, -0.4174641963601691, -0.525376770547707, -0.6211346307654805, -0.7194811189206824, -0.8352788162087281, -0.8953409619632272, -0.981046917194225, -1.1323651217009902, -1.2514925368054082, -1.3605623552479789, -1.448428669097121, -1.547639467818943, -1.644024191053853, -1.7124251569337545, -1.7718238340743844, -1.8454558858652097, -1.9015020680973735, -1.952755668874976, -1.9951312590330703, -2.0720775271420333, -2.1026615508972437, -2.1229636820993427, -2.170004360448306, -2.2114537856527248, -2.2447713086914742, -2.2645361508819173, -2.2853238256128203, -2.3431230460001946, -2.375974305549954, -2.3854264869829813, -2.4301180689173174] ,
[-0.28491505608775314, -0.3589179555672523, -0.4347284879912299, -0.5388796610992792, -0.6261947830504621, -0.7159734341955868, -0.8377481796249433, -0.9006493960975417, -0.9868930279168855, -1.1389646600775076, -1.2585809329511304, -1.367236059184545, -1.4523430858537547, -1.5495487009412399, -1.644741609416174, -1.7130150758807214, -1.7727598593292462, -1.8466212552087384, -1.9027960658882683, -1.954068882340163, -1.996296034740109, -2.073182065118825, -2.1036148277784177, -2.123787476732309, -2.170707714068508, -2.2120441243947506, -2.2452763268927005, -2.2649407694559045, -2.2856599027913163, -2.343402106914043, -2.376255490852837, -2.385604171951219, -2.430262802616211] ,
[-0.2875912207710341, -0.35317200307165153, -0.42683335538119127, -0.5328581975060095, -0.6133873933162461, -0.6934794729222089, -0.8344542819698979, -0.9049149083362094, -0.9930072790755119, -1.1466061040484794, -1.2672201529018245, -1.3760360141257921, -1.4597895736799011, -1.556158062490729, -1.6506992224183077, -1.7181683603295692, -1.7773020253772092, -1.8507963125945077, -1.90658553802176, -1.9575326580108696, -1.9994388734023325, -2.07619681976518, -2.106350112390465, -2.12626250080643, -2.1730387628849837, -2.214204697655847, -2.247317838863169, -2.266838369521492, -2.2874271509195787, -2.3451085658496345, -2.377908763521933, -2.3871236441519637, -2.4317386251064916] ,
])
97202.16user 33.59system 3:26:12elapsed 785%CPU (0avgtext+0avgdata 6282604maxresident)k
0inputs+72outputs (2052major+4017692minor)pagefaults 0swaps
