get_fidelity_2q.py

Current China Time: 2025-12-30 10:34:30.820770+08:00

============================================================
 Configuration 
============================================================

[cz_run]
    False

[n_truc_list]
    [200, 400, 600, 800, 1000, 2000, 3000]

[use_truc_model]
    False

[truc_model_name]
    cz_short_500_detune1

[calculate_ideal]
    True

[calculate_noise]
    False

[max_step_ideal]
    0.001

[max_step_noisy]
    0.001

[num_cpus]
    1

[folder_load]
    ../data/December_17_2025_Sorted_Untruc

[tg_list]
    type: np.ndarray, shape=(5,)
    preview: [0, 5, 10, 15, 20]

[params]
    type: np.ndarray, shape=(16, 5)
      [29.996927, 0.099229, 0.053777, -0.026484, -0.026168]
      [40.008568, 0.097618, 0.048907, -0.028371, -0.027024]
      [49.994294, 0.090262, 0.042984, -0.025233, -0.02462]
      [60.001278, 0.080869, 0.03972, -0.023165, -0.02295]
      [70.008229, 0.073402, 0.037796, -0.021931, -0.021664]
      ...

[n_job]
    10

============================================================


params = np.array([
[29.996927, 0.099229, 0.053777, -0.026484, -0.026168] ,
[40.008568, 0.097618, 0.048907, -0.028371, -0.027024] ,
[49.994294, 0.090262, 0.042984, -0.025233, -0.02462] ,
[60.001278, 0.080869, 0.03972, -0.023165, -0.02295] ,
[70.008229, 0.073402, 0.037796, -0.021931, -0.021664] ,
[79.99851, 0.065544, 0.035922, -0.020281, -0.020077] ,
[89.990552, 0.059363, 0.033747, -0.017895, -0.017941] ,
[100.004638, 0.053938, 0.031254, -0.014436, -0.01423] ,
[110.007114, 0.050069, 0.029384, -0.012834, -0.012428] ,
[120.001275, 0.047464, 0.02837, -0.011854, -0.011511] ,
[130.001484, 0.044418, 0.027885, -0.01193, -0.011466] ,
[140.00192, 0.042909, 0.026824, -0.011366, -0.011035] ,
[149.996408, 0.040093, 0.025633, -0.010518, -0.010088] ,
[159.99037, 0.037023, 0.023672, -0.008865, -0.008531] ,
[169.994121, 0.034785, 0.022416, -0.007929, -0.007574] ,
[179.997146, 0.032728, 0.021369, -0.007199, -0.006847] ,
])

===== n_truc = 200 =====

f_ideal_200 = np.array([
-0.31994460, -0.40497265, -0.51260101, -0.64113147 ,
-0.78172370, -0.88628515, -0.94476441, -1.03965355 ,
-1.15895064, -1.36091644, -1.45090884, -1.56336170 ,
-1.62179215, -1.72150660, -1.82784394, -1.89548016 ,
])

Current China Time: 2025-12-30 10:35:30.712720+08:00

===== n_truc = 400 =====

f_ideal_400 = np.array([
-0.37344831, -0.51239889, -0.63405753, -0.74117053 ,
-0.83443053, -0.87307871, -0.89249898, -1.02187516 ,
-1.17586672, -1.40250176, -1.49487790, -1.58022983 ,
-1.63511328, -1.74274913, -1.86278877, -1.94434094 ,
])

Current China Time: 2025-12-30 10:38:17.730800+08:00

===== n_truc = 600 =====

f_ideal_600 = np.array([
-0.31208746, -0.40563108, -0.52060855, -0.64604831 ,
-0.76732922, -0.85998555, -0.91443304, -0.99529119 ,
-1.13865460, -1.32035830, -1.51668483, -1.68742554 ,
-1.80435289, -1.93972001, -2.11970195, -2.29760248 ,
])

Current China Time: 2025-12-30 10:48:50.988741+08:00

===== n_truc = 800 =====

f_ideal_800 = np.array([
-0.31544369, -0.41134419, -0.52436957, -0.64594957 ,
-0.76433895, -0.85746654, -0.91473393, -0.99622919 ,
-1.14067899, -1.32272102, -1.53060132, -1.71325036 ,
-1.84234501, -1.97009976, -2.14061302, -2.30675215 ,
])

Current China Time: 2025-12-30 11:03:42.000875+08:00

===== n_truc = 1000 =====

f_ideal_1000 = np.array([
-0.32010553, -0.40787826, -0.51137631, -0.62586901 ,
-0.73657704, -0.83209237, -0.90388686, -0.99896256 ,
-1.14615933, -1.33215048, -1.54170339, -1.72768490 ,
-1.85709213, -1.98000984, -2.14702933, -2.30878064 ,
])

Current China Time: 2025-12-30 11:33:25.554292+08:00

===== n_truc = 2000 =====

f_ideal_2000 = np.array([
-0.32642590, -0.41680737, -0.50849136, -0.60803142 ,
-0.70873156, -0.80733910, -0.88853414, -0.99490049 ,
-1.14569936, -1.33313963, -1.53936613, -1.72340940 ,
-1.85129613, -1.97797932, -2.14733195, -2.31035925 ,
])

Current China Time: 2025-12-30 14:21:11.152499+08:00

===== n_truc = 3000 =====

f_ideal_3000 = np.array([
-0.32625590, -0.41682106, -0.50782820, -0.60571215 ,
-0.70496648, -0.80341197, -0.88603120, -0.99265825 ,
-1.14351245, -1.33080853, -1.53704764, -1.72105539 ,
-1.84995124, -1.97809241, -2.14832060, -2.31247549 ,
])

Current China Time: 2025-12-30 20:58:49.280799+08:00

fidelity_list = np.array([
[-0.31994460121918317, -0.4049726472882984, -0.5126010093750809, -0.6411314730519762, -0.7817236989556011, -0.8862851541622216, -0.9447644086014441, -1.0396535458927847, -1.1589506367466988, -1.3609164431469654, -1.4509088357770679, -1.563361696898237, -1.621792149789588, -1.7215065998851655, -1.827843943240959, -1.8954801569422512] ,
[-0.3734483074823763, -0.5123988911695672, -0.6340575268605262, -0.7411705273298408, -0.8344305271525416, -0.8730787061599578, -0.8924989809571684, -1.0218751562914747, -1.1758667159934144, -1.402501763212032, -1.49487789513994, -1.580229825807402, -1.6351132807384259, -1.742749126142079, -1.862788766091244, -1.9443409432388103] ,
[-0.3120874580234073, -0.4056310818134501, -0.5206085485946128, -0.6460483109589936, -0.7673292226867283, -0.8599855481597405, -0.9144330415522715, -0.9952911907225543, -1.1386546037997147, -1.3203583042182192, -1.5166848329104987, -1.6874255442999635, -1.804352890996658, -1.9397200130333956, -2.119701953175892, -2.297602475781647] ,
[-0.3154436850503642, -0.4113441932751899, -0.524369574285491, -0.6459495671507345, -0.7643389491730921, -0.8574665419427243, -0.9147339311792418, -0.9962291931007714, -1.1406789896555884, -1.3227210191060499, -1.5306013208516498, -1.7132503552613385, -1.8423450123637515, -1.9700997593362375, -2.140613018712041, -2.3067521530695285] ,
[-0.3201055295892338, -0.4078782625727294, -0.5113763056810161, -0.6258690096780815, -0.7365770434107208, -0.8320923724888956, -0.9038868572298727, -0.9989625609473076, -1.1461593338180998, -1.3321504759732123, -1.541703386493474, -1.7276849007184378, -1.8570921331582273, -1.980009839738305, -2.1470293262137847, -2.308780640697684] ,
[-0.3264258999775012, -0.4168073673179859, -0.508491356100646, -0.6080314192351584, -0.7087315576959885, -0.8073390973133026, -0.8885341423453327, -0.9949004871809745, -1.145699364091858, -1.333139631152764, -1.5393661295813454, -1.7234094041811168, -1.8512961344111722, -1.9779793198102174, -2.1473319544693803, -2.310359252546742] ,
[-0.3262558969028171, -0.4168210621284251, -0.5078282024280932, -0.6057121534188715, -0.7049664772281262, -0.8034119719959432, -0.8860311971563785, -0.9926582475045647, -1.1435124471985252, -1.3308085251115322, -1.537047643019397, -1.7210553885738773, -1.849951236508359, -1.9780924094551426, -2.1483206004894844, -2.312475491166789] ,
])
241309.74user 179.32system 10:24:22elapsed 644%CPU (0avgtext+0avgdata 9555580maxresident)k
0inputs+56outputs (662major+4770655minor)pagefaults 0swaps
