get_fidelity_2q.py

Current China Time: 2025-12-30 10:22:30.127054+08:00

============================================================
 Configuration 
============================================================

[cz_run]
    False

[n_truc_list]
    [200, 400, 600, 800, 1000, 2000, 3000]

[use_truc_model]
    False

[truc_model_name]
    cz_short_500_detune1

[calculate_ideal]
    True

[calculate_noise]
    False

[max_step_ideal]
    0.001

[max_step_noisy]
    0.001

[num_cpus]
    1

[folder_load]
    ../data/December_17_2025_Sorted_Untruc

[tg_list]
    type: np.ndarray, shape=(5,)
    preview: [0, 5, 10, 15, 20]

[params]
    type: np.ndarray, shape=(22, 5)
      [29.994376, 0.099205, 0.057109, -0.028523, -0.027362]
      [40.003004, 0.096609, 0.049579, -0.028325, -0.026694]
      [50.009627, 0.086208, 0.045334, -0.026182, -0.024551]
      [59.995626, 0.077544, 0.041816, -0.024491, -0.02316]
      [70.001584, 0.070142, 0.037217, -0.020717, -0.019962]
      ...

[n_job]
    10

============================================================


params = np.array([
[29.994376, 0.099205, 0.057109, -0.028523, -0.027362] ,
[40.003004, 0.096609, 0.049579, -0.028325, -0.026694] ,
[50.009627, 0.086208, 0.045334, -0.026182, -0.024551] ,
[59.995626, 0.077544, 0.041816, -0.024491, -0.02316] ,
[70.001584, 0.070142, 0.037217, -0.020717, -0.019962] ,
[79.999318, 0.064654, 0.035147, -0.019493, -0.019465] ,
[90.004152, 0.05837, 0.033131, -0.016679, -0.016419] ,
[99.993121, 0.054087, 0.03088, -0.01407, -0.013906] ,
[110.006914, 0.04942, 0.029523, -0.012467, -0.012274] ,
[120.002847, 0.046972, 0.028541, -0.012215, -0.011723] ,
[130.008905, 0.044967, 0.027755, -0.011844, -0.011358] ,
[140.001622, 0.043144, 0.027082, -0.011653, -0.011332] ,
[150.007858, 0.039792, 0.025436, -0.010327, -0.00999] ,
[159.993478, 0.037136, 0.023904, -0.00912, -0.008799] ,
[169.994539, 0.035013, 0.022727, -0.008229, -0.007889] ,
[179.994327, 0.032879, 0.021406, -0.007326, -0.006974] ,
[190.005655, 0.031012, 0.020307, -0.006613, -0.006325] ,
[199.99683, 0.029348, 0.019253, -0.005939, -0.005642] ,
[209.999963, 0.027811, 0.018316, -0.005361, -0.005105] ,
[220.001258, 0.026491, 0.017488, -0.004918, -0.004691] ,
[229.990815, 0.025142, 0.016545, -0.00441, -0.004176] ,
[240.00977, 0.024099, 0.015795, -0.003997, -0.003807] ,
])

===== n_truc = 200 =====

f_ideal_200 = np.array([
-0.32676793, -0.41091466, -0.53141757, -0.65655390 ,
-0.78697257, -0.87256388, -0.96436689, -1.04300931 ,
-1.18270368, -1.31861280, -1.47764684, -1.53874237 ,
-1.60672959, -1.67891470, -1.78100270, -1.84293193 ,
-1.86235893, -1.92388720, -1.96479940, -1.96596795 ,
-2.00801883, -2.06707614 ,
])

Current China Time: 2025-12-30 10:23:55.085025+08:00

===== n_truc = 400 =====

f_ideal_400 = np.array([
-0.38538270, -0.51661022, -0.64683841, -0.75810980 ,
-0.82814753, -0.85944038, -0.92034156, -1.02807372 ,
-1.20646765, -1.35767853, -1.51727536, -1.56021546 ,
-1.61960774, -1.70297124, -1.81989532, -1.88680660 ,
-1.91151064, -1.97948048, -2.02582368, -2.02822025 ,
-2.07072485, -2.12737124 ,
])

Current China Time: 2025-12-30 10:28:21.713190+08:00

===== n_truc = 600 =====

f_ideal_600 = np.array([
-0.31032859, -0.40470337, -0.51801386, -0.64201901 ,
-0.76274204, -0.85732548, -0.91232236, -0.99616348 ,
-1.13884210, -1.32084463, -1.51778433, -1.68702076 ,
-1.80198516, -1.93304490, -2.11386322, -2.29455935 ,
-2.45032168, -2.62234852, -2.77205013, -2.85808752 ,
-2.93930326, -3.03867744 ,
])

Current China Time: 2025-12-30 10:38:02.613595+08:00

===== n_truc = 800 =====

f_ideal_800 = np.array([
-0.31447342, -0.41059872, -0.52251403, -0.64296543 ,
-0.76041037, -0.85594560, -0.91251117, -0.99685281 ,
-1.13971908, -1.32592969, -1.52983686, -1.71471612 ,
-1.83999111, -1.97275910, -2.15002419, -2.31850585 ,
-2.46905800, -2.62337743, -2.76631548, -2.86823853 ,
-2.95550988, -3.04804490 ,
])

Current China Time: 2025-12-30 11:03:50.653281+08:00

===== n_truc = 1000 =====

f_ideal_1000 = np.array([
-0.32093212, -0.40827226, -0.51470893, -0.62789951 ,
-0.74043994, -0.83568973, -0.90790623, -1.00014456 ,
-1.14607402, -1.33407038, -1.54179075, -1.72898133 ,
-1.85331662, -1.98305250, -2.15717357, -2.31949308 ,
-2.46469502, -2.61851995, -2.76237830, -2.86438235 ,
-2.95563608, -3.05006817 ,
])

Current China Time: 2025-12-30 11:48:32.217183+08:00

===== n_truc = 2000 =====

f_ideal_2000 = np.array([
-0.32840926, -0.41731493, -0.51284870, -0.61185876 ,
-0.72186730, -0.81446997, -0.89741560, -0.99703338 ,
-1.14637417, -1.33383003, -1.54034125, -1.72409303 ,
-1.84777925, -1.97988937, -2.15680600, -2.32160802 ,
-2.46753133, -2.62160681, -2.76515459, -2.86743430 ,
-2.95691833, -3.04889541 ,
])

Current China Time: 2025-12-30 16:41:07.212613+08:00

===== n_truc = 3000 =====

f_ideal_3000 = np.array([
-0.32833681, -0.41740435, -0.51249820, -0.61008111 ,
-0.71840679, -0.81112185, -0.89528593, -0.99478335 ,
-1.14433690, -1.33161590, -1.53783981, -1.72152977 ,
-1.84669134, -1.98018016, -2.15821035, -2.32411072 ,
-2.46897464, -2.62138232, -2.76466267, -2.86716674 ,
-2.95596933, -3.04714782 ,
])

Current China Time: 2025-12-30 23:45:36.596880+08:00

fidelity_list = np.array([
[-0.3267679312832743, -0.4109146577258421, -0.5314175721191159, -0.6565539019026647, -0.7869725703579956, -0.8725638772466902, -0.9643668882814288, -1.0430093061167198, -1.1827036778628164, -1.3186127996488501, -1.4776468419375939, -1.5387423728146796, -1.6067295859784336, -1.6789146966175532, -1.7810026964664216, -1.8429319254177443, -1.8623589270334047, -1.9238871980989352, -1.9647993984240832, -1.9659679500840601, -2.0080188298793034, -2.0670761416493755] ,
[-0.38538269771872946, -0.5166102219446712, -0.6468384133645357, -0.7581097991869837, -0.8281475347539664, -0.8594403826477517, -0.9203415557046127, -1.028073719046364, -1.2064676487704358, -1.3576785337299266, -1.517275355207493, -1.5602154570206648, -1.6196077384741214, -1.7029712352502893, -1.8198953185096214, -1.8868066009749858, -1.9115106351701605, -1.9794804816972495, -2.0258236817338777, -2.0282202505183626, -2.070724848770627, -2.1273712387660586] ,
[-0.31032858757337445, -0.4047033668923342, -0.5180138569579682, -0.642019008349195, -0.7627420447183272, -0.8573254771755296, -0.9123223561566713, -0.9961634846461208, -1.1388420997411781, -1.320844629297156, -1.5177843288943988, -1.6870207631041692, -1.8019851634025812, -1.9330449049065868, -2.113863216407559, -2.294559346163571, -2.4503216795173826, -2.6223485169837373, -2.7720501312133004, -2.8580875158708503, -2.9393032630998346, -3.0386774412465405] ,
[-0.31447341551830515, -0.41059872186388924, -0.5225140294206853, -0.6429654346712351, -0.7604103721793298, -0.8559455998265485, -0.9125111675248297, -0.9968528149597475, -1.1397190801913202, -1.3259296936881744, -1.5298368589942466, -1.7147161194447054, -1.8399911069415482, -1.9727591030688694, -2.150024192160583, -2.3185058489133255, -2.4690580019905712, -2.6233774296434325, -2.766315480376127, -2.8682385278277, -2.955509880047226, -3.048044898496971] ,
[-0.32093211980634323, -0.4082722578043336, -0.5147089293379499, -0.6278995094052177, -0.7404399363805648, -0.8356897333190908, -0.907906233694823, -1.0001445626712537, -1.146074017415794, -1.33407037739906, -1.5417907513400713, -1.7289813327444592, -1.8533166245205137, -1.9830525032659119, -2.157173571044143, -2.319493081072803, -2.4646950152531697, -2.6185199519727225, -2.762378303948839, -2.8643823508521775, -2.9556360793306924, -3.050068170265694] ,
[-0.32840925902117996, -0.41731492543344245, -0.5128486975398967, -0.611858755464256, -0.7218672974356771, -0.8144699681675194, -0.8974156042069967, -0.9970333787025316, -1.1463741688842977, -1.333830026276924, -1.5403412536399395, -1.7240930293601553, -1.8477792471858616, -1.9798893703628184, -2.1568060034772953, -2.321608017438526, -2.467531326971976, -2.6216068102226915, -2.7651545938034894, -2.8674343019998525, -2.956918333585929, -3.0488954089580074] ,
[-0.3283368071311917, -0.41740435064551973, -0.5124982001551515, -0.6100811093797481, -0.7184067932132072, -0.8111218490187576, -0.8952859271924165, -0.9947833456632321, -1.144336899640069, -1.3316158998329173, -1.537839806651908, -1.7215297683238566, -1.8466913398060316, -1.9801801590695682, -2.158210350092046, -2.3241107164216155, -2.468974638414638, -2.6213823197377404, -2.764662667931768, -2.8671667449036504, -2.9559693272724785, -3.0471478243322028] ,
])
354419.29user 179.91system 13:23:09elapsed 735%CPU (0avgtext+0avgdata 9560020maxresident)k
0inputs+64outputs (603major+4838777minor)pagefaults 0swaps
