get_fidelity_2q.py

Current China Time: 2025-12-31 11:16:27.304482+08:00

============================================================
 Configuration 
============================================================

[cz_run]
    False

[n_truc_list]
    type: np.ndarray, shape=(10,)
    preview: [200, 220, 240, 260, 280]

[use_truc_model]
    True

[truc_model_name]
    n_theta_dress_charge_truc

[calculate_ideal]
    True

[calculate_noise]
    False

[max_step_ideal]
    0.001

[max_step_noisy]
    0.001

[num_cpus]
    4

[folder_load]
    ../data/December_17_2025_Sorted_Untruc

[tg_list]
    type: np.ndarray, shape=(26,)
    preview: [0, 1, 2, 3, 4]

[params]
    type: np.ndarray, shape=(26, 5)
      [29.994376, 0.099205, 0.057109, -0.028523, -0.027362]
      [40.003004, 0.096609, 0.049579, -0.028325, -0.026694]
      [50.009627, 0.086208, 0.045334, -0.026182, -0.024551]
      [59.995626, 0.077544, 0.041816, -0.024491, -0.02316]
      [70.001584, 0.070142, 0.037217, -0.020717, -0.019962]
      ...

[n_job]
    10

============================================================


params = np.array([
[29.994376, 0.099205, 0.057109, -0.028523, -0.027362] ,
[40.003004, 0.096609, 0.049579, -0.028325, -0.026694] ,
[50.009627, 0.086208, 0.045334, -0.026182, -0.024551] ,
[59.995626, 0.077544, 0.041816, -0.024491, -0.02316] ,
[70.001584, 0.070142, 0.037217, -0.020717, -0.019962] ,
[79.999318, 0.064654, 0.035147, -0.019493, -0.019465] ,
[90.004152, 0.05837, 0.033131, -0.016679, -0.016419] ,
[99.993121, 0.054087, 0.03088, -0.01407, -0.013906] ,
[110.006914, 0.04942, 0.029523, -0.012467, -0.012274] ,
[120.002847, 0.046972, 0.028541, -0.012215, -0.011723] ,
[130.008905, 0.044967, 0.027755, -0.011844, -0.011358] ,
[140.001622, 0.043144, 0.027082, -0.011653, -0.011332] ,
[150.007858, 0.039792, 0.025436, -0.010327, -0.00999] ,
[159.993478, 0.037136, 0.023904, -0.00912, -0.008799] ,
[169.994539, 0.035013, 0.022727, -0.008229, -0.007889] ,
[179.994327, 0.032879, 0.021406, -0.007326, -0.006974] ,
[190.005655, 0.031012, 0.020307, -0.006613, -0.006325] ,
[199.99683, 0.029348, 0.019253, -0.005939, -0.005642] ,
[209.999963, 0.027811, 0.018316, -0.005361, -0.005105] ,
[220.001258, 0.026491, 0.017488, -0.004918, -0.004691] ,
[229.990815, 0.025142, 0.016545, -0.00441, -0.004176] ,
[240.00977, 0.024099, 0.015795, -0.003997, -0.003807] ,
[249.998675, 0.02298, 0.015082, -0.003623, -0.003456] ,
[260.001744, 0.021969, 0.014451, -0.003319, -0.003154] ,
[269.992401, 0.021155, 0.013872, -0.003069, -0.002914] ,
[279.998122, 0.020361, 0.013365, -0.00284, -0.002704] ,
])

===== n_truc = 200 =====

f_ideal_200 = np.array([
-0.32996246, -0.42841089, -0.54499226, -0.65943028 ,
-0.76480538, -0.82426995, -0.89339910, -0.99548916 ,
-1.15901332, -1.31026680, -1.46907286, -1.53780389 ,
-1.59951391, -1.69123745, -1.82605893, -1.93095978 ,
-1.98932421, -2.08795415, -2.15354220, -2.15977074 ,
-2.20152996, -2.26335869, -2.31668989, -2.36086425 ,
-2.37995458, -2.41862847 ,
])

Current China Time: 2025-12-31 11:19:16.054360+08:00

===== n_truc = 220 =====

f_ideal_220 = np.array([
-0.31068877, -0.40474121, -0.51823626, -0.64469640 ,
-0.76613139, -0.86050692, -0.91361973, -0.99664636 ,
-1.13881309, -1.32069038, -1.51728106, -1.68652002 ,
-1.80155982, -1.93258945, -2.11311135, -2.29405267 ,
-2.45017713, -2.62227087, -2.77203902, -2.85829946 ,
-2.93977970, -3.03897836, -3.11522451, -3.17030381 ,
-3.22274601, -3.28600784 ,
])

Current China Time: 2025-12-31 11:21:08.086741+08:00

===== n_truc = 240 =====

f_ideal_240 = np.array([
-0.30967251, -0.40321105, -0.51562752, -0.63923392 ,
-0.75947252, -0.85570279, -0.91059060, -0.99373894 ,
-1.13597295, -1.32154475, -1.52463534, -1.70986938 ,
-1.83630300, -1.96955216, -2.14704127, -2.31576856 ,
-2.46712517, -2.62124733, -2.76459495, -2.86760549 ,
-2.95367132, -3.04656974, -3.11996990, -3.17418933 ,
-3.23699133, -3.30081071 ,
])

Current China Time: 2025-12-31 11:22:44.120954+08:00

===== n_truc = 260 =====

f_ideal_260 = np.array([
-0.31319356, -0.40872536, -0.52128170, -0.64420655 ,
-0.76364791, -0.85904762, -0.91377122, -0.99729591 ,
-1.13996069, -1.32616369, -1.53009268, -1.71500604 ,
-1.84045184, -1.97344590, -2.15116995, -2.31993523 ,
-2.47034612, -2.62453150, -2.76711094, -2.86831584 ,
-2.95520736, -3.04793812, -3.12143284, -3.17571932 ,
-3.23838377, -3.30154466 ,
])

Current China Time: 2025-12-31 11:24:33.554648+08:00

===== n_truc = 280 =====

f_ideal_280 = np.array([
-0.31359042, -0.40901855, -0.52150590, -0.64423378 ,
-0.76338576, -0.85870284, -0.91375319, -0.99748307 ,
-1.14027646, -1.32654845, -1.53062257, -1.71549796 ,
-1.84080303, -1.97380246, -2.15161141, -2.32028684 ,
-2.47057462, -2.62469530, -2.76725273, -2.86840022 ,
-2.95533710, -3.04815592, -3.12167560, -3.17596198 ,
-3.23863288, -3.30179745 ,
])

Current China Time: 2025-12-31 11:26:38.138335+08:00

===== n_truc = 300 =====

f_ideal_300 = np.array([
-0.32131676, -0.41875044, -0.52797956, -0.64481419 ,
-0.76002111, -0.85530626, -0.91381815, -0.99902881 ,
-1.14234173, -1.32928221, -1.53472473, -1.72142419 ,
-1.84740438, -1.97975068, -2.15640739, -2.32275528 ,
-2.47134402, -2.62422068, -2.76644760, -2.86847154 ,
-2.95719042, -3.05018682, -3.12381892, -3.17822965 ,
-3.24155547, -3.30438684 ,
])

Current China Time: 2025-12-31 11:28:39.410799+08:00

===== n_truc = 320 =====

f_ideal_320 = np.array([
-0.32330881, -0.42110234, -0.52996823, -0.64495726 ,
-0.75779703, -0.85257899, -0.91337555, -0.99989190 ,
-1.14385410, -1.33119309, -1.53744300, -1.72474864 ,
-1.84961863, -1.97979195, -2.15370304, -2.31698298 ,
-2.46377657, -2.61719690, -2.76099430, -2.86457612 ,
-2.95558352, -3.04960633, -3.12375442, -3.17841980 ,
-3.24169113, -3.30449498 ,
])

Current China Time: 2025-12-31 11:32:48.389213+08:00

===== n_truc = 340 =====

f_ideal_340 = np.array([
-0.32295916, -0.41104401, -0.51674870, -0.62909430 ,
-0.74041119, -0.83500491, -0.90724958, -0.99996323 ,
-1.14634441, -1.33453389, -1.54237503, -1.72959333 ,
-1.85406346, -1.98433473, -2.15917008, -2.32186064 ,
-2.46714666, -2.62059926, -2.76324934, -2.86473981 ,
-2.95569989, -3.05006681, -3.12443452, -3.17919111 ,
-3.24203380, -3.30463943 ,
])

Current China Time: 2025-12-31 11:36:52.405635+08:00

===== n_truc = 360 =====

f_ideal_360 = np.array([
-0.32108838, -0.40825348, -0.51453190, -0.62786427 ,
-0.74099979, -0.83630180, -0.90844228, -1.00076759 ,
-1.14696304, -1.33539333, -1.54393242, -1.73221570 ,
-1.85733320, -1.98719391, -2.16127631, -2.32214502 ,
-2.46606729, -2.61869659, -2.76178353, -2.86324531 ,
-2.95501477, -3.04975557, -3.12434224, -3.17917218 ,
-3.24206135, -3.30468989 ,
])

Current China Time: 2025-12-31 11:42:37.761807+08:00

===== n_truc = 380 =====

f_ideal_380 = np.array([
-0.32418343, -0.41188246, -0.51806278, -0.63062984 ,
-0.74225623, -0.83664345, -0.90806956, -1.00106985 ,
-1.14697755, -1.33469990, -1.54211581, -1.72894183 ,
-1.85083975, -1.97733399, -2.14720361, -2.30627785 ,
-2.45026066, -2.60565493, -2.75181562, -2.85648400 ,
-2.95169370, -3.04788012, -3.12313014, -3.17821689 ,
-3.24111389, -3.30372343 ,
])

Current China Time: 2025-12-31 11:47:59.147525+08:00

fidelity_list = np.array([
[-0.32996246455828215, -0.42841089094693435, -0.5449922622569213, -0.659430283739076, -0.7648053775265593, -0.8242699532411542, -0.8933990988590854, -0.9954891638925184, -1.1590133242782714, -1.3102667985392904, -1.4690728550450478, -1.5378038949188728, -1.599513912477293, -1.6912374524987892, -1.8260589271587397, -1.9309597756359436, -1.9893242142036187, -2.0879541461106386, -2.153542195407629, -2.1597707352409534, -2.2015299612191677, -2.263358691945115, -2.3166898943788343, -2.3608642450068498, -2.379954576277708, -2.418628471496865] ,
[-0.31068876875881146, -0.40474120680338427, -0.5182362555135999, -0.6446963954338235, -0.766131387194322, -0.860506919138273, -0.9136197265107322, -0.9966463628410708, -1.1388130886231325, -1.320690383585831, -1.5172810609920035, -1.6865200215748626, -1.8015598158453494, -1.932589445394398, -2.1131113510570354, -2.2940526692984355, -2.450177134102312, -2.622270869035448, -2.772039024462527, -2.8582994598989755, -2.9397797015039218, -3.038978355886757, -3.115224507419317, -3.170303806255576, -3.2227460076740635, -3.2860078364017156] ,
[-0.30967251432687076, -0.40321104950760045, -0.5156275229404947, -0.6392339161537759, -0.7594725221397695, -0.8557027932470678, -0.9105906033202994, -0.9937389353344221, -1.1359729459281862, -1.3215447482639004, -1.5246353439371447, -1.7098693771816231, -1.836303004505719, -1.9695521631965962, -2.1470412742754204, -2.315768558527745, -2.467125165104407, -2.621247333534015, -2.76459495107619, -2.867605485447596, -2.9536713236383534, -3.046569739192725, -3.119969903977422, -3.174189332701747, -3.2369913287253826, -3.3008107076915696] ,
[-0.3131935579636922, -0.4087253640359896, -0.5212816987506438, -0.644206551910019, -0.7636479120652517, -0.8590476231378661, -0.9137712174757437, -0.9972959122405063, -1.1399606916505238, -1.3261636874493887, -1.5300926798485055, -1.7150060441295847, -1.8404518359154218, -1.9734458967923187, -2.151169946139143, -2.3199352321174023, -2.4703461154950395, -2.6245314998822287, -2.7671109446904074, -2.8683158381632623, -2.9552073551771656, -3.0479381166176007, -3.121432843292193, -3.175719316597337, -3.238383769162584, -3.3015446569663247] ,
[-0.31359041760716316, -0.4090185534865361, -0.5215058975263844, -0.6442337762655878, -0.7633857560958474, -0.8587028416335857, -0.9137531870504157, -0.9974830659270717, -1.1402764622796966, -1.32654845408507, -1.530622574195963, -1.7154979614531676, -1.8408030302914293, -1.9738024592814432, -2.1516114123397743, -2.3202868419500065, -2.470574615232092, -2.6246952959268315, -2.7672527338472857, -2.868400222018095, -2.9553371018786914, -3.0481559202396267, -3.1216756039519074, -3.1759619751219654, -3.2386328771439836, -3.301797445798807] ,
[-0.32131676379720403, -0.41875043684210767, -0.52797956282902, -0.6448141912305718, -0.7600211113530949, -0.8553062566785014, -0.9138181462196683, -0.999028813163847, -1.1423417347142468, -1.3292822088294378, -1.5347247311536119, -1.7214241881205616, -1.8474043790836505, -1.97975067992401, -2.156407391881222, -2.3227552829648728, -2.4713440194725367, -2.6242206839427937, -2.766447603120845, -2.868471543934018, -2.957190422215708, -3.0501868185905194, -3.123818922500174, -3.1782296516733046, -3.2415554728151124, -3.304386840818906] ,
[-0.3233088053220827, -0.4211023351447931, -0.529968233669991, -0.6449572574780433, -0.7577970298889413, -0.8525789931406591, -0.9133755454336505, -0.9998919043133357, -1.1438540991168975, -1.331193086315407, -1.5374430030026822, -1.724748641157584, -1.8496186321950774, -1.9797919528349057, -2.153703036732576, -2.316982982419403, -2.46377657337819, -2.6171969039720824, -2.7609942992073226, -2.8645761222737964, -2.9555835242783957, -3.0496063293722186, -3.1237544177972083, -3.1784198005163926, -3.241691128108309, -3.304494978591446] ,
[-0.3229591586627027, -0.41104400852229445, -0.5167487022705817, -0.6290943044586708, -0.7404111898228769, -0.8350049107752286, -0.9072495846368495, -0.9999632324720329, -1.1463444085108925, -1.3345338932904378, -1.5423750260258606, -1.7295933253303912, -1.8540634596542895, -1.9843347293460774, -2.1591700774080076, -2.321860640556555, -2.4671466628663703, -2.620599255688432, -2.7632493433874123, -2.8647398079888036, -2.955699888949283, -3.0500668084850284, -3.1244345160264677, -3.1791911068820067, -3.2420337994041812, -3.3046394348236054] ,
[-0.32108838196007417, -0.40825348128975103, -0.5145319005276662, -0.6278642667802952, -0.7409997938460701, -0.8363017997874193, -0.9084422826209168, -1.0007675871269424, -1.146963036698251, -1.3353933324432128, -1.5439324157966512, -1.7322157001098273, -1.8573331980887593, -1.9871939093402076, -2.1612763087338145, -2.322145024539626, -2.466067288208454, -2.6186965882675146, -2.7617835266489927, -2.8632453102928204, -2.9550147693705116, -3.0497555699152183, -3.1243422402731036, -3.179172181864752, -3.2420613488855086, -3.304689894432557] ,
[-0.32418342720059096, -0.41188245824374814, -0.5180627805343083, -0.6306298407622632, -0.7422562285580822, -0.8366434453644336, -0.908069561185102, -1.0010698458887979, -1.1469775525754844, -1.3346998957136205, -1.542115812629451, -1.7289418289560163, -1.850839752652415, -1.9773339895241109, -2.1472036146245315, -2.3062778537767077, -2.4502606613981923, -2.605654929298348, -2.751815624417014, -2.856483995661336, -2.9516937020105267, -3.0478801224721086, -3.123130142394367, -3.178216885971366, -3.241113888598207, -3.303723425583314] ,
[-0.3229769040495751, -0.41025551544175026, -0.5165352011445101, -0.6297718707049131, -0.7421700008505105, -0.8367188196906097, -0.906192214595771, -0.9991764624075837, -1.1451811810269537, -1.33197150049731, -1.5370520870578197, -1.7193367541832116, -1.8464420821719705, -1.984145250998966, -2.169162499812074, -2.342126019737745, -2.491900769841267, -2.643168493818408, -2.780591789899089, -2.875742921372378, -2.9599669451784156, -3.0509345105094927, -3.1237171033023787, -3.177965920870775, -3.240891063238493, -3.3032751513167566] ,
])
48379.48user 1099.59system 31:42.17elapsed 2601%CPU (0avgtext+0avgdata 5321880maxresident)k
0inputs+40outputs (88834major+65853416minor)pagefaults 0swaps




===== n_truc = 400 =====

f_ideal_400 = np.array([
-0.32297690, -0.41025552, -0.51653520, -0.62977187 ,
-0.74217000, -0.83671882, -0.90619221, -0.99917646 ,
-1.14518118, -1.33197150, -1.53705209, -1.71933675 ,
-1.84644208, -1.98414525, -2.16916250, -2.34212602 ,
-2.49190077, -2.64316849, -2.78059179, -2.87574292 ,
-2.95996695, -3.05093451, -3.12371710, -3.17796592 ,
-3.24089106, -3.30327515 ,
])

Current China Time: 2025-12-31 14:03:52.441515+08:00

fidelity_list = np.array([
[-0.3229769040495751, -0.41025551544175026, -0.5165352011445101, -0.6297718707049131, -0.7421700008505105, -0.8367188196906097, -0.906192214595771, -0.9991764624075837, -1.1451811810269537, -1.33197150049731, -1.5370520870578197, -1.7193367541832116, -1.8464420821719705, -1.984145250998966, -2.169162499812074, -2.342126019737745, -2.491900769841267, -2.643168493818408, -2.780591789899089, -2.875742921372378, -2.9599669451784156, -3.0509345105094927, -3.1237171033023787, -3.177965920870775, -3.240891063238493, -3.3032751513167566] ,
])
6582.14user 87.49system 3:59.47elapsed 2785%CPU (0avgtext+0avgdata 5378124maxresident)k
0inputs+24outputs (5269major+7825792minor)pagefaults 0swaps



fidelity_list = np.array([
[-0.32996246455828215, -0.42841089094693435, -0.5449922622569213, -0.659430283739076, -0.7648053775265593, -0.8242699532411542, -0.8933990988590854, -0.9954891638925184, -1.1590133242782714, -1.3102667985392904, -1.4690728550450478, -1.5378038949188728, -1.599513912477293, -1.6912374524987892, -1.8260589271587397, -1.9309597756359436, -1.9893242142036187, -2.0879541461106386, -2.153542195407629, -2.1597707352409534, -2.2015299612191677, -2.263358691945115, -2.3166898943788343, -2.3608642450068498, -2.379954576277708, -2.418628471496865] ,
[-0.31068876875881146, -0.40474120680338427, -0.5182362555135999, -0.6446963954338235, -0.766131387194322, -0.860506919138273, -0.9136197265107322, -0.9966463628410708, -1.1388130886231325, -1.320690383585831, -1.5172810609920035, -1.6865200215748626, -1.8015598158453494, -1.932589445394398, -2.1131113510570354, -2.2940526692984355, -2.450177134102312, -2.622270869035448, -2.772039024462527, -2.8582994598989755, -2.9397797015039218, -3.038978355886757, -3.115224507419317, -3.170303806255576, -3.2227460076740635, -3.2860078364017156] ,
[-0.30967251432687076, -0.40321104950760045, -0.5156275229404947, -0.6392339161537759, -0.7594725221397695, -0.8557027932470678, -0.9105906033202994, -0.9937389353344221, -1.1359729459281862, -1.3215447482639004, -1.5246353439371447, -1.7098693771816231, -1.836303004505719, -1.9695521631965962, -2.1470412742754204, -2.315768558527745, -2.467125165104407, -2.621247333534015, -2.76459495107619, -2.867605485447596, -2.9536713236383534, -3.046569739192725, -3.119969903977422, -3.174189332701747, -3.2369913287253826, -3.3008107076915696] ,
[-0.3131935579636922, -0.4087253640359896, -0.5212816987506438, -0.644206551910019, -0.7636479120652517, -0.8590476231378661, -0.9137712174757437, -0.9972959122405063, -1.1399606916505238, -1.3261636874493887, -1.5300926798485055, -1.7150060441295847, -1.8404518359154218, -1.9734458967923187, -2.151169946139143, -2.3199352321174023, -2.4703461154950395, -2.6245314998822287, -2.7671109446904074, -2.8683158381632623, -2.9552073551771656, -3.0479381166176007, -3.121432843292193, -3.175719316597337, -3.238383769162584, -3.3015446569663247] ,
[-0.31359041760716316, -0.4090185534865361, -0.5215058975263844, -0.6442337762655878, -0.7633857560958474, -0.8587028416335857, -0.9137531870504157, -0.9974830659270717, -1.1402764622796966, -1.32654845408507, -1.530622574195963, -1.7154979614531676, -1.8408030302914293, -1.9738024592814432, -2.1516114123397743, -2.3202868419500065, -2.470574615232092, -2.6246952959268315, -2.7672527338472857, -2.868400222018095, -2.9553371018786914, -3.0481559202396267, -3.1216756039519074, -3.1759619751219654, -3.2386328771439836, -3.301797445798807] ,
[-0.32131676379720403, -0.41875043684210767, -0.52797956282902, -0.6448141912305718, -0.7600211113530949, -0.8553062566785014, -0.9138181462196683, -0.999028813163847, -1.1423417347142468, -1.3292822088294378, -1.5347247311536119, -1.7214241881205616, -1.8474043790836505, -1.97975067992401, -2.156407391881222, -2.3227552829648728, -2.4713440194725367, -2.6242206839427937, -2.766447603120845, -2.868471543934018, -2.957190422215708, -3.0501868185905194, -3.123818922500174, -3.1782296516733046, -3.2415554728151124, -3.304386840818906] ,
[-0.3233088053220827, -0.4211023351447931, -0.529968233669991, -0.6449572574780433, -0.7577970298889413, -0.8525789931406591, -0.9133755454336505, -0.9998919043133357, -1.1438540991168975, -1.331193086315407, -1.5374430030026822, -1.724748641157584, -1.8496186321950774, -1.9797919528349057, -2.153703036732576, -2.316982982419403, -2.46377657337819, -2.6171969039720824, -2.7609942992073226, -2.8645761222737964, -2.9555835242783957, -3.0496063293722186, -3.1237544177972083, -3.1784198005163926, -3.241691128108309, -3.304494978591446] ,
[-0.3229591586627027, -0.41104400852229445, -0.5167487022705817, -0.6290943044586708, -0.7404111898228769, -0.8350049107752286, -0.9072495846368495, -0.9999632324720329, -1.1463444085108925, -1.3345338932904378, -1.5423750260258606, -1.7295933253303912, -1.8540634596542895, -1.9843347293460774, -2.1591700774080076, -2.321860640556555, -2.4671466628663703, -2.620599255688432, -2.7632493433874123, -2.8647398079888036, -2.955699888949283, -3.0500668084850284, -3.1244345160264677, -3.1791911068820067, -3.2420337994041812, -3.3046394348236054] ,
[-0.32108838196007417, -0.40825348128975103, -0.5145319005276662, -0.6278642667802952, -0.7409997938460701, -0.8363017997874193, -0.9084422826209168, -1.0007675871269424, -1.146963036698251, -1.3353933324432128, -1.5439324157966512, -1.7322157001098273, -1.8573331980887593, -1.9871939093402076, -2.1612763087338145, -2.322145024539626, -2.466067288208454, -2.6186965882675146, -2.7617835266489927, -2.8632453102928204, -2.9550147693705116, -3.0497555699152183, -3.1243422402731036, -3.179172181864752, -3.2420613488855086, -3.304689894432557] ,
[-0.32418342720059096, -0.41188245824374814, -0.5180627805343083, -0.6306298407622632, -0.7422562285580822, -0.8366434453644336, -0.908069561185102, -1.0010698458887979, -1.1469775525754844, -1.3346998957136205, -1.542115812629451, -1.7289418289560163, -1.850839752652415, -1.9773339895241109, -2.1472036146245315, -2.3062778537767077, -2.4502606613981923, -2.605654929298348, -2.751815624417014, -2.856483995661336, -2.9516937020105267, -3.0478801224721086, -3.123130142394367, -3.178216885971366, -3.241113888598207, -3.303723425583314] ,
[-0.3229769040495751, -0.41025551544175026, -0.5165352011445101, -0.6297718707049131, -0.7421700008505105, -0.8367188196906097, -0.906192214595771, -0.9991764624075837, -1.1451811810269537, -1.33197150049731, -1.5370520870578197, -1.7193367541832116, -1.8464420821719705, -1.984145250998966, -2.169162499812074, -2.342126019737745, -2.491900769841267, -2.643168493818408, -2.780591789899089, -2.875742921372378, -2.9599669451784156, -3.0509345105094927, -3.1237171033023787, -3.177965920870775, -3.240891063238493, -3.3032751513167566] ,
])