get_fidelity_2q.py

Current China Time: 2025-12-22 23:12:17.601181+08:00

============================================================
 Configuration 
============================================================

[cz_run]
    False

[n_truc_list]
    [200]

[use_truc_model]
    False

[truc_model_name]
    cz_short_500_detune1

[calculate_ideal]
    True

[calculate_noise]
    False

[max_step_ideal]
    1e-05

[max_step_noisy]
    0.001

[num_cpus]
    1

[folder_load]
    ../../data/_truc_3000

[tg_list]
    type: np.ndarray, shape=(33,)
    preview: [0, 1, 2, 3, 4]

[params]
    type: np.ndarray, shape=(33, 5)
      [29.998501, 0.096133, 0.070563, -0.035335, -0.032721]
      [39.990704, 0.089924, 0.060848, -0.031439, -0.029904]
      [50.004446, 0.084902, 0.055217, -0.030001, -0.028142]
      [59.991291, 0.078729, 0.049231, -0.027353, -0.025249]
      [70.005539, 0.072844, 0.045047, -0.024855, -0.023813]
      ...

[n_job]
    10

============================================================


params = np.array([
[29.998501, 0.096133, 0.070563, -0.035335, -0.032721] ,
[39.990704, 0.089924, 0.060848, -0.031439, -0.029904] ,
[50.004446, 0.084902, 0.055217, -0.030001, -0.028142] ,
[59.991291, 0.078729, 0.049231, -0.027353, -0.025249] ,
[70.005539, 0.072844, 0.045047, -0.024855, -0.023813] ,
[79.995939, 0.06799, 0.041242, -0.022761, -0.02199] ,
[89.99452, 0.060557, 0.035515, -0.016801, -0.016452] ,
[99.994847, 0.053799, 0.033004, -0.013238, -0.012653] ,
[110.000851, 0.049619, 0.031682, -0.011951, -0.011267] ,
[120.006244, 0.047722, 0.030113, -0.011343, -0.011007] ,
[129.990987, 0.044763, 0.029178, -0.011049, -0.010452] ,
[140.004488, 0.042401, 0.027835, -0.01035, -0.009827] ,
[149.998717, 0.039313, 0.025856, -0.008901, -0.00847] ,
[160.003744, 0.036697, 0.024228, -0.007844, -0.007419] ,
[170.00546, 0.034366, 0.022866, -0.006999, -0.006626] ,
[179.991194, 0.032266, 0.021367, -0.006084, -0.005751] ,
[190.000833, 0.03037, 0.020081, -0.005341, -0.005051] ,
[199.995462, 0.02876, 0.018994, -0.004778, -0.004543] ,
[209.997892, 0.027263, 0.018019, -0.004294, -0.004078] ,
[219.999949, 0.025936, 0.017113, -0.003877, -0.003663] ,
[230.000464, 0.024749, 0.016366, -0.003532, -0.003351] ,
[240.009843, 0.023687, 0.015583, -0.003224, -0.003064] ,
[250.006585, 0.022653, 0.014896, -0.002929, -0.002787] ,
[259.99859, 0.02171, 0.01429, -0.002681, -0.002542] ,
[269.998229, 0.020902, 0.013757, -0.002492, -0.002362] ,
[279.994844, 0.020071, 0.01321, -0.002289, -0.00218] ,
[290.008653, 0.019378, 0.012734, -0.002129, -0.002024] ,
[300.00454, 0.018764, 0.012331, -0.001994, -0.001895] ,
[309.992362, 0.018145, 0.011899, -0.001851, -0.001758] ,
[320.00381, 0.017545, 0.011503, -0.001738, -0.001654] ,
[330.003474, 0.016996, 0.011162, -0.001645, -0.00155] ,
[339.999982, 0.016511, 0.010823, -0.001535, -0.001458] ,
[350.005101, 0.016006, 0.010485, -0.001446, -0.00137] ,
])

===== n_truc = 200 =====

f_ideal_200 = np.array([
-0.34406489, -0.45085610, -0.58886269, -0.74776357 ,
-0.90010225, -0.99680641, -1.02717487, -1.12634621 ,
-1.31146609, -1.55298063, -1.82544703, -2.03202337 ,
-2.16454838, -2.34126394, -2.52368026, -2.64515356 ,
-2.74571517, -2.85634222, -2.94203777, -3.00975565 ,
-3.08434658, -3.15522162, -3.21110856, -3.26425067 ,
-3.32674890, -3.36428203, -3.41099071, -3.45829660 ,
-3.50458553, -3.54414096, -3.56879290, -3.61258775 ,
-3.65107772 ,
])

Current China Time: 2025-12-23 02:31:42.800774+08:00

fidelity_list = np.array([
[-0.34406489301117177, -0.45085609560347023, -0.5888626940869186, -0.7477635742716369, -0.9001022461864421, -0.9968064070391645, -1.027174867890376, -1.126346207020056, -1.3114660857375595, -1.5529806330747542, -1.825447027801192, -2.032023366707564, -2.1645483818976254, -2.341263940226776, -2.5236802574284836, -2.645153557460792, -2.7457151741018224, -2.8563422202843354, -2.942037771109767, -3.0097556455329904, -3.084346583343697, -3.1552216195846414, -3.2111085589226653, -3.264250670355451, -3.326748902430741, -3.364282025598541, -3.4109907114525715, -3.458296600978344, -3.5045855329709514, -3.544140964200075, -3.568792899866155, -3.612587751093343, -3.651077718575509] ,
])
93016.64user 17.08system 3:19:27elapsed 777%CPU (0avgtext+0avgdata 5086500maxresident)k
0inputs+24outputs (1069major+1021345minor)pagefaults 0swaps
