get_fidelity_2q.py

Current China Time: 2025-12-22 22:40:31.457288+08:00

============================================================
 Configuration 
============================================================

[cz_run]
    False

[n_truc_list]
    type: np.ndarray, shape=(7,)
    preview: [300, 400, 500, 600, 700]

[use_truc_model]
    False

[truc_model_name]
    cz_short_500_detune1

[calculate_ideal]
    True

[calculate_noise]
    False

[max_step_ideal]
    0.001

[max_step_noisy]
    0.001

[num_cpus]
    4

[folder_load]
    ../../data/_truc_3000

[tg_list]
    type: np.ndarray, shape=(33,)
    preview: [0, 1, 2, 3, 4]

[params]
    type: np.ndarray, shape=(33, 5)
      [29.998501, 0.096133, 0.070563, -0.035335, -0.032721]
      [39.990704, 0.089924, 0.060848, -0.031439, -0.029904]
      [50.004446, 0.084902, 0.055217, -0.030001, -0.028142]
      [59.991291, 0.078729, 0.049231, -0.027353, -0.025249]
      [70.005539, 0.072844, 0.045047, -0.024855, -0.023813]
      ...

[n_job]
    33

============================================================


params = np.array([
[29.998501, 0.096133, 0.070563, -0.035335, -0.032721] ,
[39.990704, 0.089924, 0.060848, -0.031439, -0.029904] ,
[50.004446, 0.084902, 0.055217, -0.030001, -0.028142] ,
[59.991291, 0.078729, 0.049231, -0.027353, -0.025249] ,
[70.005539, 0.072844, 0.045047, -0.024855, -0.023813] ,
[79.995939, 0.06799, 0.041242, -0.022761, -0.02199] ,
[89.99452, 0.060557, 0.035515, -0.016801, -0.016452] ,
[99.994847, 0.053799, 0.033004, -0.013238, -0.012653] ,
[110.000851, 0.049619, 0.031682, -0.011951, -0.011267] ,
[120.006244, 0.047722, 0.030113, -0.011343, -0.011007] ,
[129.990987, 0.044763, 0.029178, -0.011049, -0.010452] ,
[140.004488, 0.042401, 0.027835, -0.01035, -0.009827] ,
[149.998717, 0.039313, 0.025856, -0.008901, -0.00847] ,
[160.003744, 0.036697, 0.024228, -0.007844, -0.007419] ,
[170.00546, 0.034366, 0.022866, -0.006999, -0.006626] ,
[179.991194, 0.032266, 0.021367, -0.006084, -0.005751] ,
[190.000833, 0.03037, 0.020081, -0.005341, -0.005051] ,
[199.995462, 0.02876, 0.018994, -0.004778, -0.004543] ,
[209.997892, 0.027263, 0.018019, -0.004294, -0.004078] ,
[219.999949, 0.025936, 0.017113, -0.003877, -0.003663] ,
[230.000464, 0.024749, 0.016366, -0.003532, -0.003351] ,
[240.009843, 0.023687, 0.015583, -0.003224, -0.003064] ,
[250.006585, 0.022653, 0.014896, -0.002929, -0.002787] ,
[259.99859, 0.02171, 0.01429, -0.002681, -0.002542] ,
[269.998229, 0.020902, 0.013757, -0.002492, -0.002362] ,
[279.994844, 0.020071, 0.01321, -0.002289, -0.00218] ,
[290.008653, 0.019378, 0.012734, -0.002129, -0.002024] ,
[300.00454, 0.018764, 0.012331, -0.001994, -0.001895] ,
[309.992362, 0.018145, 0.011899, -0.001851, -0.001758] ,
[320.00381, 0.017545, 0.011503, -0.001738, -0.001654] ,
[330.003474, 0.016996, 0.011162, -0.001645, -0.00155] ,
[339.999982, 0.016511, 0.010823, -0.001535, -0.001458] ,
[350.005101, 0.016006, 0.010485, -0.001446, -0.00137] ,
])

===== n_truc = 300 =====

f_ideal_300 = np.array([
-0.37358775, -0.49842178, -0.63419464, -0.77148477 ,
-0.86379592, -0.90044240, -0.95731332, -1.12152570 ,
-1.31458802, -1.54654945, -1.76097433, -1.90425529 ,
-2.02007784, -2.18067865, -2.32671964, -2.41920716 ,
-2.50279679, -2.59971974, -2.67678795, -2.74909541 ,
-2.81134519, -2.90715138, -2.95487335, -2.99594908 ,
-3.06634194, -3.11632205, -3.16831044, -3.20338851 ,
-3.24047549, -3.31917094, -3.37276538, -3.38458421 ,
-3.45619385 ,
])

Current China Time: 2025-12-22 22:41:15.311459+08:00

===== n_truc = 400 =====

f_ideal_400 = np.array([
-0.37806494, -0.50776407, -0.65339986, -0.80425307 ,
-0.90095905, -0.93213810, -0.98887598, -1.16443887 ,
-1.37208745, -1.63248930, -1.86403416, -2.01257744 ,
-2.13485177, -2.31635733, -2.47426805, -2.57374610 ,
-2.66160146, -2.76308314, -2.83789707, -2.90996122 ,
-2.96762997, -3.06719518, -3.11249024, -3.15081658 ,
-3.21839652, -3.26248095, -3.31244626, -3.34196999 ,
-3.38086119, -3.45321999, -3.49683926, -3.50879426 ,
-3.57832269 ,
])

Current China Time: 2025-12-22 22:42:17.950681+08:00

===== n_truc = 500 =====

f_ideal_500 = np.array([
-0.30957578, -0.36327804, -0.46256878, -0.61366147 ,
-0.74194821, -0.83724958, -0.94154603, -1.09581371 ,
-1.27961069, -1.52424432, -1.74686054, -1.91824645 ,
-2.04698449, -2.22535056, -2.39370335, -2.48445448 ,
-2.56247117, -2.67079298, -2.74443726, -2.81006137 ,
-2.86949008, -2.98091930, -3.00724093, -3.02295964 ,
-3.09630315, -3.13307102, -3.17721066, -3.20507221 ,
-3.22351166, -3.30739122, -3.35354291, -3.35043984 ,
-3.41559423 ,
])

Current China Time: 2025-12-22 22:43:52.886448+08:00

===== n_truc = 600 =====

f_ideal_600 = np.array([
-0.26757166, -0.33290213, -0.40726321, -0.51846622 ,
-0.62268853, -0.72755511, -0.83891152, -0.90069705 ,
-0.98920368, -1.14199300, -1.26154500, -1.37144221 ,
-1.46707700, -1.57531928, -1.67961026, -1.75407128 ,
-1.81621949, -1.89218514, -1.94913466, -2.00097597 ,
-2.04374357, -2.12289554, -2.15306319, -2.17259272 ,
-2.22056853, -2.26222489, -2.29573250, -2.31515886 ,
-2.33547207, -2.39470935, -2.42779788, -2.43625527 ,
-2.48178483 ,
])

Current China Time: 2025-12-22 22:46:32.025718+08:00

===== n_truc = 700 =====

f_ideal_700 = np.array([
-0.26986124, -0.33715894, -0.41165619, -0.52114283 ,
-0.62274832, -0.72556395, -0.83630355, -0.89512585 ,
-0.98077352, -1.13211808, -1.25138174, -1.36057635 ,
-1.44861735, -1.54793609, -1.64439462, -1.71272718 ,
-1.77202096, -1.84555103, -1.90149669, -1.95266271 ,
-1.99490572, -2.07172788, -2.10216276, -2.12236856 ,
-2.16923484, -2.21049359, -2.24362375, -2.26319683 ,
-2.28383024, -2.34132746, -2.37398685, -2.38318435 ,
-2.42760343 ,
])

Current China Time: 2025-12-22 22:51:09.987687+08:00

===== n_truc = 800 =====

f_ideal_800 = np.array([
-0.27352110, -0.34174670, -0.41738099, -0.52527334 ,
-0.62100145, -0.71929569, -0.83501744, -0.89511618 ,
-0.98085095, -1.13218293, -1.25128978, -1.36032116 ,
-1.44815772, -1.54730627, -1.64357233, -1.71176294 ,
-1.77095540, -1.84438311, -1.90024427, -1.95134590 ,
-1.99352521, -2.07023711, -2.10064337, -2.12083244 ,
-2.16763249, -2.20884143, -2.24192867, -2.26147576 ,
-2.28209058, -2.33950124, -2.37212882, -2.38132055 ,
-2.42568154 ,
])

Current China Time: 2025-12-22 22:59:32.451507+08:00

===== n_truc = 900 =====

f_ideal_900 = np.array([
-0.28488640, -0.35886087, -0.43463549, -0.53876185 ,
-0.62604496, -0.71577676, -0.83749135, -0.90042092 ,
-0.98671134, -1.13879025, -1.25840541, -1.36705135 ,
-1.45213327, -1.54929126, -1.64437954, -1.71242320 ,
-1.77192198, -1.84554699, -1.90150686, -1.95260547 ,
-1.99461527, -2.07125630, -2.10149300, -2.12154051 ,
-2.16820733, -2.20928733, -2.24228049, -2.26170769 ,
-2.28223364, -2.33956107, -2.37215156, -2.38122167 ,
-2.42553219 ,
])

Current China Time: 2025-12-22 23:13:14.666151+08:00

fidelity_list = np.array([
[-0.3735877520294146, -0.49842178212718535, -0.634194639429704, -0.7714847704482062, -0.8637959221589534, -0.9004423994653843, -0.9573133154530379, -1.1215256995070082, -1.3145880210919993, -1.5465494485637739, -1.7609743308689976, -1.9042552898018203, -2.0200778398548693, -2.180678650661939, -2.32671963918194, -2.4192071570147227, -2.502796785973527, -2.599719744746896, -2.676787951742799, -2.7490954116423874, -2.8113451895165946, -2.9071513795631136, -2.954873345957708, -2.995949075666405, -3.0663419356539543, -3.116322047113821, -3.1683104362861783, -3.2033885143540286, -3.240475492262842, -3.319170942790408, -3.3727653752856455, -3.3845842093278256, -3.4561938501270877] ,
[-0.3780649356175367, -0.5077640700718318, -0.6533998645313485, -0.804253069184494, -0.9009590465658563, -0.9321380999865108, -0.9888759771308536, -1.1644388691644916, -1.3720874537740755, -1.632489298861436, -1.8640341579092483, -2.012577442307184, -2.1348517658978388, -2.3163573342687505, -2.474268052581571, -2.5737460957992115, -2.661601461519809, -2.7630831387464374, -2.837897066400709, -2.909961217721723, -2.9676299661828494, -3.0671951816474983, -3.1124902446641194, -3.1508165784730164, -3.218396517553413, -3.2624809483561172, -3.3124462623590083, -3.341969986976396, -3.380861191778336, -3.453219987371566, -3.496839256608997, -3.5087942552457565, -3.578322686515368] ,
[-0.3095757833550014, -0.3632780370348222, -0.4625687778670863, -0.613661468427612, -0.7419482056687134, -0.8372495801945267, -0.9415460343156901, -1.0958137132554413, -1.2796106943187093, -1.5242443193614408, -1.7468605424532313, -1.9182464459895516, -2.04698449075841, -2.225350556983136, -2.393703347211968, -2.4844544785956226, -2.5624711651390535, -2.6707929808859894, -2.744437255012491, -2.810061367076849, -2.8694900804355594, -2.980919296480901, -3.0072409339361093, -3.02295964145681, -3.0963031541519297, -3.1330710152681815, -3.1772106570545513, -3.2050722094756696, -3.2235116616738364, -3.3073912151568616, -3.3535429142554634, -3.3504398432913476, -3.4155942288596477] ,
[-0.2675716629391375, -0.3329021269003556, -0.4072632076723954, -0.5184662203651295, -0.6226885344927778, -0.7275551103529438, -0.8389115206866135, -0.9006970515880857, -0.989203677206519, -1.1419930006436048, -1.2615450049417904, -1.3714422102825716, -1.4670769971196247, -1.5753192815195762, -1.679610256384796, -1.7540712829982623, -1.81621949163297, -1.8921851400074154, -1.9491346570462964, -2.0009759653557273, -2.043743574002872, -2.122895543922747, -2.1530631856666185, -2.1725927155089497, -2.2205685280643506, -2.26222488751469, -2.2957325031440665, -2.315158859623836, -2.3354720689856734, -2.3947093458090025, -2.427797877000753, -2.436255268746418, -2.4817848281125143] ,
[-0.2698612388605307, -0.33715894128105994, -0.4116561851597083, -0.5211428265338519, -0.6227483203675813, -0.7255639541628025, -0.8363035480453852, -0.8951258468386636, -0.9807735206754014, -1.1321180800039923, -1.2513817396145643, -1.3605763468528609, -1.448617352556292, -1.5479360864950067, -1.6443946153267648, -1.7127271770621637, -1.7720209603604016, -1.8455510342692432, -1.901496691365038, -1.9526627096001055, -1.994905719435338, -2.071727878469365, -2.1021627640919336, -2.1223685587939505, -2.1692348355946676, -2.2104935929135565, -2.2436237468206364, -2.2631968309439414, -2.283830242145683, -2.3413274648194724, -2.373986851671573, -2.3831843503274075, -2.4276034263786426] ,
[-0.27352109841231115, -0.34174669801502777, -0.41738099485874325, -0.5252733377240182, -0.6210014538687781, -0.719295686046042, -0.8350174444503857, -0.8951161831269964, -0.9808509490061438, -1.1321829321641124, -1.2512897848487583, -1.3603211558189812, -1.4481577208524261, -1.547306270872675, -1.6435723278504784, -1.7117629354389952, -1.7709554023728078, -1.8443831096145167, -1.900244274736873, -1.95134589668824, -1.99352521462119, -2.070237110723626, -2.1006433670307207, -2.120832435947181, -2.167632487673511, -2.208841429092309, -2.241928670659573, -2.261475762026241, -2.282090575199787, -2.3395012359207588, -2.37212881582, -2.3813205483817326, -2.42568154147431] ,
[-0.28488639950027433, -0.35886087182073034, -0.4346354889038455, -0.5387618460144631, -0.62604496262309, -0.7157767561459254, -0.8374913545116602, -0.900420920983297, -0.986711337046669, -1.1387902494211886, -1.258405407351766, -1.3670513482373687, -1.4521332741980264, -1.5492912634320934, -1.644379540528638, -1.7124231974011157, -1.7719219825648982, -1.845546989577661, -1.9015068575645637, -1.9526054749121449, -1.9946152663017425, -2.0712563001784003, -2.101492995054658, -2.1215405054218452, -2.1682073255607497, -2.209287333620807, -2.2422804871533804, -2.261707685601928, -2.2822336382016375, -2.339561067661376, -2.3721515620127698, -2.3812216736187857, -2.4255321908253977] ,
])
164360.28user 2124.54system 32:45.56elapsed 8470%CPU (0avgtext+0avgdata 6118488maxresident)k
0inputs+40outputs (176641major+75979835minor)pagefaults 0swaps
