get_fidelity_2q.py

Current China Time: 2025-12-22 23:01:06.613074+08:00

============================================================
 Configuration 
============================================================

[cz_run]
    False

[n_truc_list]
    [200]

[use_truc_model]
    False

[truc_model_name]
    cz_short_500_detune1

[calculate_ideal]
    True

[calculate_noise]
    False

[max_step_ideal]
    0.0001

[max_step_noisy]
    0.001

[num_cpus]
    4

[folder_load]
    ../../data/_truc_3000

[tg_list]
    type: np.ndarray, shape=(33,)
    preview: [0, 1, 2, 3, 4]

[params]
    type: np.ndarray, shape=(33, 5)
      [29.998501, 0.096133, 0.070563, -0.035335, -0.032721]
      [39.990704, 0.089924, 0.060848, -0.031439, -0.029904]
      [50.004446, 0.084902, 0.055217, -0.030001, -0.028142]
      [59.991291, 0.078729, 0.049231, -0.027353, -0.025249]
      [70.005539, 0.072844, 0.045047, -0.024855, -0.023813]
      ...

[n_job]
    33

============================================================


params = np.array([
[29.998501, 0.096133, 0.070563, -0.035335, -0.032721] ,
[39.990704, 0.089924, 0.060848, -0.031439, -0.029904] ,
[50.004446, 0.084902, 0.055217, -0.030001, -0.028142] ,
[59.991291, 0.078729, 0.049231, -0.027353, -0.025249] ,
[70.005539, 0.072844, 0.045047, -0.024855, -0.023813] ,
[79.995939, 0.06799, 0.041242, -0.022761, -0.02199] ,
[89.99452, 0.060557, 0.035515, -0.016801, -0.016452] ,
[99.994847, 0.053799, 0.033004, -0.013238, -0.012653] ,
[110.000851, 0.049619, 0.031682, -0.011951, -0.011267] ,
[120.006244, 0.047722, 0.030113, -0.011343, -0.011007] ,
[129.990987, 0.044763, 0.029178, -0.011049, -0.010452] ,
[140.004488, 0.042401, 0.027835, -0.01035, -0.009827] ,
[149.998717, 0.039313, 0.025856, -0.008901, -0.00847] ,
[160.003744, 0.036697, 0.024228, -0.007844, -0.007419] ,
[170.00546, 0.034366, 0.022866, -0.006999, -0.006626] ,
[179.991194, 0.032266, 0.021367, -0.006084, -0.005751] ,
[190.000833, 0.03037, 0.020081, -0.005341, -0.005051] ,
[199.995462, 0.02876, 0.018994, -0.004778, -0.004543] ,
[209.997892, 0.027263, 0.018019, -0.004294, -0.004078] ,
[219.999949, 0.025936, 0.017113, -0.003877, -0.003663] ,
[230.000464, 0.024749, 0.016366, -0.003532, -0.003351] ,
[240.009843, 0.023687, 0.015583, -0.003224, -0.003064] ,
[250.006585, 0.022653, 0.014896, -0.002929, -0.002787] ,
[259.99859, 0.02171, 0.01429, -0.002681, -0.002542] ,
[269.998229, 0.020902, 0.013757, -0.002492, -0.002362] ,
[279.994844, 0.020071, 0.01321, -0.002289, -0.00218] ,
[290.008653, 0.019378, 0.012734, -0.002129, -0.002024] ,
[300.00454, 0.018764, 0.012331, -0.001994, -0.001895] ,
[309.992362, 0.018145, 0.011899, -0.001851, -0.001758] ,
[320.00381, 0.017545, 0.011503, -0.001738, -0.001654] ,
[330.003474, 0.016996, 0.011162, -0.001645, -0.00155] ,
[339.999982, 0.016511, 0.010823, -0.001535, -0.001458] ,
[350.005101, 0.016006, 0.010485, -0.001446, -0.00137] ,
])

===== n_truc = 200 =====

f_ideal_200 = np.array([
-0.34406235, -0.45084970, -0.58884824, -0.74772713 ,
-0.90003602, -0.99669771, -1.02701294, -1.12617631 ,
-1.31130620, -1.55283639, -1.82534048, -2.03195453 ,
-2.16444062, -2.34119450, -2.52368605, -2.64515626 ,
-2.74570833, -2.85636245, -2.94205831, -3.00975767 ,
-3.08435806, -3.15525635, -3.21110205, -3.26422424 ,
-3.32674601, -3.36422184, -3.41090748, -3.45821715 ,
-3.50450203, -3.54402354, -3.56866855, -3.61239541 ,
-3.65087953 ,
])

Current China Time: 2025-12-22 23:08:45.743949+08:00

fidelity_list = np.array([
[-0.34406234846436456, -0.45084969821619375, -0.5888482358818541, -0.7477271268772306, -0.9000360238411982, -0.9966977143479023, -1.0270129389572185, -1.1261763054864589, -1.3113062025433784, -1.5528363945204333, -1.8253404764894519, -2.0319545347625274, -2.1644406176044875, -2.3411944971593974, -2.523686046658064, -2.645156256447656, -2.7457083336106307, -2.85636245368316, -2.942058313758102, -3.0097576660157572, -3.08435806060936, -3.1552563464997565, -3.2111020461794237, -3.264224236131498, -3.326746010677647, -3.3642218406024096, -3.4109074765808423, -3.458217148720174, -3.5045020324834804, -3.544023543778219, -3.5686685492342796, -3.6123954146907247, -3.650879529245992] ,
])
34529.18user 372.64system 7:55.23elapsed 7344%CPU (0avgtext+0avgdata 5089728maxresident)k
0inputs+24outputs (6191major+13588235minor)pagefaults 0swaps
