get_fidelity_2q.py

Current China Time: 2025-12-22 22:16:44.147124+08:00

============================================================
 Configuration 
============================================================

[apply_decay]
    True

[apply_dephase]
    True

[calculate_ideal]
    True

[calculate_noise]
    False

[cz_run]
    False

[decay_enlarge]
    1

[filter_ratio]
    0.3

[folder_load]
    ../../data/_truc_3000

[max_step_ideal]
    0.001

[max_step_noisy]
    0.001

[n_job]
    33

[n_truc_list]
    [200, 1000]

[num_cpus]
    16

[params]
    type: np.ndarray, shape=(33, 5)
      [29.998501, 0.096133, 0.070563, -0.035335, -0.032721]
      [39.990704, 0.089924, 0.060848, -0.031439, -0.029904]
      [50.004446, 0.084902, 0.055217, -0.030001, -0.028142]
      [59.991291, 0.078729, 0.049231, -0.027353, -0.025249]
      [70.005539, 0.072844, 0.045047, -0.024855, -0.023813]
      ...

[t1_tphi_other]
    3

[tg_list]
    type: np.ndarray, shape=(33,)
    preview: [0, 1, 2, 3, 4]

[truc_model_name]
    cz_short_500_detune1

[use_truc_model]
    False

============================================================


params = np.array([
[29.998501, 0.096133, 0.070563, -0.035335, -0.032721] ,
[39.990704, 0.089924, 0.060848, -0.031439, -0.029904] ,
[50.004446, 0.084902, 0.055217, -0.030001, -0.028142] ,
[59.991291, 0.078729, 0.049231, -0.027353, -0.025249] ,
[70.005539, 0.072844, 0.045047, -0.024855, -0.023813] ,
[79.995939, 0.06799, 0.041242, -0.022761, -0.02199] ,
[89.99452, 0.060557, 0.035515, -0.016801, -0.016452] ,
[99.994847, 0.053799, 0.033004, -0.013238, -0.012653] ,
[110.000851, 0.049619, 0.031682, -0.011951, -0.011267] ,
[120.006244, 0.047722, 0.030113, -0.011343, -0.011007] ,
[129.990987, 0.044763, 0.029178, -0.011049, -0.010452] ,
[140.004488, 0.042401, 0.027835, -0.01035, -0.009827] ,
[149.998717, 0.039313, 0.025856, -0.008901, -0.00847] ,
[160.003744, 0.036697, 0.024228, -0.007844, -0.007419] ,
[170.00546, 0.034366, 0.022866, -0.006999, -0.006626] ,
[179.991194, 0.032266, 0.021367, -0.006084, -0.005751] ,
[190.000833, 0.03037, 0.020081, -0.005341, -0.005051] ,
[199.995462, 0.02876, 0.018994, -0.004778, -0.004543] ,
[209.997892, 0.027263, 0.018019, -0.004294, -0.004078] ,
[219.999949, 0.025936, 0.017113, -0.003877, -0.003663] ,
[230.000464, 0.024749, 0.016366, -0.003532, -0.003351] ,
[240.009843, 0.023687, 0.015583, -0.003224, -0.003064] ,
[250.006585, 0.022653, 0.014896, -0.002929, -0.002787] ,
[259.99859, 0.02171, 0.01429, -0.002681, -0.002542] ,
[269.998229, 0.020902, 0.013757, -0.002492, -0.002362] ,
[279.994844, 0.020071, 0.01321, -0.002289, -0.00218] ,
[290.008653, 0.019378, 0.012734, -0.002129, -0.002024] ,
[300.00454, 0.018764, 0.012331, -0.001994, -0.001895] ,
[309.992362, 0.018145, 0.011899, -0.001851, -0.001758] ,
[320.00381, 0.017545, 0.011503, -0.001738, -0.001654] ,
[330.003474, 0.016996, 0.011162, -0.001645, -0.00155] ,
[339.999982, 0.016511, 0.010823, -0.001535, -0.001458] ,
[350.005101, 0.016006, 0.010485, -0.001446, -0.00137] ,
])

===== n_truc = 200 =====

f_ideal_200 = np.array([
-0.34405913, -0.45084231, -0.58883554, -0.74771256 ,
-0.90003982, -0.99674315, -1.02708895, -1.12621283 ,
-1.31129811, -1.55278492, -1.82527647, -2.03192752 ,
-2.16442008, -2.34113331, -2.52357653, -2.64505317 ,
-2.74555521, -2.85613517, -2.94185662, -3.00968804 ,
-3.08409924, -3.15526938, -3.21100254, -3.26403995 ,
-3.32667737, -3.36404764, -3.41085180, -3.45784316 ,
-3.50390315, -3.54396933, -3.56970975, -3.61208189 ,
-3.65150720 ,
])

Current China Time: 2025-12-22 22:17:11.060332+08:00

===== n_truc = 1000 =====

f_ideal_1000 = np.array([
-0.28757185, -0.35310882, -0.42669454, -0.53264771 ,
-0.61319175, -0.69332214, -0.83418931, -0.90466221 ,
-0.99279080, -1.14644828, -1.26706741, -1.37588605 ,
-1.45964429, -1.55600151, -1.65040157, -1.71760448 ,
-1.77646385, -1.84968403, -1.90523700, -1.95600266 ,
-1.99768000, -2.07417918, -2.10412022, -2.12389748 ,
-2.17040487, -2.21130816, -2.24415089, -2.26340491 ,
-2.28378356, -2.34103944, -2.37352642, -2.38245235 ,
-2.42670614 ,
])

Current China Time: 2025-12-22 22:36:33.751137+08:00

fidelity_list = np.array([
[-0.34405913210863326, -0.4508423100132303, -0.5888355429780345, -0.7477125626529988, -0.900039819030078, -0.9967431450964658, -1.0270889471394282, -1.126212826640297, -1.311298105992371, -1.552784922582532, -1.825276472390432, -2.0319275189277155, -2.16442008358229, -2.341133309167501, -2.523576526554056, -2.645053171114868, -2.7455552065367743, -2.856135166846176, -2.9418566243990596, -3.009688037051578, -3.084099242079128, -3.155269381314999, -3.211002540868915, -3.2640399450488125, -3.326677369000708, -3.364047635759781, -3.410851800894313, -3.4578431572744215, -3.503903154478879, -3.5439693347458214, -3.56970974880652, -3.612081893259896, -3.6515071953351304] ,
[-0.28757185171626704, -0.353108824548243, -0.42669454413945995, -0.5326477068060937, -0.6131917509213332, -0.6933221372944026, -0.834189314411494, -0.9046622082658861, -0.9927908004927872, -1.1464482766127935, -1.2670674050798763, -1.3758860535311, -1.459644293641959, -1.556001511071811, -1.6504015714769884, -1.7176044765433474, -1.7764638521954124, -1.8496840320716907, -1.905236998566126, -1.9560026553922318, -1.997680003885848, -2.0741791798905798, -2.104120220336066, -2.1238974833506123, -2.170404870251518, -2.211308161667524, -2.244150888320095, -2.2634049066418687, -2.283783559629952, -2.341039439776361, -2.373526424193921, -2.382452346870289, -2.426706142465435] ,
])
102422.00user 768.19system 19:52.09elapsed 8656%CPU (0avgtext+0avgdata 6291072maxresident)k
0inputs+24outputs (181121major+33427769minor)pagefaults 0swaps
