get_fidelity_xgate.py
NUMEXPR_NUM_THREADS = 1
MKL_NUM_THREADS = 1

Current China Time: 2025-09-07 18:53:51.341174+08:00
drive_phi= False ; drive_theta = True ; n_full = 150 ; charge_truc = True
T1 = Tphi = 170 μs, num_cpus = 4
calculate_ideal = True, calculate_noise = True
Ideal: max_step = 0.0003, nsteps = 3333.3333333333335
Noisy: max_step = 0.0003, nsteps = 3333.3333333333335
apply_decay = True, apply_dephase = True
n_hspace = 78 ;   n_job =  18

hspace (150\78) = np.array([
0, 1, 2, 4, 5, 7, 8, 11, 12, 16 ,
17, 18, 21, 23, 25, 27, 30, 31, 32, 33 ,
37, 38, 40, 41, 42, 45, 46, 47, 48, 51 ,
52, 56, 59, 62, 63, 64, 65, 67, 72, 73 ,
74, 76, 78, 79, 82, 83, 85, 87, 88, 90 ,
92, 93, 96, 97, 98, 102, 103, 106, 107, 112 ,
114, 118, 119, 120, 121, 122, 123, 124, 127, 128 ,
131, 132, 133, 134, 137, 138, 142, 143 ,
])

params = np.array([
[10.108462, 0.41212, 0.073451, -0.084451, -0.044706] ,
[15.074864, 0.303821, 0.065666, -0.036206, -0.016563] ,
[20.041257, 0.241329, 0.059044, -0.019402, -0.009802] ,
[25.020473, 0.180208, 0.046132, -0.003789, 0.001544] ,
[30.008342, 0.14538, 0.037985, 0.000555, 0.004004] ,
[34.999249, 0.121737, 0.032287, 0.001883, 0.004348] ,
[39.991616, 0.105045, 0.028058, 0.002171, 0.003988] ,
[45.572873, 0.091013, 0.02446, 0.002106, 0.003479] ,
[50.273181, 0.081831, 0.022089, 0.001944, 0.003051] ,
[55.267933, 0.073988, 0.020007, 0.001756, 0.002668] ,
[59.087483, 0.068953, 0.018674, 0.001617, 0.002406] ,
[64.670376, 0.062708, 0.017016, 0.001421, 0.002077] ,
[69.959457, 0.05777, 0.0157, 0.001257, 0.001811] ,
[79.950621, 0.050323, 0.013699, 0.001008, 0.001432] ,
[89.941952, 0.044576, 0.012149, 0.000826, 0.001154] ,
[99.933664, 0.040022, 0.010918, 0.000683, 0.000949] ,
[109.925465, 0.036325, 0.009915, 0.000575, 0.000792] ,
[119.917464, 0.033248, 0.00908, 0.000489, 0.000672] ,
])

f_ideal_78 = np.array([
-0.49104013, -0.87880879, -1.90924592, -2.76941283 ,
-3.34188424, -3.75309810, -4.10126597, -4.45776638 ,
-4.71415859, -4.96802303, -5.14829498, -5.38368886 ,
-5.59291170, -5.91910304, -6.21792408, -6.50800413 ,
-6.61254193, -6.93080681 ,
])

Current China Time: 2025-09-07 18:54:05.399486+08:00
np.shape(jump_t1)= (3003, 78, 78) ; np.shape(jump_tphi)= (78, 78, 78)

f_170us_78 = np.array([
-0.49100990, -0.87866381, -1.90696752, -2.75023376 ,
-3.26466510, -3.55758986, -3.71771042, -3.79403161 ,
-3.80539608, -3.79547729, -3.78043285, -3.75340307 ,
-3.72636952, -3.67603574, -3.62947780, -3.58691662 ,
-3.54780279, -3.51198005 ,
])

Current China Time: 2025-09-07 19:11:59.378270+08:00
45630.46user 93.58system 18:10.55elapsed 4192%CPU (0avgtext+0avgdata 890508maxresident)k
0inputs+16outputs (2499major+13347921minor)pagefaults 0swaps
