Xgate_noise.py
Current Mountain Time: 2025-06-29 23:19:13.294540-06:00
drive_phi= False ; drive_theta = True ; n_full = 300
n_charge = 157
num_cpus =  4 ;   n_job =  1

hspace_charge (300\157) = np.array([
0, 1, 2, 4, 5, 7, 8, 11, 12, 16 ,
17, 18, 21, 23, 25, 27, 30, 31, 32, 33 ,
37, 38, 40, 41, 42, 45, 46, 47, 48, 51 ,
52, 56, 59, 62, 63, 64, 65, 67, 72, 73 ,
74, 76, 78, 79, 82, 83, 85, 87, 88, 90 ,
92, 93, 96, 97, 98, 102, 103, 106, 107, 112 ,
114, 118, 119, 120, 121, 122, 123, 124, 127, 128 ,
131, 132, 133, 134, 137, 138, 142, 143, 150, 151 ,
154, 155, 156, 157, 158, 161, 162, 163, 166, 170 ,
171, 174, 175, 176, 177, 179, 180, 186, 187, 188 ,
191, 192, 195, 196, 199, 202, 203, 206, 207, 208 ,
210, 213, 214, 218, 219, 220, 221, 222, 225, 226 ,
230, 231, 232, 236, 237, 238, 242, 243, 246, 247 ,
248, 251, 252, 258, 259, 260, 262, 263, 264, 270 ,
271, 274, 275, 279, 280, 281, 283, 284, 285, 288 ,
289, 290, 294, 296, 297, 298, 299 ,
])

params = np.array([
[119.917464, 0.033248, 0.00908, 0.000489, 0.000672] ,
])
T1 = Tphi = 170000.0 ns

 Ideal: max_step = 0.0003, nsteps = 3333.3333333333335

f_ideal_157 = np.array([
-6.94700158804423 ,
])
Current Mountain Time: 2025-06-29 23:19:36.990195-06:00

 Noisy: max_step = 3e-05, nsteps = 33333.333333333336
Command terminated by signal 15
55.92user 5.03system 16:16:53elapsed 0%CPU (0avgtext+0avgdata 842100maxresident)k
0inputs+16outputs (0major+369410minor)pagefaults 0swaps
