cz_noise.py

Current Mountain Time: 2025-07-03 19:14:47.804630-06:00
n_hspace = 200
get_hamiltonian_given_state_list = False
t1_tphi_other =  170
truc_full= 1000
num_cpus= 16 , n_job= 5
calculate_ideal = True, calculate_noise = False
Ideal: max_step = 0.0003, nsteps = 3333.3333333333335
Noisy: max_step = 0.0001, nsteps = 10000.0

params = np.array([
[32.034226, 0.037135, 0.016167] ,
[74.049203, 0.016254, 0.014905] ,
[116.077689, 0.013154, 0.020213] ,
[158.038459, 0.009186, 0.015116] ,
[199.99317, 0.007039, 0.011975] ,
])

index_select (len=200) = np.array([
0, 1, 2, 3, 4, 5, 6, 7, 8, 9 ,
10, 11, 12, 13, 14, 15, 16, 17, 18, 19 ,
20, 21, 22, 23, 24, 25, 26, 27, 28, 29 ,
30, 31, 32, 33, 34, 35, 36, 37, 38, 39 ,
40, 41, 42, 43, 44, 45, 46, 47, 48, 49 ,
50, 51, 52, 53, 54, 55, 56, 57, 58, 59 ,
60, 61, 62, 63, 64, 65, 66, 67, 68, 69 ,
70, 71, 72, 73, 74, 75, 76, 77, 78, 79 ,
80, 81, 82, 83, 84, 85, 86, 87, 88, 89 ,
90, 91, 92, 93, 94, 95, 96, 97, 98, 99 ,
100, 101, 102, 103, 104, 105, 106, 107, 108, 109 ,
110, 111, 112, 113, 114, 115, 116, 117, 118, 119 ,
120, 121, 122, 123, 124, 125, 126, 127, 128, 129 ,
130, 131, 132, 133, 134, 135, 136, 137, 138, 139 ,
140, 141, 142, 143, 144, 145, 146, 147, 148, 149 ,
150, 151, 152, 153, 154, 155, 156, 157, 158, 159 ,
160, 161, 162, 163, 164, 165, 166, 167, 168, 169 ,
170, 171, 172, 173, 174, 175, 176, 177, 178, 179 ,
180, 181, 182, 183, 184, 185, 186, 187, 188, 189 ,
190, 191, 192, 193, 194, 195, 196, 197, 198, 199 ,
])

f_ideal_200 = np.array([
-0.40232050742139436, -1.3216231178376339, -2.8345927980588455, -3.536830191797218 ,
-3.949097966559681 ,
])

Current Mountain Time: 2025-07-03 19:15:27.248874-06:00

Current Mountain Time: 2025-07-03 19:15:27.252391-06:00
442.36user 18.84system 0:42.73elapsed 1079%CPU (0avgtext+0avgdata 1698532maxresident)k
0inputs+16outputs (302major+2258509minor)pagefaults 0swaps
