run_xgate_fidelity.py
NUMEXPR_NUM_THREADS = 1
MKL_NUM_THREADS = 1
mode = fidelity
fidelity_args = {'max_step_ideal': 0.0003, 'max_step_noisy': 0.0003, 'tg_list': [0, 1, 2, 3, 4, 5, 6, 7, 8, 9, 10, 11, 12, 13, 14, 15, 16, 17]}

Current China Time: 2026-06-10 13:48:43.974226+08:00
drive_phi= False ; drive_theta = True ; n_full = 300 ; charge_truc = True
T1 = Tphi = 30 us, num_cpus = 4
calculate_ideal = True, calculate_noise = True
apply_decay = True, apply_dephase = True
n_hspace = 157 ; n_job = 18 ; parallel_jobs = 10

hspace (300/157) = np.array([
0, 1, 2, 4, 5, 7, 8, 11, 12, 16 ,
17, 18, 21, 23, 25, 27, 30, 31, 32, 33 ,
37, 38, 40, 41, 42, 45, 46, 47, 48, 51 ,
52, 56, 59, 62, 63, 64, 65, 67, 72, 73 ,
74, 76, 78, 79, 82, 83, 85, 87, 88, 90 ,
92, 93, 96, 97, 98, 102, 103, 106, 107, 112 ,
114, 118, 119, 120, 121, 122, 123, 124, 127, 128 ,
131, 132, 133, 134, 137, 138, 142, 143, 150, 151 ,
154, 155, 156, 157, 158, 161, 162, 163, 166, 170 ,
171, 174, 175, 176, 177, 179, 180, 186, 187, 188 ,
191, 192, 195, 196, 199, 202, 203, 206, 207, 208 ,
210, 213, 214, 218, 219, 220, 221, 222, 225, 226 ,
230, 231, 232, 236, 237, 238, 242, 243, 246, 247 ,
248, 251, 252, 258, 259, 260, 262, 263, 264, 270 ,
271, 274, 275, 279, 280, 281, 283, 284, 285, 288 ,
289, 290, 294, 296, 297, 298, 299 ,
])

params = np.array([
[10.108462, 0.41212, 0.073451, -0.084451, -0.044706] ,
[15.074864, 0.303821, 0.065666, -0.036206, -0.016563] ,
[20.041257, 0.241329, 0.059044, -0.019402, -0.009802] ,
[25.020473, 0.180208, 0.046132, -0.003789, 0.001544] ,
[30.008342, 0.14538, 0.037985, 0.000555, 0.004004] ,
[34.999249, 0.121737, 0.032287, 0.001883, 0.004348] ,
[39.991616, 0.105045, 0.028058, 0.002171, 0.003988] ,
[45.572873, 0.091013, 0.02446, 0.002106, 0.003479] ,
[50.273181, 0.081831, 0.022089, 0.001944, 0.003051] ,
[55.267933, 0.073988, 0.020007, 0.001756, 0.002668] ,
[59.087483, 0.068953, 0.018674, 0.001617, 0.002406] ,
[64.670376, 0.062708, 0.017016, 0.001421, 0.002077] ,
[69.959457, 0.05777, 0.0157, 0.001257, 0.001811] ,
[79.950621, 0.050323, 0.013699, 0.001008, 0.001432] ,
[89.941952, 0.044576, 0.012149, 0.000826, 0.001154] ,
[99.933664, 0.040022, 0.010918, 0.000683, 0.000949] ,
[109.925465, 0.036325, 0.009915, 0.000575, 0.000792] ,
[119.917464, 0.033248, 0.00908, 0.000489, 0.000672] ,
])
UserWarning: A worker stopped while some jobs were given to the executor. This can be caused by a too short worker timeout or by a memory leak.
 /home/zlqed/anaconda3/lib/python3.11/site-packages/joblib/externals/loky/process_executor.py: 700
f_ideal_157 = np.array([
-0.47695268, -0.89061680, -1.93926583, -2.79094210 ,
-3.36333343, -3.77252960, -4.12038403, -4.47706848 ,
-4.73374511, -4.98881570, -5.17035187, -5.40682250 ,
-5.61859122, -5.94862329, -6.24194963, -6.53016446 ,
-6.62084628, -6.90134354 ,
])

Current China Time: 2026-06-10 13:49:38.879196+08:00
use 2nd order dephasing data, correct 50us factor
np.shape(jump_t1)= (12246, 157, 157) ; np.shape(jump_tphi)= (157, 157, 157)

f_30us_157 = np.array([
-0.47683598, -0.88994898, -1.92785610, -2.70065261 ,
-3.05859274, -3.16976625, -3.18635266, -3.16433159 ,
-3.13396272, -3.09949927, -3.07345639, -3.03685363 ,
-3.00427854, -2.94804283, -2.89795175, -2.85296781 ,
-2.81215374, -2.77484326 ,
])

Current China Time: 2026-06-10 22:51:40.946766+08:00
934177.58user 1238.31system 9:03:00elapsed 2871%CPU (0avgtext+0avgdata 6972760maxresident)k
0inputs+24outputs (133major+307473321minor)pagefaults 0swaps
