tg,0-2,1-2,0-5,other
0.0,1.0,0.0,0.0,0.0
1.0216477888888889,0.9999886532738567,5.558366214970776e-07,1.0773245177504414e-05,1.7644345284972625e-08
2.0432955777777777,0.9998737535864786,8.19712712331164e-06,0.0001179960068021119,5.3279598052032065e-08
3.0649433666666663,0.9996532274845422,4.1684885823035864e-05,0.00030491586054899285,1.7176908795493876e-07
4.086591155555555,0.9994559974157449,0.0001434490874711785,0.00040010362344631537,4.498733417162814e-07
5.1082389444444445,0.99909177425651,0.00036843023791023773,0.0005389018666470578,8.936389357477972e-07
6.129886733333333,0.9982186695584907,0.0007633888438930363,0.0010158726205759627,2.0689770420670295e-06
7.151534522222222,0.9969469894461096,0.0014390298329392819,0.0016086984400744601,5.282280878777092e-06
8.17318231111111,0.9954258856848809,0.002578906383130475,0.0019823871788023943,1.2820753188722297e-05
9.194830099999999,0.9932281506105982,0.0042442219591715845,0.002497901617583581,2.9725812651415847e-05
10.216477888888889,0.9899938906941352,0.006451137423454707,0.0034941488593644276,6.082302304834054e-05
11.238125677777777,0.98583868781827,0.00955208885586301,0.0044995763757598355,0.00010964695011407613
12.259773466666665,0.980557483155288,0.013914775917965978,0.005329614974151958,0.0001981259525983325
13.281421255555555,0.9737315273053118,0.019287884542316242,0.006612445568433569,0.0003681425839435098
14.303069044444443,0.9655681137594772,0.02557493706310413,0.008243627521995985,0.0006133216554271449
15.324716833333333,0.9559853839404728,0.03367875158690401,0.009434155267614314,0.000901709205014352
16.34636462222222,0.9439597871766882,0.04391536834599467,0.01077346805356342,0.0013513764237619455
17.36801241111111,0.9296004914309278,0.055037028772380175,0.01320987834796105,0.0021526014487367536
18.389660199999998,0.9144074928959728,0.06700340332001092,0.015444230752905618,0.0031448730311178347
19.41130798888889,0.8978693755432899,0.08172006273072377,0.016321617669033034,0.004088944056959515
20.432955777777778,0.8779361190701791,0.09860472029220857,0.017994553710262172,0.005464606927353519
21.454603566666666,0.8558498686913916,0.11455489777290775,0.021740434330404283,0.007854799205301143
22.476251355555554,0.8347619976137087,0.13047210900408773,0.024328998820052104,0.01043689456215484
23.497899144444442,0.8136253351371023,0.1496906030375518,0.024309978152000856,0.012374083673347669
24.51954693333333,0.7896628631583754,0.16921767582459024,0.026019579826025492,0.015099881191014393
25.541194722222222,0.7653219892023271,0.18384750453956128,0.030981386051623094,0.019849120206498184
26.56284251111111,0.744919078479051,0.1972504171379803,0.033662852606880886,0.024167651776093
27.5844903,0.7271328278938967,0.2141032962644346,0.03248240643316425,0.02628146940850906
28.606138088888887,0.7088549129864188,0.2275270418834928,0.03415981415448485,0.029458230975608412
29.627785877777775,0.6925281267237574,0.2314862550133157,0.040382782765629927,0.035602835497300415
30.649433666666667,0.6827100763534222,0.23411391883654958,0.04329197050270568,0.039884034307322916
31.671081455555555,0.6786254660012792,0.24022144573716087,0.04116763794601917,0.039985450315544235
32.69272924444444,0.6762622081848261,0.2391273969212927,0.04310738848070375,0.04150300641317947
33.714377033333335,0.6758661501839083,0.22665887359322384,0.051046447552684476,0.04642852867018578
34.73602482222222,0.6823933885656349,0.2149152148100385,0.05461823770976379,0.048073158914567406
35.75767261111111,0.6966376494828707,0.206968161579379,0.05166635400552907,0.04472783493222351
36.779320399999996,0.7116925146691214,0.19103847432951435,0.05394979180056309,0.043319219200801146
37.80096818888889,0.7243947473989814,0.16680087066991267,0.06382590032220738,0.04497848160889936
38.82261597777778,0.7421369162055674,0.14677121706340573,0.06789923971297654,0.04319262701805334
39.844263766666664,0.7674639878633973,0.1314256668725611,0.0634072580202965,0.03770308724374476
40.865911555555556,0.7886923997633907,0.11147786402503382,0.06520394213554119,0.03462579407603415
41.88755934444444,0.8007859048655747,0.08918358040003244,0.07600426723778729,0.03402624749660909
42.90920713333333,0.8157361504350424,0.07362767625559594,0.07929627447452756,0.03133989883483678
43.930854922222224,0.8365693675946658,0.06413832290324144,0.07214594152499917,0.02714636797709832
44.95250271111111,0.8474360012416111,0.054884505413880555,0.07212478024326739,0.025554713101244318
45.9741505,0.8448535087288713,0.04709645880877641,0.08181431347159715,0.026235718990756638
46.995798288888885,0.8449453963598711,0.046303219865232996,0.08282227214383656,0.025929111631056927
48.01744607777778,0.8493381369567577,0.05286347653684035,0.07291775375551969,0.024880632750883848
49.03909386666666,0.8415050880971436,0.06145428010691527,0.07061835976120254,0.02642227203474226
50.06074165555555,0.8219075591596823,0.07010673837466377,0.07766858964843067,0.03031711281721709
51.082389444444445,0.8071978065429798,0.08423771532588452,0.07610317306157578,0.03246130506956221
52.10403723333333,0.7966798683530675,0.10555552736239374,0.06501061606398852,0.03275398822054787
53.12568502222222,0.7770694163247386,0.1257633949577886,0.06145225917704572,0.035714929540426744
54.147332811111106,0.751996943128131,0.14121697290211602,0.06593830923120428,0.040847774738552625
55.1689806,0.7344859658903171,0.1602204016474452,0.06293092838891455,0.04236270407332315
56.19062838888889,0.7223334214769894,0.18417952501153484,0.05271247520743207,0.040774578304046426
57.212276177777774,0.7069135786236747,0.2016736813946925,0.04939805566468329,0.042014684316951566
58.233923966666666,0.6919567481022832,0.21068078001747864,0.05243909510101043,0.044923376779226296
59.25557175555555,0.6853669436522153,0.22193433646652297,0.04928754517322889,0.043411174708035564
60.27721954444444,0.6850767344418516,0.23499103715537778,0.0409026436906969,0.03902958471207619
61.298867333333334,0.6855497971319309,0.23850633561974444,0.038515986608798736,0.03742788063952953
62.32051512222222,0.6882509685458986,0.2338796990169263,0.040923432996862075,0.03694589944031426
63.34216291111111,0.6976017539333252,0.23130598206883063,0.03803607024716095,0.03305619375068352
64.3638107,0.7125924306767515,0.2285013941706377,0.03120131954904643,0.02770485560356402
65.38545848888889,0.728530420406958,0.2173776690577856,0.02947424154816401,0.024617668987093295
66.40710627777777,0.7447384378287099,0.20172845093043756,0.031273849216926615,0.022259262023927636
67.42875406666667,0.7645858551258615,0.18859856867191985,0.028483991879488038,0.01833158432273665
68.45040185555555,0.7879551496441288,0.17498980268936895,0.022744074703886376,0.014310972962614313
69.47204964444444,0.8101856502753275,0.15681337881113316,0.021238704180711672,0.011762266732828382
70.49369743333332,0.8300176588272691,0.13805676702481398,0.022250220786063264,0.00967535336185408
71.51534522222222,0.850904589892067,0.12216421897914405,0.01960397950007741,0.007327211628713147
72.53699301111111,0.8730676225313919,0.10655182099781021,0.014976197008629842,0.005404359462169133
73.55864079999999,0.8923660592032756,0.0898888262690666,0.013592694213090013,0.004152420314566292
74.58028858888889,0.9080802263444823,0.07489610100722321,0.013922998911998616,0.0031006737362955176
75.60193637777778,0.923511194133162,0.0625216147813201,0.011766946072411022,0.002200245013105645
76.62358416666666,0.9388682888611967,0.051048955616416376,0.008465013412740034,0.0016177421096472261
77.64523195555556,0.9511448262189732,0.04031932339920964,0.007326013226998742,0.001209837154820324
78.66687974444444,0.9602757291290644,0.03158711647862067,0.007282080415366552,0.0008550739769509613
79.68852753333333,0.9688052275479917,0.024682013870599224,0.005871006580584148,0.000641752000822941
80.71017532222221,0.976860645975268,0.018698969559475552,0.003889921026881424,0.000550463438375955
81.73182311111111,0.9827058776919158,0.01373426278532332,0.0030950986161097606,0.0004647609066574676
82.7534709,0.9865668439660517,0.01010195674782485,0.002940636733910525,0.0003905625522153518
83.77511868888888,0.9899685241177938,0.007420383034553039,0.00223683641189906,0.00037425643575596484
84.79676647777778,0.9930011363880997,0.005324138376690735,0.00129800627965644,0.0003767189555538698
85.81841426666666,0.994927909235652,0.0038568484694922927,0.0008517927559829079,0.0003634495388758642
86.84006205555555,0.9959600625390681,0.002958263366683333,0.0007261513485383109,0.00035552274571536206
87.86170984444445,0.9967572824597131,0.0023863682814341484,0.0004964532417872039,0.00035989601706946987
88.88335763333333,0.9973906051433139,0.002037041850887381,0.00021210179952645667,0.0003602512062744881
89.90500542222222,0.9976960438549621,0.0018855333954199752,6.145649576614361e-05,0.00035696625386053075
90.9266532111111,0.9977830018743331,0.0018387501668392198,2.135792941081079e-05,0.00035689002942652524
91.948301,0.9978069981654081,0.0018262965606385914,9.393918485141086e-06,0.00035731135547812303
