tg,0-0,2-0,8-0,other
0.0,1.0,0.0,0.0,0.0
1.0062901446540882,0.9999998908559363,6.037225126853458e-17,6.055743332835171e-09,1.0308832235114863e-07
2.0125802893081763,0.9999967923934681,1.9982681179545632e-14,1.0739459239255213e-07,3.1002119216111846e-06
3.0188704339622645,0.9999971799516346,4.194046362857627e-13,5.440355041796625e-07,2.2760124445324014e-06
4.025160578616353,0.999973849878518,4.311055688017744e-12,1.7374601267209179e-06,2.4412657046087107e-05
5.03145072327044,0.9999855714213886,2.325260543944139e-11,4.301354361713844e-06,1.0127201001575139e-05
6.037740867924529,0.9999227932702454,9.139653455783723e-11,8.934991894424892e-06,6.827164646871014e-05
7.044031012578618,0.9999533380803757,3.038515925584476e-10,1.6967968027396213e-05,2.9693647748074493e-05
8.050321157232705,0.9998585308824557,7.505033058722998e-10,2.8615326303468406e-05,0.00011285304074034949
9.056611301886793,0.9998889181255352,1.9049286905346376e-09,4.756959756492381e-05,6.35103719746235e-05
10.06290144654088,0.9997978673351707,3.74148874372947e-09,7.131959640826296e-05,0.00013080932693817221
11.06919159119497,0.9997983224673531,7.719283768959363e-09,0.00010876656489688126,9.290324846886505e-05
12.075481735849058,0.9996964373331847,1.3415265024151885e-08,0.00015149893843676183,0.00015205031311623605
13.081771880503146,0.9996674799846591,2.3779462334575945e-08,0.00021633007949126073,0.00011616615639134288
14.088062025157235,0.9994332492916378,3.815268690320432e-08,0.00028693753247155824,0.0002797750232070296
15.094352169811323,0.9994423399391168,6.162354464450346e-08,0.00038829792459714696,0.0001693005127438105
16.10064231446541,0.9989842932035411,9.302550606947789e-08,0.0004969839841219419,0.0005186297868350018
17.1069324591195,0.9990545312727671,1.4531480104067333e-07,0.0006441702300677488,0.0003011531823652598
18.113222603773586,0.9984813505969818,2.079790060139756e-07,0.0008012485411518618,0.0007171928828618854
19.119512748427674,0.9984850239781135,3.252070280709714e-07,0.001005083877276259,0.0005095669375887283
20.12580289308176,0.9980476192755929,4.4905954759129715e-07,0.0012201042123978962,0.0007318274524676123
21.132093037735853,0.9978461602601252,6.96125898819054e-07,0.0014944034898366544,0.0006587401241432763
22.13838318238994,0.9976155810042876,9.491022820843219e-07,0.0017751899940303066,0.0006082798994017487
23.14467332704403,0.9971984086991098,1.4169132987668516e-06,0.0021358901699999873,0.0006642842175918727
24.150963471698116,0.9968574554975832,1.9129014091103543e-06,0.0024872329929499257,0.0006533986080588183
25.157253616352204,0.9963251534593234,2.725002219749214e-06,0.0029465777791689274,0.0007255437592907007
26.16354376100629,0.995555252416974,3.581025410834162e-06,0.0033720701814828223,0.0010690963761319301
27.16983390566038,0.9948841623018927,4.941584865802831e-06,0.0039274772202864214,0.0011834188929556147
28.17612405031447,0.993952498742416,6.239947921031076e-06,0.004438626221520133,0.0016026350881448099
29.18241419496856,0.9927891252711193,8.476676053972617e-06,0.005065515321633689,0.002136882731193786
30.188704339622646,0.9924723797606889,1.035537750709624e-05,0.005687515970597176,0.0018297488912061388
31.194994484276734,0.9905886942414747,1.3872691755286412e-05,0.006351758422136547,0.003045674644631753
32.20128462893082,0.9912796645819683,1.6726001443905974e-05,0.007105704566065512,0.0015979048505251146
33.20757477358491,0.9890553098106342,2.1915601843699127e-05,0.007795191200853316,0.003127583386668741
34.213864918239,0.9900355802399219,2.650106805963114e-05,0.008661404559254213,0.0012765141327656902
35.220155062893085,0.9880642735531846,3.385121886710958e-05,0.00939775953954157,0.0025041156884079217
36.22644520754717,0.9882489142729819,4.096695051637739e-05,0.010310485068003451,0.0013996337084996122
37.23273535220126,0.9864274006672592,5.1430013682096255e-05,0.011099607503284335,0.0024215618157755955
38.23902549685535,0.9859837405176008,6.135871622235193e-05,0.01201216240573884,0.0019427383604406418
39.245315641509436,0.9830398449629848,7.625975691473997e-05,0.012769798633554553,0.004114096646544318
40.25160578616352,0.9837654100923974,8.895463778848774e-05,0.013728368862623607,0.0024172664071899796
41.25789593081762,0.9784400544561439,0.0001090048512151929,0.014301470043481724,0.007149470649158163
42.264186075471706,0.9819878617123711,0.00012513758193080247,0.015400303717946337,0.002486696987750417
43.27047622012579,0.9749846468463431,0.00014982932608244558,0.015710028020346278,0.009155495807226185
44.27676636477988,0.9805873245912426,0.00017127181163776372,0.016929766371770086,0.002311637225349821
45.28305650943397,0.9743926238143888,0.0002000246765474263,0.017063236504219814,0.008344115004843826
46.28934665408806,0.9792253556831907,0.0002285773770419118,0.018213177135712116,0.0023328898040524044
47.295636798742144,0.9755049559854405,0.00026272679548870786,0.018285492409734174,0.005946824809335758
48.30192694339623,0.9779296032249167,0.0002983561842828653,0.019178844876706163,0.0025931957140932164
49.30821708805032,0.9751337379911368,0.0003405942610226151,0.019106215173652075,0.005419452574187871
50.31450723270441,0.9770171413753871,0.0003817912905124331,0.019788842937316573,0.0028122243967858306
51.320797377358495,0.9713611348237494,0.0004322602475069209,0.01931167942178319,0.00889492550696024
52.32708752201258,0.976479361241131,0.000478948320723338,0.020010417491768753,0.0030312729463756118
53.33337766666667,0.9663614529547837,0.0005331136929967102,0.019025610932019082,0.014079822420200451
54.33966781132076,0.9760287314169915,0.0005880819179136676,0.0198147416266785,0.003568445038416378
55.345957955974846,0.9645747326211573,0.0006408026158184854,0.018586591092822524,0.01619787367020181
56.35224810062894,0.975591089795449,0.0007059018469553504,0.019226086475741696,0.004476921881852967
57.35853824528303,0.9676970732903903,0.0007578869250581228,0.01813256357469256,0.013412476209859104
58.36482838993712,0.975689042988505,0.0008291298150956656,0.018346077932314506,0.005135749264084628
59.371118534591204,0.9726365250512168,0.0008849392326599322,0.017454479275326524,0.009024056440796001
60.37740867924529,0.9767449023064387,0.0009550900281135356,0.01730044628359743,0.0049995613818497875
61.38369882389938,0.9743324121298853,0.0010147449417433041,0.016342720630973424,0.008310122297398881
62.38998896855347,0.9779134598966517,0.0010818287985627402,0.01617362102941384,0.004831090275371498
63.396279113207555,0.9712135342917749,0.001138035429906182,0.014973857937277693,0.012674572341042249
64.40256925786164,0.9777558604729083,0.0012083036192576378,0.015029870423666625,0.0060059654841688875
65.40885940251573,0.9672754385621821,0.001254512627690069,0.013801535084072503,0.017668513726056757
66.41514954716982,0.9760108514929027,0.001335163517296521,0.014000581849563622,0.00865340314023696
67.4214396918239,0.9673323777695715,0.001375780197508596,0.013157151237043009,0.01813469079587867
68.427729836478,0.9743606202720196,0.001464696253629039,0.01330800216183358,0.010866681312517603
69.43401998113208,0.9716898905385389,0.001512261696424232,0.013066856338409392,0.013730991426626475
70.44031012578617,0.9747280494610596,0.001601030427873182,0.013168306510762446,0.010502613600303782
71.44660027044026,0.9759252604028633,0.0016626247742304017,0.013371984747729318,0.009040130075175944
72.45289041509434,0.9762594870719264,0.0017486029091415087,0.013656493268497372,0.008335416750433372
73.45918055974843,0.97556135811861,0.0018179586890999626,0.013974061992991015,0.008646621199298344
74.46547070440252,0.9755669397023241,0.001910961140269286,0.014639139506954743,0.007882959650453533
75.47176084905661,0.971072867220733,0.0019796512966379592,0.014936448343324416,0.012011033139306376
76.4780509937107,0.9705775719168727,0.0020911387543547486,0.01585685834430493,0.011474430984468926
77.48434113836478,0.9668403231505162,0.0021648585818142244,0.016379408038283437,0.014615410229385582
78.49063128301887,0.9635365617340221,0.0022965422036712543,0.017174502775340647,0.01699239328696491
79.49692142767296,0.9659132735645429,0.002395140532254619,0.018289941706539678,0.013401644196662928
80.50321157232705,0.9594873103203567,0.0025407377100135206,0.01871231443823672,0.01925963753139316
81.50950171698115,0.9673742955304963,0.0026788037279290586,0.020400878194475676,0.009546022547100538
82.51579186163524,0.960672500525759,0.002837845157542041,0.020592573348629125,0.01589708096807042
83.52208200628932,0.9680192384514464,0.0030099140076948906,0.02230361887635769,0.006667228664501484
84.52837215094341,0.9635471095440694,0.003193200341340777,0.022542283953460876,0.010717406161129307
85.5346622955975,0.9663056786110761,0.003379434317288713,0.02373034190833818,0.00658454516329731
86.54095244025159,0.9626069811772378,0.0035924405054990104,0.023904442275761485,0.009896136041502468
87.54724258490567,0.9638120118198916,0.003784404348063374,0.024671190384444885,0.007732393447600493
88.55353272955976,0.9565623101089522,0.004012660214372408,0.02424622541034236,0.015178804266333775
89.55982287421385,0.9626969848969411,0.004224825094669782,0.0251906898031121,0.007887500205278246
90.56611301886794,0.9503172645067,0.004441546208924696,0.023872608271318478,0.021368581013057206
91.57240316352203,0.9634499420535322,0.004691455563353784,0.02523257925328556,0.006626023129828427
92.57869330817611,0.9498561164272561,0.004888507880072919,0.02338794772184503,0.02186742797082674
93.5849834528302,0.9649530092530525,0.005166184147263952,0.024668737216013963,0.005212069383669117
94.59127359748429,0.9555947199163981,0.00536079813935849,0.02290301596983834,0.016141465974404693
95.59756374213838,0.9662178186449849,0.005631100237470528,0.023480831313077974,0.0046702498044649534
96.60385388679246,0.9622283823814302,0.005841439595840374,0.021961383846209458,0.009968794176517094
97.61014403144655,0.967496612871407,0.006078210319447631,0.02181275703181362,0.0046124197773320715
98.61643417610064,0.9643358775110455,0.00628877981477371,0.02021498908132789,0.009160353592851406
99.62272432075473,0.9692695866994641,0.006503677585773259,0.019858448991734556,0.004368286723026468
100.62901446540882,0.9619258356812072,0.006678979557070655,0.017945284384927575,0.01344990037679559
101.6353046100629,0.971344986003707,0.006902546512984251,0.017768160142504312,0.003984307340799137
102.64159475471699,0.9601338192188045,0.007025123364896109,0.01574700031334129,0.01709405710295922
103.64788489937108,0.9732122908838046,0.007267918973968687,0.01566319266182227,0.0038565974804048815
104.65417504402517,0.9630110189366833,0.007360369449116672,0.013927745452239772,0.015700866161957525
105.66046518867925,0.9747487614631144,0.0075973978912850584,0.013672073742614482,0.003981766902986246
106.66675533333334,0.9694150510381926,0.007695390906427287,0.012381443531031378,0.010508114524347748
107.67304547798743,0.976380399522781,0.00789170011693318,0.011910707971826046,0.003817192388460611
108.67933562264152,0.9749091219586546,0.00800275904782637,0.010923846038446712,0.0061642729550713225
109.6856257672956,0.9781768675293337,0.008153720860668267,0.01043652030007474,0.0032328913099246427
110.69191591194969,0.9764420188083766,0.00825362753018188,0.00957254397160174,0.005731809689840238
111.69820605660378,0.9795030239557364,0.00838441805192691,0.00924763505231919,0.0028649229400204883
112.70449620125788,0.9752535588972263,0.008451809044075633,0.008483635078898464,0.007810996979800119
113.71078634591197,0.9799144002031338,0.008589643101411895,0.008320610691473971,0.0031753460039807453
114.71707649056606,0.9747627540334428,0.008633239014533188,0.0077446515798083905,0.008859355372215848
115.72336663522015,0.9797700129191041,0.008779499865961172,0.007640898763294664,0.0038095884516409833
116.72965677987423,0.9765522346170231,0.008827076587261005,0.0073066873249309425,0.007314001470785901
117.73594692452832,0.9799744156130579,0.008966672259809638,0.007198343182637753,0.0038605689444952815
118.74223706918241,0.9794468239197903,0.00903583880729154,0.007053899621957188,0.004463437650960451
119.7485272138365,0.9808838967987867,0.009156538979761623,0.0069597552241537596,0.002999808997297936
120.75481735849058,0.9813379829315124,0.00924001572362057,0.006893700244639032,0.0025283011002286675
121.76110750314467,0.9817747742624381,0.00934666866473783,0.006858506623313836,0.002020050449509903
122.76739764779876,0.9814530035887068,0.009426086946669436,0.006793176337933403,0.0023277331266908135
123.77368779245285,0.9818544209104207,0.009529570992555941,0.006812007810549479,0.0018040002864728104
124.77997793710693,0.980833879334815,0.009596792463566739,0.006743720944823899,0.0028256072567932103
125.78626808176102,0.9811842545232049,0.009701039328333074,0.006755974934255917,0.00235873121420727
126.79255822641511,0.980705004440714,0.009764465336063696,0.006716117331597285,0.002814412891627125
127.7988483710692,0.98060975995519,0.009863830373376837,0.006662852021958671,0.002863557649475682
128.80513851572329,0.9813180657302187,0.009933266047894233,0.006656097687874795,0.002092570534011715
129.81142866037737,0.980882583386737,0.010023109366017803,0.006525663406394604,0.0025686438408534257
130.81771880503146,0.9821681771774567,0.01009843384106744,0.006515580498720525,0.0012178084827553627
131.82400894968555,0.9818070955823984,0.010179797999997093,0.006333566783382368,0.0016795396342221792
132.83029909433964,0.9827307793597092,0.01025257206918326,0.006279128546397156,0.0007375200247111615
133.83658923899372,0.9826415051625177,0.010328782791358852,0.006070630742790911,0.0009590813033325431
134.8428793836478,0.983015633185228,0.01039255025524508,0.005959996788512213,0.0006318197710142518
135.8491695283019,0.9829889245868393,0.010463564180995494,0.005731181312037678,0.0008163299201278688
136.855459672956,0.9833116307389264,0.010517591459277335,0.0055787514787722725,0.0005920263230240224
137.86174981761008,0.9830524792867451,0.010579761242682522,0.005327156606382848,0.0010406028641910298
138.86803996226416,0.9837448618052826,0.010626829493948449,0.005150339773651699,0.00047796892711885966
139.87433010691825,0.9833217231919585,0.010677399932367297,0.004879927136251112,0.0011209497394250114
140.88062025157234,0.984272202981578,0.010718365858886409,0.004687344350630583,0.0003220868089077516
141.88691039622643,0.9839764413443293,0.010757649048483886,0.004409372826997548,0.0008565367801901356
142.8932005408805,0.9847903311613915,0.010790997119012505,0.004207021703071842,0.00021165001652411104
143.8994906855346,0.9847592059794437,0.01082160227877465,0.00393463099592233,0.0004845607458599454
144.9057808301887,0.9852606497917387,0.010845865394165969,0.003732358201281652,0.00016112661281588174
145.91207097484278,0.9854038401915368,0.010869224375421064,0.0034773593294440248,0.00024957610359878314
146.91836111949686,0.9857078270416745,0.010885353633854747,0.00328679937614867,0.00012001994832259107
147.92465126415095,0.985849719597415,0.010902454843249828,0.0030599440181007134,0.00018788154123429313
148.93094140880504,0.9861199047246676,0.010912219676652539,0.002889583928960565,7.829166972108119e-05
149.93723155345913,0.9861920325443518,0.010923650922019601,0.0026998050128015,0.00018451152082721626
150.94352169811322,0.9864720081236622,0.010928743725188636,0.002554290366467927,4.495778468225424e-05
151.9498118427673,0.9865220603366975,0.01093548988797783,0.002406538044219247,0.00013591173110633688
152.9561019874214,0.9867491886064672,0.01093713617976436,0.0022891982150790467,2.447699869109955e-05
153.96239213207548,0.9868094869841355,0.010940110000660233,0.002183497118966359,6.690589623832539e-05
154.96868227672957,0.9869466446528439,0.010939616616436547,0.0020975941311507946,1.61445995714741e-05
155.97497242138365,0.9870043399266153,0.01094009700114331,0.0020304325041550306,2.5130568088134028e-05
156.98126256603774,0.9870724264706663,0.010938746399958758,0.0019777295876599417,1.1097541716421985e-05
157.98755271069183,0.9871071762685322,0.010938186278873455,0.0019439541586119755,1.0683293984825171e-05
158.99384285534592,0.9871313716930759,0.010937198139362373,0.0019229822926874456,8.447874876090375e-06
160.000133,0.9871381811412954,0.01093695036473031,0.0019168077998025321,8.060694172818918e-06
