tg,0-2,2-2,8-2,other
0.0,1.0,0.0,0.0,0.0
1.011872255952381,0.99999990884212,4.6149603350580445e-17,9.981092559819154e-09,8.117678962492479e-08
2.023744511904762,0.9999955181681048,1.542029416330863e-14,1.6778472149102297e-07,4.3140471614920745e-06
3.035616767857143,0.9999971829452132,2.743099989139425e-13,8.520029699778109e-07,1.965051546078607e-06
4.047489023809524,0.9999814540757213,2.2407141275474247e-12,2.664509925188389e-06,1.5881412117409835e-05
5.059361279761905,0.9999877146076565,1.3876066011625298e-11,6.926727016763712e-06,5.358651458482135e-06
6.071233535714286,0.999969017806711,5.7187677840715796e-11,1.435761670553607e-05,1.6624519402926677e-05
7.083105791666666,0.9999622578289076,2.1724986808652108e-10,2.770694718504613e-05,1.0035006662694588e-05
8.094978047619048,0.999869411550904,6.112457639398569e-10,4.766057826606825e-05,8.29272595884672e-05
9.106850303571427,0.9998825460265224,1.7390932878896451e-09,7.846405115639288e-05,3.898818323736087e-05
10.11872255952381,0.999801599440346,3.654043242507832e-09,0.0001193666781217,7.903022749955598e-05
11.13059481547619,0.9997708305697348,9.073894650936434e-09,0.0001833145862115,4.5845770165801284e-05
12.142467071428571,0.9996569694320618,1.7981974749949277e-08,0.0002591881596417,8.382442633008719e-05
13.154339327380953,0.999549375690111,3.823010449898776e-08,0.0003704037460787,8.018233371326625e-05
14.166211583333332,0.9992696076390276,6.503179982969464e-08,0.0004996591166743,0.0002306682125049081
15.178083839285714,0.9990903774423052,1.2778328315035284e-07,0.0006762428317008,0.00023325194271954259
16.189956095238095,0.998983303116738,2.037684358960779e-07,0.0008768534854345,0.00013963962940087153
17.201828351190475,0.9986781396169644,3.693590033376381e-07,0.0011614516192809,0.00016003940475642204
18.213700607142854,0.9983462833749576,5.810259387141935e-07,0.0014576196776877,0.00019551592141896595
19.22557286309524,0.997750152937593,9.889483392307568e-07,0.0018649059030556,0.0003839522110199404
20.23744511904762,0.9973709088919688,1.427810377520008e-06,0.0022956584210936,0.0003320048765628618
21.249317375,0.996403864363785,2.30964590005741e-06,0.0028486079879986,0.0007452180023256984
22.26118963095238,0.9963751098282864,3.3348973164968577e-06,0.0034525108651847,0.00016904440921690803
23.273061886904763,0.9953667624340125,5.1090549020938165e-06,0.0042450635178865,0.00038306499320334554
24.284934142857143,0.9946605998653312,7.240482460364904e-06,0.0050342495748788,0.00029791007733290367
25.29680639880952,0.9927301932525644,1.0787667957039537e-05,0.0060478065447585,0.0012112125347275963
26.308678654761906,0.9925504965053268,1.46359625200892e-05,0.00712220086379,0.00031266666836602964
27.320550910714285,0.9900544839694264,2.0714668259524843e-05,0.0083755657738526,0.0015492355884646
28.332423166666665,0.9899233341300628,2.8517762419031813e-05,0.0098016838878191,0.00024646421970299636
29.344295422619048,0.9876562482765274,3.93630238349232e-05,0.0114882232320602,0.0008161654675845535
30.356167678571428,0.986389181007598,5.284409130620708e-05,0.0132027161961481,0.0003552587049528132
31.36803993452381,0.9820887856404706,7.130346952768593e-05,0.015155909019268,0.0026840018707366
32.37991219047619,0.9820592878748426,9.42270236217038e-05,0.0174369745637901,0.0004095105377509616
33.391784446428574,0.9777504916685608,0.0001216007467747,0.0197530650997654,0.0023748424849002
34.40365670238095,0.9766670784741904,0.0001619300248446,0.022620234495756,0.0005507570052130999
35.41552895833333,0.9726016365356795,0.0002085627969024,0.0255999434391825,0.0015898572282416002
36.42740121428572,0.9702951846039723,0.0002710065772647,0.0288516353450794,0.0005821734736847
37.43927347023809,0.9631926883049706,0.0003388773229022,0.0319807388700109,0.0044876955021196
38.45114572619048,0.962006549516888,0.0004392784466206,0.0362066971004351,0.0013474749360586
39.46301798214286,0.9565478882368454,0.0005357087464086,0.0400638587643473,0.0028525442523985997
40.47489023809524,0.9530387022666712,0.0006906630360858,0.045068177483497,0.0012024572137502
41.48676249404762,0.9467815032748624,0.0008474386359588,0.0496349140675382,0.0027361440216417
42.49863475,0.942040775613739,0.0010730057663928,0.0550375529309268,0.0018486656889414
43.510507005952384,0.933198335498696,0.0012743345877153,0.059700366866741,0.0058269630468500005
44.52237926190476,0.928164221736706,0.001609778309187,0.0662871441367304,0.0039388558173783
45.53425151785714,0.9226727736164748,0.0019068459579841,0.0725897802390019,0.0028306001865427
46.546123773809526,0.9151249431926756,0.0023750272793001,0.0801593445370228,0.0023406849910064
47.5579960297619,0.9066485033539328,0.0028157525710082,0.0865148199305852,0.0040209241444769
48.569868285714286,0.8969579602410405,0.0034679273696908,0.093951742439538,0.005622369949730199
49.58174054166667,0.8886446671600925,0.0040103593098242,0.1015262238321151,0.0058187496979744
50.593612797619045,0.8770646546487137,0.0048886649784671,0.1096757401960184,0.0083709401768024
51.60548505357143,0.8716453590924048,0.005715472273729,0.1198606137592584,0.0027785548746071
52.61735730952381,0.8590012516846458,0.0068765394785116,0.1297598882819171,0.004362320554931401
53.62922956547619,0.8487420124014374,0.0079696508117283,0.1384611064481112,0.0048272303387229005
54.64110182142857,0.8315610449033964,0.0094944351978657,0.1458448195916785,0.013099700307062
55.65297407738096,0.8250798797311112,0.0108910573109811,0.1593299246074932,0.0046991383504142
56.66484633333333,0.8066368458615963,0.0127534113019712,0.1669967995723794,0.0136129432640538
57.67671858928571,0.7995110711342234,0.0147939351922978,0.1821551260119985,0.0035398676614821
58.688590845238096,0.7816677252490005,0.0172361365283479,0.1931239898335953,0.0079721483890573
59.70046310119048,0.7698982650232042,0.0197068364848335,0.2054501953775248,0.0049447031144372
60.712335357142855,0.7451442228119851,0.0226128722160967,0.2086610152529936,0.023581889718927697
61.72420761309524,0.7386929332071057,0.0259184232421489,0.2306435771112112,0.0047450664395363995
62.73607986904762,0.7163873593781305,0.0292917183286094,0.236846069233586,0.0174748530596726
63.747952125,0.7047343928370079,0.0336481525060498,0.2560439121588104,0.0055735424981294
64.75982438095238,0.6826772031523837,0.0380856186576996,0.2655466567332199,0.0136905214566966
65.77169663690476,0.6686754692404732,0.0431546740561228,0.2820923354168295,0.006077521286578
66.78356889285715,0.640335593682003,0.0478130708917183,0.2788151870655677,0.0330361483607174
67.79544114880953,0.6296195753785091,0.0545534136339877,0.3066437200300785,0.0091832909574236
68.8073134047619,0.6075557661809027,0.0601543661213217,0.3140544072209377,0.0182354604768406
69.81918566071428,0.5899198358568315,0.0681103611694904,0.3333333214499322,0.0086364815237441
70.83105791666667,0.5660429112134644,0.0751557375055529,0.3384834963051925,0.020317854975793102
71.84293017261905,0.5482837215706104,0.0842778981136746,0.3554652033004749,0.011973177015236501
72.85480242857143,0.5221381280726014,0.0911012966412414,0.3509505607579374,0.035810014528221495
73.86667468452382,0.5043953715627442,0.1024594241989422,0.3743166435326701,0.0188285607056449
74.87854694047618,0.4849713940766625,0.111387366205244,0.387207756956529,0.0164334827615638
75.89041919642857,0.4629918498267266,0.1238112554472235,0.4008874430488095,0.012309451677244499
76.90229145238095,0.4403592194245899,0.1338362487349957,0.4015102700443803,0.0242942617960387
77.91416370833333,0.418404306672364,0.1476596651659336,0.4088781088170014,0.0250579193447023
78.92603596428572,0.3979247952029163,0.1578042469429352,0.4145278677476696,0.0297430901064804
79.9379082202381,0.3755961802972872,0.173410170821905,0.4216490355438038,0.029344613337003
80.94978047619048,0.3588793081404305,0.1868896870979384,0.4398855306725955,0.0143454740890367
81.96165273214285,0.3361766065738432,0.2035672651180459,0.4433553686729767,0.0169007596351359
82.97352498809524,0.3169511524883331,0.2169363681694074,0.4435473666719224,0.022565112670338502
83.98539724404762,0.2936896463341923,0.234018239904602,0.4309204313488289,0.041371682412374995
84.9972695,0.2786310330196169,0.2494638020244492,0.4523261486424691,0.0195790163134633
86.00914175595238,0.257439609736861,0.2672557543765583,0.4412146965150299,0.0340899393715529
87.02101401190477,0.2426478378510775,0.2856640277315622,0.45832597794392,0.013362156473440499
88.03288626785714,0.2228041901951659,0.3049929726995247,0.4497654242453116,0.022437412859997
89.04475852380952,0.2078122129112795,0.3222873566023135,0.4532637042869422,0.0166367261994664
90.0566307797619,0.1881016829855798,0.3392942435132505,0.4212519464711047,0.051352127030063796
91.06850303571429,0.1764677246401037,0.3611162209842023,0.4493311996688544,0.0130848547068444
92.08037529166668,0.1604608516488636,0.3790057188716218,0.4299450764329809,0.0305883530465354
93.09224754761904,0.1478749826951091,0.4010829685639511,0.4383361938830124,0.0127058548579285
94.10411980357142,0.1332507615706346,0.4204052063896164,0.4197228288462232,0.0266212031935307
95.1159920595238,0.1222651861732673,0.4415812873897167,0.4240142602427948,0.0121392661942259
96.1278643154762,0.1088725986843801,0.455905213224359,0.3867322494707964,0.0484899386204661
97.13973657142856,0.0996650899159831,0.482092402554774,0.4053382168456608,0.0129042906835772
98.15160882738095,0.0894943275725164,0.4994069708782095,0.3887529635017825,0.0223457380474887
99.16348108333334,0.0801590826462442,0.5225829942376197,0.3857855877218009,0.011472335394336699
100.17535333928572,0.0710810927473557,0.539493512993333,0.3631339581595508,0.0262914360997635
101.18722559523808,0.0635550476454416,0.5625322486804066,0.3612704178910546,0.0126422857830956
102.19909785119049,0.0559518779825429,0.5746691627703818,0.3340108305552129,0.035368128691864995
103.21097010714286,0.0495035584232526,0.6004007483135885,0.3350160140387834,0.0150796792243741
104.22284236309524,0.043843343191111,0.6173165077477389,0.3242856313293045,0.0145545177318455
105.23471461904762,0.0380409048688872,0.6387834567863331,0.3129479453315692,0.010227693013208214
106.246586875,0.0331889805284898,0.6525985283093257,0.2932223885301647,0.0209901026320191
107.25845913095236,0.0286543115303994,0.6735241916217165,0.2818533470831189,0.015968149764764
108.27033138690476,0.0248923015607233,0.6860463086278867,0.2686527668578966,0.0204086229534953
109.28220364285714,0.0212526959133989,0.7068028069677135,0.2567910829522942,0.0151534141665955
110.29407589880952,0.0184134343129142,0.7229769037220447,0.249019102303701,0.009590559661342406
111.30594815476192,0.0154392471230818,0.7406579537531495,0.2341986606500297,0.009704138473742779
112.31782041071428,0.0131778277944734,0.7524746019189601,0.2206904288984285,0.013657141388139326
113.32969266666666,0.0109565223815471,0.7676733490195795,0.2036842190805574,0.017685909518314998
114.34156492261904,0.0092953482297109,0.7819632554464918,0.1985029436940766,0.010238452629718236
115.35343717857144,0.0076917697298647,0.7962477858905287,0.183537918287459,0.012522526092152302
116.3653094345238,0.0064336403619694,0.810603108671569,0.1760829807696839,0.006880270196775129
117.3771816904762,0.0052280224133913,0.8234180351680931,0.1618410303994508,0.00951291201906794
118.38905394642858,0.0043315561622288,0.834495327330589,0.1533306578007414,0.007842458706445756
119.40092620238096,0.0035058647893701,0.8430754846753825,0.137496957911689,0.015921692623559892
120.41279845833331,0.002881942747655,0.8577235249881274,0.1335883463103733,0.005806185953848096
121.42467071428572,0.0023621001579274,0.8668457199422385,0.1217448619055366,0.009047317994299092
122.4365429702381,0.0019194765988237,0.8783614815713181,0.1143954741907666,0.0053235676390950655
123.44841522619048,0.0015766005112162,0.8863245862357464,0.1032433934606743,0.0088554197923621
124.46028748214286,0.0013083364464363,0.89655024237459,0.0971091365810375,0.005032284597935484
125.47215973809524,0.0011108904418905,0.9005266922420103,0.0863719972759084,0.011990420040190132
126.4840319940476,0.0009545901413277,0.9128169882550754,0.0815336799217784,0.004694741681819996
127.49590425,0.0008644969004888,0.9187982645448806,0.0739966576647789,0.006340580889851239
128.5077765059524,0.000776839763255,0.927094097933321,0.0676950050101224,0.004434057293300956
129.51964876190476,0.0007446585180588,0.931330419228916,0.0604322800970693,0.007492642155954542
130.53152101785713,0.0007153537388763,0.9394687680290754,0.0553978764673662,0.004418001764681322
131.54339327380953,0.000715609104626,0.941649355747706,0.049591267951827,0.008043767195838845
132.5552655297619,0.0007233999584329,0.9498523592896436,0.0448708340113509,0.004553406740573938
133.5671377857143,0.0007474728687698,0.9539606332398464,0.0405114097583432,0.004780484133039533
134.57901004166666,0.0007671216425041,0.9592362675929682,0.0359556384080736,0.004040972356452069
135.59088229761906,0.0007978442340996,0.961375459056394,0.031966702689689,0.005859994019817708
136.60275455357143,0.0008242868147841,0.9664418976406484,0.0281895878452959,0.004544227699272318
137.6146268095238,0.00085314659274,0.9684311652867728,0.0253843992666991,0.005331288853789299
138.6264990654762,0.0008850474812922,0.972698360457788,0.0220734832476889,0.0043431088132293285
139.63837132142856,0.0009110678641323,0.97541140279674,0.0196689285580538,0.004008600781070338
140.65024357738096,0.0009348991354306,0.978212833308,0.0169436796674867,0.003908587889078038
141.66211583333333,0.0009543968446225,0.979503157390012,0.0150331286372435,0.0045093171281220526
142.6739880892857,0.0009720994815378,0.9816941429728548,0.0128272815506733,0.004506475994938497
143.6858603452381,0.000985556721851,0.9835841227557516,0.0114588067334498,0.0039715137889477364
144.69773260119047,0.0009990182826765,0.9852387865769276,0.0097842191428748,0.003977975997524545
145.70960485714286,0.0010054377622992,0.9867804833312652,0.00857864072122,0.0036354381852180023
146.72147711309523,0.0010112424513097,0.9878485808997224,0.0073270327907657,0.0038131438582058954
147.73334936904763,0.0010128098915923,0.9887588863309208,0.0065060073849871,0.003722296392497384
148.745221625,0.0010130176387672,0.989199312949547,0.0056330808761403,0.004154588535549326
149.75709388095237,0.0010108796513921,0.9905052125229526,0.004991806527885,0.003492101297773077
150.76896613690477,0.0010083504027696,0.9909142973712748,0.004437407677369,0.0036399445485870525
151.7808383928571,0.0010024913142392,0.9915794868296935,0.0039702001264013,0.0034478217296716376
152.79271064880953,0.0009965858737668,0.9917180164083228,0.003631823639968,0.0036535740779398067
153.8045829047619,0.000989368887051,0.9922379597389132,0.0033531516875328,0.0034195196865050756
154.8164551607143,0.0009817759321056,0.9920841521060312,0.0032135109323086,0.0037205610295595474
155.82832741666667,0.0009739465325031,0.992630071312217,0.0030202534050003,0.0033757287502815926
156.84019967261904,0.000966573887185,0.9926247558639424,0.0029764103125486,0.0034322599363235
157.85207192857143,0.0009581424125431,0.992774843455606,0.0029066199957775,0.003360394136074341
158.8639441845238,0.0009504471132116,0.9926339709987262,0.0029478095939867,0.0034677722940763905
159.8758164404762,0.0009432259689215,0.992774756373145,0.0029344588367539,0.0033475588211831844
160.88768869642857,0.0009366451307504,0.992622197377357,0.0030109029842545,0.0034302545076384692
161.89956095238097,0.0009302818345415,0.9926863563153656,0.0030425919489396,0.0033407699011542575
162.91143320833334,0.0009250108563197,0.99261361435754,0.0031174558847559,0.003343918901385495
163.9233054642857,0.0009199231006258,0.9925741594330756,0.003176949349003,0.0033289681172986455
164.9351777202381,0.0009159457846502,0.9924808942857906,0.0032557244244913,0.0033474355050722416
165.94704997619047,0.0009126486139661,0.9924521898536376,0.0033081811076001,0.0033269804247983274
166.95892223214287,0.0009102192848643,0.9924055661403468,0.0033560299939094,0.003328184580883077
167.97079448809524,0.0009083175041107,0.9923734640282766,0.0033961914858446,0.0033220269817749804
168.9826667440476,0.0009073369255764,0.9923526753414365,0.0034190988879558,0.003320888845037134
169.994539,0.0009069811954905,0.9923444745292028,0.003428206080194,0.003320338195116169
