tg,0-0,0-1,1-1,1-0,other
0.0,1.0,0.0,0.0,0.0,0.0
0.1842631162324649,0.9999999895402185,9.473383900393008e-09,9.20988710910213e-19,9.770597421933652e-10,9.337722420479711e-12
0.3685262324649298,0.9999998492600918,1.3639692020636703e-07,1.8696894381197333e-16,1.4314567790422305e-08,2.841993706729302e-11
0.5527893486973947,0.999999227916529,6.990269455823707e-07,4.8906354468764825e-15,7.300578948985373e-08,5.073120180478399e-11
0.7370524649298597,0.9999974738317443,2.2888886566359135e-06,5.2666336637716716e-14,2.3719917373285042e-07,8.03725306764601e-11
0.9213155811623246,0.9999935774868204,5.822117022133862e-06,3.456971542057618e-13,6.002734224135989e-07,1.2238954902279022e-10
1.1055786973947894,0.9999861561150156,1.2548819055363259e-05,1.6499436568340742e-12,1.2948725634314409e-06,1.9171564715419038e-10
1.2898418136272545,0.999973515699375,2.398677059732688e-05,6.2861307523323165e-12,2.49713760720174e-06,3.861344729896704e-10
1.4741049298597193,0.9999538047147651,4.176678429712917e-05,2.0199207075583812e-11,4.427547944433505e-06,9.327941469674822e-10
1.6583680460921841,0.9999252430830764,6.740727173173375e-05,5.670628454238261e-11,7.347377038233238e-06,2.2114471244406954e-09
1.8426311623246492,0.9998863792118272,0.00010206518687234425,1.4248808630277916e-10,1.1550690909032654e-05,4.767903101961161e-09
2.0268942785571142,0.999836308329823,0.00014632917898153142,3.261541712752412e-10,1.735291544235208e-05,9.249599066901924e-09
2.211157394789579,0.9997747844749966,0.00020012048981303738,6.893587762615642e-10,2.5078058930919633e-05,1.6286900774902417e-08
2.395420511022044,0.9997021913296342,0.00026273491486575426,1.3599839553749825e-09,3.504602905581346e-05,2.636646020938838e-08
2.579683627254509,0.9996193080221785,0.0003330798681590864,2.528080731153738e-09,4.756982165132234e-05,3.975993047946067e-08
2.7639467434869736,0.9995270126723661,0.00040997277186053164,4.464432046179653e-09,6.29535555065432e-05,5.653583465085564e-08
2.9482098597194386,0.9994259064853285,0.0004925049584823767,7.545793121198186e-09,8.150427673927314e-05,7.673365676495142e-08
3.1324729759519037,0.9993160053267818,0.0005803285613537567,1.2292399911406922e-08,0.00010355303691635794,1.0078254839866728e-07
3.3167360921843683,0.999196588645741,0.0006737773885905178,1.942663214785747e-08,0.00012948475497415236,1.2978406205370137e-07
3.5009992084168333,0.9990662705952672,0.0007737603997779947,2.9963606797237346e-08,0.00015977344498524908,1.6559636277041115e-07
3.6852623246492984,0.9989233027763744,0.0008814233409404693,4.5344659102980566e-08,0.00019501766575787485,2.1087226829427937e-07
3.869525440881763,0.9987660567476996,0.0009976369669708093,6.762108961611992e-08,0.00023596962123937395,2.690430007696434e-07
4.0537885571142285,0.9985935756036531,0.001122428939744453,9.96907031483403e-08,0.000283551700701224,3.4406519808667083e-07
4.238051673346693,0.9984060586593291,0.001254501855394006,1.4557800908051412e-07,0.000338854283616442,4.3962365110888505e-07
4.422314789579158,0.9982051426465935,0.0013909770736256141,2.107368504224932e-07,0.00040311119403695496,5.583488933951496e-07
4.606577905811623,0.9979938838857079,0.0015274608222747166,3.023388455594288e-07,0.0004776519452836108,7.010078883710046e-07
4.790841022044088,0.9977764116306941,0.0016584594971703792,4.2949878158241816e-07,0.0005638336063506318,8.657670033318381e-07
4.975104138276553,0.9975572992792455,0.0017780905902190548,6.033831800054336e-07,0.0006629589634570736,1.0477838982130296e-06
5.159367254509018,0.9973407672171531,0.0018809648694307424,8.371603854616272e-07,0.0007761910950282388,1.2396580022060284e-06
5.343630370741482,0.9971298715172227,0.0019630728224029953,1.1457859711661114e-06,0.0009044769018241897,1.4329725790111497e-06
5.527893486973947,0.9969258356196751,0.0020225053180435446,1.5456735303494038e-06,0.00104849299215402,1.6203965970506172e-06
5.712156603206412,0.9967276456445952,0.0020598757940760858,2.0543769589409463e-06,0.0012086262301659434,1.7979542039292955e-06
5.896419719438877,0.9965319656341336,0.0020783789735037404,2.6904803343672815e-06,0.001384998093306184,1.9668187222519833e-06
6.080682835671342,0.9963333542172769,0.002083500950231692,3.4739350095025965e-06,0.0015775369462672272,2.1339512149332936e-06
6.264945951903807,0.9961246989762972,0.0020824662028970076,4.427078593005301e-06,0.001786095928719689,2.3118134929660253e-06
6.449209068136272,0.9958977483485897,0.0020835503588495195,5.57648750277048e-06,0.0020106071624074674,2.517642650751183e-06
6.6334721843687365,0.9956436220364856,0.002095393045752857,6.955673355574322e-06,0.002251256329323609,2.7729150824429784e-06
6.817735300601202,0.9953532186793755,0.002126413546381661,8.608448015881272e-06,0.0025086563323220667,3.1029939049418546e-06
7.001998416833667,0.9950174997762262,0.0021843747169394733,1.0592589747071454e-05,0.0027839956103555222,3.5373067314720713e-06
7.186261533066132,0.994627692873367,0.0022760770656393694,1.2983296930954443e-05,0.0030791364651542156,4.1102989085671395e-06
7.370524649298597,0.9941755038816498,0.002407116607533915,1.5875830256514492e-05,0.0033966419152635877,4.861765296255654e-06
7.554787765531062,0.9936534369226705,0.0025816244202752866,1.9386745524230712e-05,0.0037397162027689055,5.8357087612854e-06
7.739050881763526,0.9930552860216565,0.002801929910842103,2.365320972824879e-05,0.004112053736078606,7.077121694817576e-06
7.923313997995991,0.9923767917130784,0.0030681478810712206,2.8830072810589013e-05,0.004517603028780285,8.627304259694073e-06
8.107577114228457,0.9916163697945333,0.003377763544002832,3.508462262843827e-05,0.004960264652526413,1.051738630905427e-05
8.29184023046092,0.9907757422971091,0.003725354337097166,4.258932792648101e-05,0.005443553631417455,1.2760406449915614e-05
8.476103346693385,0.9898602600573052,0.004102617201623056,5.1513351949370865e-05,0.00597026523265546,1.5344156466839618e-05
8.66036646292585,0.988878724099858,0.004498847336423254,6.201415940105521e-05,0.006542187241814627,1.8227162502824883e-05
8.844629579158315,0.987842592014664,0.004901935960463701,7.423110633289173e-05,0.007159900587302163,2.134033123716651e-05
9.02889269539078,0.9867645837117407,0.005299833793432068,8.828323383718103e-05,0.007822703436231045,2.459582475898451e-05
9.213155811623245,0.9856568486092068,0.005682292067596378,0.00010427349502565387,0.008528682174576733,2.7903653594727677e-05
9.39741892785571,0.9845289882365301,0.006042579706313351,0.0001223011401754692,0.009274937130412692,3.119378656819238e-05
9.581682044088176,0.9833863076429059,0.006378817666726596,0.000142482804457387,0.010057953031540383,3.443885436990558e-05
9.76594516032064,0.9822286683534645,0.006694592231369415,0.00016498123839160507,0.010874085765096993,3.76724116772272e-05
9.950208276553106,0.9810502300547542,0.006998613455728232,0.00019003867039061673,0.011720119907374815,4.099791175217718e-05
10.13447139278557,0.9798402087159693,0.007303358276783295,0.0002180100426481111,0.012593837676746777,4.458528785263927e-05
10.318734509018036,0.9785845759825926,0.00762284665274338,0.0002493903034323693,0.013494531367582005,4.865569364950134e-05
10.5029976252505,0.977268424820714,0.007969898118825178,0.0002848297624521163,0.014423389820188343,5.345747782054044e-05
10.687260741482964,0.9758785753923807,0.008353357975189435,0.0003251325204462817,0.015383696423174905,5.923768880881581e-05
10.87152385771543,0.974405933215061,0.008775828990547973,0.0003712349338391958,0.01638079210895055,6.621075160145203e-05
11.055786973947894,0.9728471490266543,0.00923237853287946,0.00042416371080360133,0.01742178108404775,7.452764561466655e-05
11.24005009018036,0.9712052659783966,0.009710521167867844,0.0004849761258757078,0.018514987414432565,8.42493134275235e-05
11.424313206412824,0.9694892427308138,0.010191537900759443,0.0005546876929230745,0.01966920345066471,9.532822483896093e-05
11.60857632264529,0.9677124632192108,0.010652938044893836,0.0006341951275320018,0.020892801633158046,0.00010760197520529782
11.792839438877754,0.9658905301502787,0.011071656218315804,0.0007242050663104288,0.022192805585059833,0.0001208029800353025
11.97710255511022,0.9640387636432206,0.011427448910821454,0.0008251776530652523,0.023574022192381083,0.00013458760051153582
12.161365671342685,0.9621698153329542,0.011705949316010007,0.0009373020061394052,0.025038349391521476,0.00014858395337469748
12.34562878757515,0.9602917725496445,0.011900926489519882,0.0010605104230759258,0.02658433910694811,0.00016245143081163163
12.529891903807615,0.9584069553859762,0.012015475859488887,0.0011945420833443213,0.02820708310696255,0.00017594356422785242
12.71415502004008,0.9565114555768609,0.01206207035823911,0.0013390586518205842,0.029898450775420193,0.0001889646376594778
12.898418136272545,0.9545953203710424,0.012061587061358901,0.0014938066628409675,0.031647673759535526,0.0002016121452220815
13.082681252505008,0.9526431985753637,0.01204154974828118,0.0016588112523629281,0.033442239299996596,0.00021420112399547469
13.266944368737473,0.9506352534576604,0.012033875486172425,0.001834575890747929,0.03526902471902963,0.00022727044638969117
13.451207484969938,0.9485482049667585,0.012072388050511439,0.002022255208773629,0.037115580177461346,0.0002415715964950327
13.635470601202403,0.9463564639294871,0.0121902870927664,0.00222376529651077,0.03897144526983391,0.0002580384114020489
13.819733717434868,0.9440334151559476,0.012417676074450027,0.002441802306582176,0.04082936967341091,0.0002777367896092346
14.003996833667333,0.9415529921593484,0.012779187273741293,0.002679741595958002,0.04268628947682103,0.00030178949413128435
14.188259949899798,0.9388916140877508,0.013291740677096663,0.0029414305163545165,0.04454393919671144,0.00033127552208643817
14.372523066132263,0.936030536975753,0.01396251532933207,0.0032308761512531326,0.04640897082679032,0.0003671007168716486
14.556786182364728,0.9329584471065995,0.01478731404817837,0.003551869586893441,0.048292519857954075,0.0004098494003744147
14.741049298597193,0.9296739614575691,0.015749599679491452,0.0039075918705619335,0.0502092119626172,0.00045963502976006715
14.925312414829659,0.9261875542390825,0.01682053835880325,0.004300254130276315,0.052175678742697275,0.0005159745291404377
15.109575531062124,0.9225223805510924,0.01796035718321489,0.0047308226285045435,0.05420872014674176,0.0005777194904463845
15.293838647294589,0.9187135555586206,0.01912119035946084,0.005198872762758026,0.05632330310090031,0.0006430782182600706
15.478101763527052,0.914805669966921,0.020251359583105477,0.0057026057366487085,0.05853061043452979,0.0007097542787950596
15.662364879759517,0.9108486468613244,0.02130075036890012,0.006239047680867028,0.060836349516856944,0.0007752055720512663
15.846627995991982,0.906892393943433,0.022226668964484393,0.00680443461931656,0.06323950143702531,0.0008370010357405049
16.03089111222445,0.902980998563927,0.0229993623767098,0.007394766524255338,0.06573164816063264,0.0008932243744749005
16.215154228456914,0.8991473789579806,0.02360631304607257,0.00800648832858633,0.06829696679053085,0.0009428528768298787
16.39941734468938,0.8954092953555987,0.02405451028052586,0.008637228278220574,0.0709129318262473,0.00098603425940769
16.58368046092184,0.8917674314269258,0.024370149901584235,0.009286497199192459,0.07355171856979893,0.0010242029024982832
16.767943577154306,0.8882059178132566,0.024595590661007073,0.009956233046748076,0.07618224855201705,0.0010600099269712233
16.95220669338677,0.8846952470480454,0.024783843156808677,0.010651074837817354,0.07877275551074094,0.0010970794465877038
17.136469809619236,0.8811971101796356,0.024991305555339675,0.011378271074663937,0.08129367796477249,0.0011396352255879862
17.3207329258517,0.8776703509077698,0.02526980570310685,0.012147175542907169,0.08372060955814029,0.0011920582880758674
17.504996042084166,0.874077060567153,0.025659182701318412,0.012968349952102644,0.08603697782805156,0.0012584289513741592
17.68925915831663,0.8703878555828294,0.026181593133995103,0.01385236473549438,0.08823609767377925,0.0013420888739016645
17.873522274549096,0.8665855735592534,0.02683845184351449,0.014808453974230747,0.09032227554512512,0.00144524507787618
18.05778539078156,0.8626669528333594,0.027610463027292205,0.01584321667165714,0.09231073290995881,0.001568634557732621
18.242048507014026,0.8586422377580373,0.028460660449029195,0.016959559413933612,0.09422626259575145,0.0017112797832482274
18.42631162324649,0.854533002347645,0.029339874098707107,0.018156041385720023,0.09610070417209458,0.0018703779958331203
18.610574739478956,0.8503687217821614,0.03019368413079735,0.019426725465647096,0.0979694872031644,0.0020413814182299456
18.79483785571142,0.8461827258915511,0.030969776984589872,0.02076156984534436,0.09986760962212209,0.002218317656392613
18.979100971943886,0.8420081395125127,0.031624692080120864,0.022147331092619096,0.1018254729091074,0.002394364405639764
19.16336408817635,0.8378742803213906,0.03212918953748206,0.02356889958998533,0.1038649875175713,0.0025626430335706735
19.347627204408816,0.8338038026204844,0.032471795063635595,0.025010947234944726,0.10599631221360832,0.0027171428673269794
19.53189032064128,0.8298106920276335,0.03266039438484766,0.026459740834563983,0.10821552654627328,0.002853646206681828
19.716153436873746,0.8258990906484132,0.03272198097299741,0.02790494133011415,0.11050348032332585,0.00297050672514954
19.90041655310621,0.8220628746886981,0.032700776372687645,0.02934118062237554,0.11282602140880924,0.0030691469074294285
20.084679669338676,0.8182859270652456,0.03265495579885515,0.03076918265265294,0.11513575553310038,0.0031541789501460383
20.26894278557114,0.8145431147783014,0.03265217196834583,0.032196197010961464,0.11737540654929156,0.003233109693099462
20.453205901803607,0.8108020603249222,0.03276403878558365,0.0336355607891942,0.11948269229902786,0.0033156478012721542
20.63746901803607,0.8070258386735897,0.033059760605968325,0.03510530642189078,0.12139640547820543,0.0034126888203457393
20.821732134268537,0.8031766935862384,0.03359920289512319,0.03662588844674641,0.12306312136171847,0.003535093710173449
21.005995250501,0.7992207267772898,0.03442589000793196,0.03821728214880383,0.12444371182928396,0.0036923892366905894
21.190258366733467,0.7951332706958436,0.03556063947377322,0.03989586203501562,0.12551871405978243,0.003891513735584996
21.37452148296593,0.7909043432924591,0.03699672009257821,0.04167155949452739,0.12629164887879818,0.004135728241637272
21.558784599198393,0.7865433167969557,0.038697462526934005,0.04354577978943035,0.1267896347868503,0.004423806099829599
21.74304771543086,0.7820817938315257,0.04059709155777503,0.04551043748130978,0.12706105414422178,0.004749622985167891
21.927310831663323,0.7775737826393565,0.042605176505405705,0.04754826619895188,0.1271705048051161,0.005102269851169908
22.11157394789579,0.7730926085707749,0.04461456709983129,0.04963434148427426,0.12719169101955977,0.0054667918255598014
22.295837064128254,0.7687245640054666,0.04651210114814973,0.05173856925030926,0.12719917644854364,0.0058255891475308425
22.48010018036072,0.764559950461585,0.048190864523219426,0.053828785135934726,0.12725999848586883,0.0061604013933919625
22.664363296593184,0.7606827444654596,0.04956246094858825,0.05587408246607854,0.12742605103594862,0.006454661083924804
22.84862641282565,0.7571604746950631,0.05056766981406786,0.057848016135055524,0.12772795319100316,0.006695886164810436
23.032889529058114,0.754035946721899,0.05118404022642052,0.0597313867346862,0.12817091494013513,0.006877711376859033
23.21715264529058,0.7513221814912038,0.05142933946726262,0.061514348171360755,0.12873294764724522,0.007001183222927732
23.401415761523044,0.7490013989582428,0.051360283260919,0.06319760084216822,0.12936565559858096,0.007075061340089069
23.58567887775551,0.7470281913632952,0.051066563994950395,0.06479245128441187,0.12999774537456799,0.007115047982774711
23.769941993987974,0.7453363294677426,0.05066080162984475,0.06631956416669199,0.13054123972231174,0.007142065013408843
23.95420511022044,0.7438480565804352,0.050265609289920826,0.06780635690433977,0.13090012581716456,0.007179851408139772
24.138468226452904,0.7424843714307384,0.049999408312231756,0.06928318916937103,0.13098079627929368,0.007252234808364893
24.32273134268537,0.7411747488709772,0.0499628620085732,0.07077875932043412,0.1307032120537782,0.0073804177462369735
24.506994458917834,0.7398649927543759,0.05022774981369808,0.07231537036844339,0.13001134880813367,0.007580538255349145
24.6912575751503,0.7385218553394577,0.05082977029599421,0.07390521192904037,0.1288814152589249,0.007861747176582718
24.875520691382764,0.7371372408151828,0.05176591887814746,0.07554640181421225,0.12732591193486126,0.008224526557596298
25.05978380761523,0.7357243665744384,0.0529969671462909,0.07722437713313034,0.12539390688040397,0.008660382265736533
25.244046923847694,0.7343168039970823,0.05445375723608181,0.07891203131086687,0.12316568849566825,0.009151718960300618
25.42831004008016,0.732963200398603,0.05604658987848099,0.08057333948664544,0.12074380663417897,0.009673063602091558
25.612573156312624,0.7317214150782217,0.0576761045633904,0.08216781141906715,0.1182413544697831,0.010193314469537598
25.79683627254509,0.7306520647889897,0.05924434222215799,0.0836553129686417,0.11576928265034495,0.010678997369865651
25.98109938877755,0.7298119330239372,0.06066493614575803,0.08500051330374897,0.11342440308498726,0.011098214441568709
26.165362505010016,0.7292476533535881,0.06187174314688706,0.0861764357389537,0.1112793999015452,0.01142476785902559
26.34962562124248,0.7289900861685003,0.06282553610652657,0.08716684711109936,0.1093757012121188,0.011641829401754851
26.533888737474946,0.7290498408565799,0.06351854274991123,0.08796743771092308,0.1077196408661509,0.011744537816434846
26.71815185370741,0.7294144213196357,0.06397661282894779,0.08858584815205996,0.10628205232026076,0.011741065379095842
26.902414969939876,0.7300474764644231,0.06425869707757721,0.08904059372559976,0.10500128557439392,0.011651947158005813
27.08667808617234,0.7308905567757744,0.06445324317847265,0.08935891407577516,0.10378953358372849,0.011507752386249166
27.270941202404806,0.7318676168703036,0.06467116842002865,0.08957357644811145,0.10254218524776382,0.011345453013792464
27.45520431863727,0.7328922338097759,0.06503534352255125,0.08971877715090025,0.10114960153131974,0.011204043985452522
27.639467434869736,0.7338771525115846,0.06566703916893049,0.0898255116910862,0.09951024372753128,0.011120052900867317
27.8237305511022,0.7347453824033896,0.06667048707711284,0.08991703914854751,0.09754359037689439,0.011123500994055553
28.007993667334667,0.7354416568253194,0.06811742863685542,0.09000526331731276,0.09520095413841624,0.01123469708209611
28.19225678356713,0.7359427316480717,0.07003402478899058,0.0900888411009623,0.09247236072940603,0.011462041732569473
28.376519899799597,0.7362648166564761,0.07239255654344776,0.09015356046585443,0.08938817755450293,0.011800888779718945
28.56078301603206,0.7364665326653028,0.0751098285484773,0.09017504060135027,0.08601511270213053,0.01223348548273923
28.745046132264527,0.7366462163948654,0.07805315444136655,0.09012324887888556,0.08244729867733518,0.012730081607547437
28.929309248496992,0.7369331798078222,0.0810534854935052,0.08996788120217321,0.07879410625856391,0.013251347237935241
29.113572364729457,0.7374735496661987,0.08392398224089355,0.08968348261894435,0.07516682627976218,0.01375215919420102
29.297835480961922,0.7384123402655602,0.08648143955667992,0.08925333561931373,0.07166629976692618,0.014186584791519961
29.482098597194387,0.7398742003002436,0.0885676383512032,0.08867153991082664,0.06837305829359937,0.014513563144127214
29.666361713426852,0.7419456207658249,0.09006791510331996,0.08794320808825085,0.065340787049556,0.014702468993048418
29.850624829659317,0.7446612391641634,0.09092484084975419,0.0870831096450464,0.06259321700805293,0.014737593332983143
30.034887945891782,0.747996267433207,0.09114566031182848,0.0861133175420237,0.06012408616225702,0.014620668550684014
30.219151062124247,0.7518661495967772,0.0908028773992197,0.0850604176550659,0.057899648904620196,0.014370906444317006
30.403414178356712,0.7561335000354908,0.09002801428486255,0.08395268370508505,0.05586328950142001,0.014022512473141317
30.587677294589177,0.7606213459729381,0.08899914098040845,0.08281743248795767,0.053941954784687114,0.013620125774008585
30.77194041082164,0.7651308413259741,0.08792330942575884,0.08167863098067225,0.052054189746829314,0.013213028520765382
30.956203527054104,0.7694610786830121,0.08701556610139605,0.08055480353074121,0.05011941605817394,0.01284913562667696
31.14046664328657,0.7734284865716629,0.08647670898603357,0.07945738631016966,0.04806772842183305,0.012569689710300638
31.324729759519034,0.7768836107989197,0.08647226487657134,0.07838980576176048,0.04584902973565063,0.012405288827098083
31.5089928757515,0.7797237285770866,0.08711515172215714,0.07734762805339983,0.04344001131169235,0.012373480335664277
31.693255991983964,0.7819005409152733,0.0884540719661675,0.076320027234826,0.04084754791158735,0.0124778119721461
31.87751910821643,0.7834228549388829,0.09046891771912476,0.07529253904083776,0.03810762655405982,0.012708061747094596
32.0617822244489,0.7843545314759013,0.09307351317396738,0.07425068902434145,0.035279864423911005,0.013041401901878974
32.24604534068136,0.7848080464232393,0.09612508854229673,0.07318375671640255,0.032438696621134674,0.013444411696926463
32.43030845691383,0.7849339841715732,0.09943915330943619,0.07208781158221028,0.02966306266243452,0.013875988274345663
32.61457157314629,0.7849068699248168,0.10280801727719512,0.07096730492057873,0.027026624227711626,0.014291183649697886
32.79883468937876,0.7849080342866245,0.10602110193061758,0.0698348830427962,0.02459015868611584,0.014645822053845684
32.98309780561122,0.7851066634075863,0.10888530083034854,0.06870955330153226,0.022396981179200068,0.014901501281332672
33.16736092184368,0.7856406786785272,0.11124385718906574,0.06761374185017269,0.020471369522292466,0.015030352759941702
33.351624038076146,0.786599475846228,0.11299238302295841,0.06656998675429476,0.018819308684169252,0.015018845692349205
33.53588715430861,0.7880107203849476,0.11409068778982681,0.06559799146383223,0.017430611258935115,0.014869989102458117
33.720150270541076,0.7898332779599626,0.11456905912307157,0.06471257076462135,0.0162816129684952,0.014603479183849266
33.90441338677354,0.7919579084704228,0.11452766271177052,0.06392272340481508,0.015338045574108743,0.014253659838883007
34.088676503006006,0.7942165557222425,0.11412799195692028,0.06323178170873227,0.014558129104884856,0.013865541507220218
34.27293961923847,0.7963999466734447,0.11357597464474513,0.0626383784299516,0.01389618438180062,0.013489515870058
34.457202735470936,0.7982819203566146,0.11309754389884805,0.06213788250614562,0.013307015524837785,0.0131756377135538
34.6414658517034,0.7996476341458304,0.11290908390231125,0.061724003057705215,0.012750961478059389,0.012968317416093578
34.825728967935866,0.8003218311412663,0.11318676027847935,0.06139037428200384,0.012199022679583196,0.012902011618667306
35.00999208416833,0.8001929557878484,0.11403978258891515,0.06113205323120055,0.011637075905197403,0.012998132486838353
35.1942552004008,0.7992292743426231,0.1154925862303344,0.060946906311742724,0.011068125141049774,0.013263107974249642
35.37851831663326,0.7974842785182971,0.11747955447524053,0.06083680372569184,0.010511891712212092,0.013687471568558542
35.56278143286573,0.7950903456413527,0.11985347662573083,0.06080842645362442,0.010001721768113186,0.0142460295111788
35.74704454909819,0.7922415626876504,0.12240613934369447,0.06087340112517878,0.009579521950526146,0.014899374892950278
35.93130766533066,0.7891683747579508,0.12489711855136455,0.06104750013674793,0.00928992378272248,0.015597082771214077
36.11557078156312,0.7861079232609968,0.12708563603269535,0.06134881059100061,0.009174933420431802,0.01628269669487512
36.29983389779559,0.7832743549571743,0.12876048833827927,0.061795051584059985,0.009269949330228431,0.016900155790257936
36.48409701402805,0.7808330237823669,0.1297642608611928,0.062400491787606684,0.009601412468046433,0.0174008111007872
36.66836013026052,0.7788815331847011,0.13000972921102136,0.06317310737334625,0.010185756769265416,0.017749873461666243
36.85262324649298,0.7774392992166245,0.12948790994394774,0.06411264074540443,0.011028982239924184,0.017931167854099376
37.03688636272545,0.7764460572921995,0.1282682628149815,0.06521006950735658,0.012126192348026166,0.017949418037436226
37.22114947895791,0.775768728389281,0.12649198154198013,0.06644872207002057,0.01346079343317576,0.017829774565542345
37.40541259519038,0.7752153801443661,0.12435929246168465,0.06780690557424543,0.015003596994279047,0.01761482482542489
37.58967571142284,0.7745546009112226,0.12211154217243284,0.06926154875780831,0.016712570197150643,0.017359737961385818
37.77393882765531,0.7735383845564805,0.12000890840874501,0.07079208619507946,0.018534211525916906,0.017126409313777975
37.95820194388777,0.7719265315014927,0.1183049730520276,0.0723837175449089,0.020407326391215473,0.016977451510355488
38.14246506012024,0.7695106214991165,0.117220093797076,0.07402933248854049,0.022269333722534795,0.0169706184927324
38.3267281763527,0.766135734454787,0.11691625271495652,0.07572976042594481,0.024064338617788658,0.01715391378652319
38.51099129258517,0.7617182367664456,0.1174765721036439,0.07749246432688842,0.02575140593936489,0.01756132086365735
38.69525440881763,0.7562579959864485,0.11889266624753048,0.07932919357987553,0.02731112867570341,0.018209015510441982
38.8795175250501,0.7498433931605086,0.1210622716896597,0.0812532802849741,0.028748899826975177,0.019092155037882332
39.06378064128256,0.7426477099247828,0.1237981894853234,0.08327716920636542,0.030094169878426127,0.020182761505102176
39.24804375751503,0.7349161355716117,0.1268477593326656,0.08541049167076313,0.03139604693166655,0.021429566493292862
39.43230687374749,0.7269438115640042,0.12992032655018726,0.08765869717275873,0.032716430363809244,0.022760734349240534
39.61656998997996,0.7190468514875601,0.13271893876150254,0.09002207144684451,0.03412216496602242,0.024089973338070336
39.80083310621242,0.7115296543397146,0.13497211390188957,0.092494995955398,0.035677441112380644,0.025325794690617142
39.98509622244489,0.7046526793487747,0.13646193379032168,0.09506545937885301,0.03743708377906954,0.02638284370298081
40.16935933867735,0.698604922740581,0.13704567896238395,0.09771503207109222,0.03944081022453867,0.027193556001403968
40.35362245490982,0.6934846812302552,0.13666933325478042,0.10041963247489176,0.04170826060645876,0.02771809243361394
40.53788557114228,0.689291012890385,0.1353722112922057,0.1031513631883479,0.04423471703527377,0.027950695593787597
40.72214868737475,0.6859269182528158,0.13328256445459963,0.10588146516325044,0.04698783931790767,0.02792121281142653
40.90641180360721,0.6832137782665896,0.13060439547045732,0.10858405978097121,0.04990624348667753,0.027691522995304575
41.09067491983968,0.6809151908424753,0.12759619219254764,0.11123994300034028,0.05290107094098284,0.027347603023653723
41.27493803607214,0.6787670863212129,0.12454310471102674,0.11383945453309881,0.05586160558374615,0.026988748850915577
41.45920115230461,0.6765101263193769,0.12172524025784526,0.11638348125718226,0.05866538551846772,0.026715766647127652
41.64346426853707,0.6739200568573197,0.11938590539538636,0.11888207726590902,0.06119218291070722,0.026619777570677444
41.82772738476954,0.6708321276167866,0.11770428490800962,0.12135086190728886,0.06333997655545776,0.026772749012456944
42.011990501002,0.6671568266849023,0.11677677660804377,0.12380607703329813,0.06504005672309222,0.027220262950663376
42.19625361723447,0.6628857387740458,0.116609839148994,0.12625964181094795,0.06626812910416181,0.02797665116185028
42.38051673346693,0.6580878861751643,0.11712504827660647,0.12871550757023184,0.06704895928810782,0.029022598689889382
42.56477984969939,0.6528980883031391,0.11817472245765076,0.13116809758923434,0.0674535652579007,0.03030552639207508
42.74904296593186,0.6474995480510365,0.11956469294902884,0.13360284079954135,0.06758971434350401,0.031743203856889377
42.93330608216432,0.6421030277242339,0.1210800264864641,0.13599815214266348,0.06758786063188124,0.033230933014757415
43.11756919839679,0.6369248945258807,0.12250984256774565,0.1383279155697958,0.06758523116984252,0.03465211616673514
43.30183231462925,0.6321660563746211,0.12366848901361617,0.14056370009568542,0.06771047842724913,0.03589127608882834
43.48609543086172,0.6279934409405933,0.12441172108155642,0.14267640234427886,0.06807047347004032,0.036847962163530916
43.67035854709418,0.6245253126693207,0.12464771462216197,0.14463749913506807,0.0687398998133896,0.03744957376005949
43.85462166332665,0.6218213463108158,0.12434339193599558,0.14642039673396987,0.06975371867433815,0.03766114634488046
44.03888477955911,0.6198780929605789,0.12352657381978989,0.14800229404508863,0.07110249321044089,0.037490545964101715
44.22314789579158,0.6186302773665922,0.1222840639914797,0.14936660598814253,0.0727308933450092,0.03698815930877621
44.40741101202404,0.6179581241567409,0.12075525015099489,0.1505054562762284,0.07454015403040702,0.03624101538562848
44.59167412825651,0.617700503181042,0.11912055473927209,0.15142133692199333,0.07639544645083272,0.03536215870686
44.77593724448897,0.6176731226492385,0.1175843473624885,0.15212697021223753,0.07813874217955138,0.03447681759648403
44.96020036072144,0.6176902914587713,0.1163528071757246,0.15264279155985183,0.0796067106404217,0.03370739916523059
45.1444634769539,0.6175881000814769,0.11560857470502398,0.15299225443717965,0.08065171201405752,0.03315935876226198
45.32872659318637,0.6172463856993479,0.11548546518747194,0.15319603864232828,0.08116254847727367,0.032909561993578244
45.51298970941883,0.6166066113898344,0.11604747576745539,0.15326684638331856,0.081080937042603,0.03299812941678855
45.6972528256513,0.6156829427237867,0.11727627557000748,0.1532064643137274,0.08041013364143951,0.033424183751039026
45.88151594188376,0.6145644185285704,0.11907010916676902,0.15300606853688756,0.07921378932287987,0.0341456144448929
46.06577905811623,0.6134072150147725,0.12125482415169478,0.15264962132369522,0.07760544038304011,0.035082899126797025
46.25004217434869,0.6124174807412684,0.12360522829702891,0.15211913757447984,0.07573119425884135,0.036126959128381674
46.43430529058116,0.6118267928166622,0.12587299454336645,0.1514000442688438,0.07374941155509838,0.03715075681602915
46.61856840681362,0.6118635789456348,0.12781644057098918,0.1504850150934414,0.07181118721706019,0.03802377817287427
46.80283152304609,0.6127245045966795,0.12922784905604173,0.14937541477363925,0.0700444080993398,0.03862782347429982
46.98709463927855,0.614549697025307,0.12995522643688537,0.1480804408016394,0.06854268307360879,0.038871952662559425
47.17135775551102,0.617404880373397,0.12991693914868552,0.1466148102845024,0.06735912068335473,0.03870424951006013
47.35562087174348,0.6212723449765695,0.12910893480270405,0.14499613176590923,0.06650417608057524,0.03811841237424185
47.53988398797595,0.6260514323020338,0.12760492773373588,0.14324287496015536,0.06594668923864172,0.0371540757654333
47.72414710420841,0.6315681054157682,0.12555006838958108,0.1413733095316479,0.06561761265307509,0.03589090400992726
47.90841022044088,0.6375922815700246,0.1231485373026491,0.13940516800602568,0.06541645825912293,0.0344375548621779
48.09267333667334,0.6438608166909227,0.12064554908795388,0.13735539635791752,0.06522081049899317,0.03291742736421263
48.27693645290581,0.6501034570816114,0.11830464262413365,0.13523933500037824,0.06489908468591132,0.031453480607965295
48.46119956913827,0.656068800383156,0.11638185806132216,0.13306903048045735,0.0643259665009223,0.03015434457414205
48.64546268537074,0.6615474884946433,0.1150992469219466,0.13085099695148306,0.0633988397983467,0.029103427833580407
48.8297258016032,0.6663905078662278,0.11462077567729552,0.12858430872818782,0.06205246417519161,0.0283519435530973
49.01398891783567,0.6705213722810788,0.11503377710872943,0.12626011075217805,0.06026877054258144,0.027915969315432356
49.19825203406813,0.6739417623676063,0.11633854643877219,0.12386331800835285,0.058079292691007436,0.027777080494261436
49.3825151503006,0.676730626035122,0.11844756720459675,0.12137651751958349,0.055559389764158314,0.0278858994765396
49.56677826653306,0.6790363270029732,0.1211944466698886,0.1187855378679259,0.05281550733898048,0.02816818112023181
49.75104138276553,0.6810649985229645,0.12435118488517882,0.11608335982344074,0.04996838031650035,0.028532076451915286
49.93530449899799,0.683057981610822,0.1276515988169075,0.11327563323118878,0.04713606652939392,0.028878719811687818
50.11956761523046,0.6852696076718074,0.13081781896991482,0.11038049931750357,0.04441989423384566,0.02911217980692826
50.303830731462924,0.6879397351129751,0.13358722299042214,0.10742730833207301,0.04189541920929436,0.029150314355235348
50.48809384769539,0.6912667917294237,0.13573734612765592,0.10445292641302309,0.03960867894247489,0.028934256787422265
50.672356963927854,0.6953839037317263,0.1371069394164874,0.10149701470507433,0.03757678698808001,0.02843535515863194
50.85662008016032,0.7003411371070334,0.13761174226873957,0.09859740560327378,0.035791270111276224,0.027658444909676668
51.040883196392784,0.7060964161406716,0.13725370607373855,0.09578642121611977,0.03422262886699979,0.026640827702470348
51.22514631262525,0.7125168648827167,0.1361224249124209,0.09308855890835167,0.0328251730019193,0.02544697829459095
51.409409428857714,0.7193911741477048,0.13438763946682908,0.09051954883766035,0.031541902892050847,0.024159734655754907
51.59367254509018,0.7264521672358979,0.1322821955382721,0.08808650381268844,0.030309734460411155,0.022869398952730133
51.777935661322644,0.733407186499942,0.1300759921850732,0.08578879509397067,0.02906547613767288,0.021662550083341368
51.9621987775551,0.7399724886761229,0.12804320126668312,0.08361937178859256,0.02775262389966744,0.02061231436893369
52.14646189378757,0.7459068842601291,0.1264269517477364,0.08156642628598906,0.02632840798781745,0.019771329718327926
52.33072501002003,0.7510397115866951,0.1254070249332502,0.07961545134419036,0.024769916041359384,0.019167896094504998
52.5149881262525,0.7552890590297845,0.12507623861715986,0.07775173018082081,0.023077863566875967,0.01880510860535897
52.69925124248496,0.7586678025390466,0.1254298104577878,0.0759631317171414,0.02127688337065977,0.01866237191536443
52.88351435871743,0.761277104842143,0.12636938024659033,0.07424281856743573,0.019412011336887212,0.018698685006944087
53.06777747494989,0.7632890121201767,0.12772032168382869,0.07259127145597544,0.017542062337132555,0.018857332402886492
53.25204059118236,0.7649212767554923,0.12925845502194397,0.07101702655015663,0.015731413579768466,0.019071828092638902
53.43630370741482,0.7664082952305391,0.13074099244736517,0.06953576640360398,0.014042020703197705,0.019272925215294206
53.62056682364729,0.7679720737631854,0.13193670266359914,0.06816781909768396,0.012527198459363618,0.019396206016167684
53.80482993987975,0.7697965650727718,0.13265153754917025,0.0669345558587072,0.011227963301273467,0.019389378218076982
53.98909305611222,0.7720078008617566,0.13274766157450274,0.06585447087838447,0.010171870193176162,0.019218196492180237
54.17335617234468,0.7746612336944088,0.13215532492761584,0.06493979228173494,0.009373593746940585,0.01887005534929982
54.35761928857715,0.7777368016782779,0.1308779265354001,0.0641943271878269,0.008836216657143814,0.018354727941351026
54.54188240480961,0.7811415764218208,0.12899087834620682,0.06361293609733888,0.008552354207508543,0.01770225492712463
54.72614552104208,0.7847194088985894,0.12663471167072726,0.06318266507478101,0.008504757274287135,0.016958457081615187
54.91040863727454,0.7882666245719481,0.12400259827810384,0.06288520667660001,0.008666669003423624,0.016178901469924404
55.09467175350701,0.7915524715925621,0.12132244389844236,0.0627000855776946,0.009002683600451871,0.015422315330848887
55.27893486973947,0.7943426431443891,0.11883414609008512,0.0626078612010807,0.00947094141441574,0.014744408150029193
55.46319798597194,0.7964238706571687,0.11676348213796335,0.06259271606621421,0.010027117488074623,0.014192813650579159
55.6474611022044,0.7976273629177579,0.11529517668372309,0.06264404148598038,0.010629949808275954,0.013803469104262847
55.83172421843687,0.7978487765463605,0.11454862047150641,0.06275694598691357,0.01124731257527364,0.013598344419946158
56.01598733466933,0.7970624439673137,0.11456007832309036,0.06293187816182952,0.011861414498306605,0.013584185049459697
56.2002504509018,0.7953278144149927,0.11527472799138905,0.06317368843225189,0.012471807126421135,0.013751962034945393
56.38451356713426,0.7927866202867875,0.11655047369939252,0.06349041750287003,0.013095491043763952,0.01407699746718569
56.56877668336673,0.7896502751858958,0.11817345378087664,0.06389195813879485,0.013764239516552266,0.014520073377880513
56.75303979959919,0.7861783862978611,0.11988305950074153,0.06438859680475296,0.014519961388383037,0.015029996008261317
56.93730291583166,0.7826503311077722,0.12140274353425291,0.06498962825187918,0.01540923729419637,0.015548059811899084
57.12156603206412,0.7793358981450945,0.12247176895673977,0.0657006876980016,0.016477981306166727,0.016013663893997263
57.30582914829659,0.7764630000253354,0.12287458309069277,0.06652345978003035,0.017766888631801425,0.016372068472139956
57.49009226452905,0.7741946255241748,0.12246331035056687,0.06745347035070054,0.0193076264242332,0.016580967350324452
57.67435538076152,0.772612024435777,0.12117225786401961,0.06847981878935114,0.021119684097825137,0.016616214813027216
57.858618496993984,0.7717084486164619,0.11902320564748423,0.06958578290042416,0.023207633336118465,0.01647492949951096
58.04288161322645,0.7713934715920808,0.11612158827174959,0.07075064673488189,0.025558830715468585,0.01617546268581887
58.227144729458914,0.7715069511916197,0.11264424875551837,0.07195256912596906,0.02814193699664523,0.015754293930247805
58.41140784569138,0.771840525029314,0.10881998695239115,0.07317198798875632,0.030906926994362094,0.01526057303517667
58.595670961923844,0.7721636410832571,0.10490474772309169,0.07439480678793016,0.033787354729550446,0.014749449676170524
58.77993407815631,0.7722506264294092,0.10115400669382116,0.07561455415476297,0.036705409395086076,0.014275403326920339
58.964197194388774,0.7719053141783807,0.09779552551826567,0.07683288961271138,0.0395797363244312,0.01388653436621104
59.14846031062124,0.7709803475150689,0.09500587743692275,0.07805822794345947,0.04233522458274804,0.013620322521800583
59.332723426853704,0.7693893643590048,0.09289376318082934,0.07930276181308216,0.04491322634941358,0.013500884297669847
59.51698654308617,0.7671115425288387,0.09149212486663093,0.08057859333913203,0.04728027008719009,0.013537469178207931
59.701249659318634,0.7641890948239524,0.09075961985487252,0.08189388883490956,0.049433467030311,0.013723929455954652
59.8855127755511,0.7607190105519941,0.09059051293947876,0.08324987885105914,0.05140149329883095,0.0140391043586372
60.069775891783564,0.7568406090617621,0.09083086271758048,0.08463920649879189,0.05324102270867587,0.014448299013189425
60.25403900801603,0.752720445515756,0.09129827718850128,0.08604573460448735,0.05502942619111803,0.01490611650013734
60.438302124248494,0.7485359766031985,0.09180253159044,0.08744561841888157,0.05685513222035778,0.015360741167122383
60.62256524048096,0.7444592835828896,0.09216482822000997,0.0888093137226719,0.05880714336590306,0.015759431108525557
60.806828356713424,0.740642079976759,0.09223417599983555,0.09010420485092172,0.06096493122205883,0.016054607950424855
60.99109147294589,0.7372031484969659,0.09190002412790067,0.09129762566988145,0.06338951535920617,0.016209686346045936
61.175354589178355,0.7342192304102233,0.09110074060698858,0.0923600990433346,0.06611620833768836,0.01620372160176482
61.35961770541081,0.7317201705174656,0.0898277343884203,0.09326859964190251,0.06914940226843216,0.016034093183779328
61.54388082164328,0.7296888309711723,0.08812505266957939,0.09400952009865872,0.0724598616601085,0.01571673460048084
61.72814393787574,0.7280658759996742,0.08608428076572536,0.09458087326757736,0.07598511987355346,0.015283850093469695
61.91240705410821,0.7267590450023247,0.08383470521990191,0.09499319048279499,0.07963355447606033,0.014779504818917755
62.09667017034067,0.7256560256634198,0.08152908623390771,0.09526865542631305,0.08329239634343612,0.014253836332923294
62.28093328657314,0.7246395623469882,0.07932602030894886,0.09543829352535362,0.08683929056825021,0.013756833250458988
62.4651964028056,0.723603088721268,0.0773706467369484,0.0955374562597322,0.09015621875550045,0.013332589526551242
62.64945951903807,0.7224649908160262,0.07577613380090431,0.09560029723346773,0.09314386161583839,0.013014716533763496
62.83372263527053,0.7211796693301988,0.07460870446691477,0.09565427011112258,0.0957341018094033,0.012823254282360363
63.017985751503,0.7197438926867112,0.07387871087923521,0.09571574663230319,0.09789852221130992,0.012763127590440177
63.20224886773546,0.7181975000129984,0.07353938764030626,0.09578761112494158,0.09965145297151488,0.01282404825023905
63.38651198396793,0.7166182864234227,0.07349358484768581,0.09585919276838473,0.10104718434496118,0.012981751615545704
63.57077510020039,0.7151117407203227,0.07360733965995077,0.09590833234451934,0.10217206951438688,0.013200517760820025
63.75503821643286,0.7137970874881172,0.07372798260414501,0.09590493344578668,0.1031330706879631,0.013436925773988093
63.93930133266532,0.7127916457911677,0.07370386785489427,0.09581517131147302,0.10404465665028831,0.013644658392177015
64.1235644488978,0.7121957606083124,0.07340285127263908,0.09560562807951059,0.10501583811652429,0.013779921923013753
64.30782756513025,0.7120804171163655,0.07272720310035377,0.09524689677225459,0.10613869219011124,0.013806790820914768
64.49209068136273,0.7124791484309548,0.0716234956694861,0.09471649193504951,0.1074792087293847,0.01370165523512473
64.67635379759518,0.7133851100337796,0.07008689390510055,0.09400108281492126,0.10907089034943104,0.013456022896767223
64.86061691382766,0.7147533848122913,0.06816000640046356,0.0930980677773811,0.11091133961635144,0.013077201393512638
65.04488003006011,0.716507838343219,0.06592695867160397,0.09201637660889664,0.11296203800619069,0.012586788370089915
65.22914314629259,0.7185512647070718,0.06350365925026923,0.09077623053484438,0.11515153712923734,0.012017308378577413
65.41340626252504,0.7207772093079231,0.061025419346995555,0.08940754912403093,0.11738218737936287,0.01140763484168754
65.59766937875752,0.7230817705985819,0.058633206971013735,0.08794683488043542,0.1195402097291347,0.010797977820834375
65.78193249498997,0.725373888073698,0.05645986444012126,0.08643268992811191,0.12150836447916497,0.01022519307890366
65.96619561122245,0.7275830833427037,0.05461757441021541,0.08490053289336631,0.12317981288291764,0.009718996470796918
66.1504587274549,0.7296642245264895,0.05318770314387087,0.0833774244441089,0.12447123483719956,0.009299413048331116
66.33472184368736,0.7315994261251554,0.05221387913665485,0.081878049410158,0.1253330966022659,0.00897554872576589
66.51898495991983,0.7333975450324934,0.051698817645549795,0.08040273713852585,0.12575530612911923,0.008745594054311823
66.70324807615229,0.7350917967103746,0.051605022290917915,0.07893798320312528,0.12576730828410815,0.0085978895114738
66.88751119238476,0.7367359057893954,0.05185914284966809,0.07745936253806583,0.12543274398672527,0.008512844836145447
67.07177430861722,0.7383989957420853,0.05235947182193198,0.0759362140735355,0.12483981154735704,0.008465506815090252
67.2560374248497,0.7401593286274633,0.05298584122828265,0.07433713566256601,0.12408914898062472,0.008428545501063532
67.44030054108215,0.742097070838218,0.05361103015007475,0.07263525872032162,0.1232812558929058,0.008375384398479697
67.62456365731462,0.7442864715144629,0.05411270091702554,0.07081245180900747,0.12250521392823828,0.008283161831265838
67.80882677354708,0.7467881237780039,0.054384841139197934,0.06886192878569887,0.12182991152178364,0.008135194775315508
67.99308988977955,0.7496421968523923,0.054347692812179646,0.06678911182600836,0.12129835094560015,0.007922647563819309
68.17735300601201,0.7528636032015164,0.053955207779712216,0.06461090117797028,0.12092510153065014,0.0076451863101508755
68.36161612224448,0.7564399329907685,0.05319919431031897,0.06235368574392642,0.12069664812961618,0.007310538825369992
68.54587923847694,0.7603326699047456,0.05210954392733361,0.060050485661719416,0.12057425634342628,0.0069330441627752344
68.73014235470941,0.7644817346399295,0.05075027241658164,0.05773759765533924,0.12049895267506851,0.006531442613081054
68.91440547094187,0.7688128895724993,0.04921157631265129,0.055451064760721765,0.12039820254504044,0.006126266809087482
69.09866858717434,0.773247050041823,0.04759865571327984,0.05322326386590302,0.12019379199021704,0.005737238388777312
69.2829317034068,0.7777101882791768,0.046018600933704815,0.05107990476931114,0.11981026996936787,0.005381036048439418
69.46719481963927,0.7821423699315406,0.04456706667776108,0.049037748163032975,0.11918313448392583,0.005069680743739423
69.65145793587173,0.786504564241906,0.04331663132965798,0.047103337921862345,0.11826583042271507,0.0048096360838584635
69.8357210521042,0.7907822270309077,0.04230856358343401,0.04527295557795212,0.11703466210358521,0.004601591704120864
70.01998416833666,0.7949851897428886,0.04154918894080459,0.043533842589437884,0.11549095343623852,0.004440825290630188
70.20424728456913,0.7991439953093986,0.041011260053561274,0.04186652420881603,0.11366018630620256,0.004318034122021608
70.3885104008016,0.8033033794295601,0.04063987263634866,0.040247870578613815,0.11158832197509583,0.0042205553803817695
70.57277351703407,0.8075140036680473,0.04036173491388047,0.038654411968256724,0.10933594053417944,0.00413390891563584
70.75703663326652,0.8118237491033029,0.04009615363913998,0.037065418855071704,0.10697111879093008,0.004043559611555539
70.941299749499,0.8162698718679005,0.039766013009989845,0.03546534746261504,0.10456205453619057,0.003936713123303979
71.12556286573145,0.8208730933830696,0.039307258774988404,0.033845409934548064,0.10217034538925848,0.003803892518135339
71.30982598196393,0.8256343202874413,0.03867585404901268,0.032204187708084954,0.09984560307630214,0.003640034879159055
71.49408909819638,0.8305342365554409,0.03785170344478719,0.030547337241372062,0.09762180661448157,0.003444916143918223
71.67835221442886,0.8355355668765501,0.03683952625615341,0.028886523937583498,0.09551554100653059,0.0032228419231826086
71.86261533066131,0.840587450736503,0.035667018798847455,0.027237767360170386,0.0935260683482298,0.002981694756249229
72.04687844689379,0.8456311336970396,0.03438086070856215,0.025619410122998065,0.0916370428693561,0.0027315526020441315
72.23114156312624,0.8506061049432874,0.033041207190450714,0.0240499399009725,0.0898195913973096,0.002483156567980039
72.41540467935872,0.8554558822443067,0.03171530349975991,0.022545905012938905,0.08803640765267488,0.0022465015903195716
72.59966779559117,0.8601328431143069,0.03047080022903219,0.02112015889706874,0.08624643966405547,0.0020297580955368597
72.78393091182365,0.8646017687994234,0.02936927284567177,0.019780637702117933,0.08440968923946904,0.0018386314133178611
72.9681940280561,0.8688420243501964,0.0284603829731574,0.018529818015817476,0.08249161478839125,0.0016761598724375887
73.15245714428858,0.8728484817028953,0.027777074220008132,0.017364909871439908,0.08046666366731885,0.0015428705383378947
73.33672026052103,0.876631355568813,0.027332163650629657,0.016278734660128535,0.07832057303681211,0.0014371730836168707
73.5209833767535,0.8802150921053451,0.02711665507987716,0.015261128865205099,0.07605125881808934,0.0013558651314835803
73.70524649298596,0.8836363721239981,0.02710003111533008,0.01430063003228587,0.07366832135368406,0.001294645374701695
73.88950960921844,0.8869412219645437,0.027232653561639977,0.013386162261812374,0.07119138594896236,0.0012485762630415863
74.0737727254509,0.8901812346164895,0.027450207512329367,0.012508452426798326,0.06864762134780852,0.0012124840965745895
74.25803584168337,0.8934090064895762,0.027679878367324485,0.01166097812327028,0.0660688203989536,0.00118131662087522
74.44229895791582,0.8966730791412854,0.027847693471659676,0.010840353178281959,0.06348839238711887,0.0011504818216539377
74.6265620741483,0.9000128719124931,0.027886240082553408,0.010046175440993114,0.06093853777860071,0.001116174785359861
74.81082519038075,0.9034542457066044,0.027741841735035334,0.00928045381786825,0.058447791997909566,0.0010756667425823245
74.99508830661323,0.9070063728130926,0.027380271053169432,0.008546788960079186,0.056039060532474184,0.0010275066411847384
75.17935142284568,0.9106604860942298,0.02679021641057149,0.007849484429550838,0.05372823146779423,0.0009715815978540121
75.36361453907816,0.9143908350098351,0.025983993582510974,0.0071927324627534305,0.05152343318225214,0.0009090057626485003
75.54787765531061,0.9181578370210421,0.024995367980657542,0.00657996449371536,0.04942498633475874,0.0008418441698263021
75.73214077154307,0.9219130441452793,0.023874772249339666,0.006013403628173477,0.04742606363782614,0.0007727163393813168
75.91640388777554,0.9256052186974295,0.022682597016225516,0.005493818050279825,0.045514011484513506,0.0007043547515517181
76.100667004008,0.929186602944486,0.021481529987764644,0.00502045476685791,0.04367221062577404,0.0006392016751173022
76.28493012024047,0.9326184247117458,0.020329060664797793,0.004591128697929709,0.041882275318659914,0.0005791106068666358
76.46919323647293,0.9358748232268684,0.01927121864095372,0.004202441344203189,0.040126332332309965,0.000525184455664752
76.6534563527054,0.9389446701549629,0.018338375044840115,0.003850102901118483,0.03838910252048217,0.00047774937859665004
76.83771946893786,0.9418311486320194,0.017543551820122797,0.0035293235699413554,0.03665953580275112,0.0004364401751654648
77.02198258517033,0.9445493445563671,0.016883235647867076,0.003235232240122973,0.034931822334659676,0.0004003652209831218
77.20624570140279,0.9471224247412265,0.01634027926017133,0.002963274892579019,0.03320570243265409,0.00036831867336898754
77.39050881763526,0.9495771600494114,0.015888178529619816,0.0027095463017330766,0.031486103800591,0.0003390113186445412
77.57477193386772,0.9519395782783695,0.015495891093753522,0.00247101808476959,0.029782224236762227,0.00031128830634501213
77.7590350501002,0.9542314095123255,0.015132414422615661,0.0022456417651242505,0.02810623425446663,0.00028430004546793614
77.94329816633265,0.9564677565263031,0.014770531195218838,0.0020323225958969824,0.026471791485418273,0.00025759819716317234
78.12756128256513,0.9586561191259982,0.014389395550942576,0.0018307872501859257,0.024892552002317478,0.00023114607055593723
78.31182439879758,0.9607966910483255,0.013975888240655203,0.001641359606184853,0.02338081266067863,0.0002052484441558387
78.49608751503006,0.9628835834020819,0.013524885353234213,0.0014647005789170512,0.021946403484326804,0.00018042718144013067
78.68035063126251,0.9649065923702977,0.013038690818715743,0.0013015455261292126,0.02059589507726213,0.00015727620759533733
78.86461374749499,0.9668531162685794,0.012525908911865332,0.001152478634944268,0.019332164471710416,0.00013633171290053923
79.04887686372744,0.9687099285172325,0.011999983993007064,0.0010177698783655417,0.018154334844915996,0.00011798276647902112
79.23313997995992,0.970464641435334,0.011477556255337973,0.0008972894431693097,0.017058081309128118,0.00010243155703044451
79.41740309619237,0.9721068433173321,0.010976704024527174,0.000790495527813411,0.016036260017375722,8.969711295125845e-05
79.60166621242485,0.9736289744467035,0.010515105092757502,0.0006964839475334636,0.015079788612918702,7.964790008670461e-05
79.7859293286573,0.975027040253099,0.010108157566686536,0.0006140800733734736,0.014178676024755366,7.204608208574668e-05
79.97019244488978,0.9763012204534104,0.009767153122585524,0.0005419527977935173,0.013323083356868314,6.659026934221494e-05
80.15445556112223,0.977456360748028,0.009497666310200412,0.00047873012684818427,0.01250429354088903,6.294927403427171e-05
80.3387186773547,0.9785022429144181,0.0092983862561665,0.000423102032325466,0.011715486069053713,6.078272803623151e-05
80.52298179358716,0.9794534825680477,0.00916063200367395,0.0003738986505998925,0.01095223899593322,5.974778174532281e-05
80.70724490981964,0.9803289025431435,0.009068745597700786,0.0003301375924672816,0.01021271821198822,5.949605470006935e-05
80.8915080260521,0.981150295203328,0.009001442436838154,0.0002910390617478065,0.009497553019955864,5.9670278130107544e-05
81.07577114228457,0.9819406059027475,0.00893403776115509,0.00025601252072235056,0.008809433658355226,5.9910157019710996e-05
81.26003425851702,0.9827217123650309,0.008841296136654424,0.00022462292780691184,0.008152496552593435,5.987201791431879e-05
81.4442973747495,0.9835120993800182,0.008700509344687964,0.00019654675304482257,0.007531583441912933,5.926108033615756e-05
81.62856049098195,0.9843247956693406,0.008494335582288275,0.00017152856022885989,0.006951471637748996,5.7868550393167636e-05
81.81282360721443,0.9851659388207494,0.008212946220883704,0.00014934556457201734,0.0064161681387995715,5.560125499542546e-05
81.99708672344688,0.9860342433875355,0.007855133197017706,0.00012978419147957726,0.005928347237829776,5.249198613724001e-05
82.18134983967936,0.9869214866555228,0.0074282087598685756,0.00011262920487578681,0.0054889894934721075,4.868588626078126e-05
82.36561295591181,0.9878139531044334,0.00694673470451003,9.766119681898526e-05,0.005097245582689233,4.44054115483291e-05
82.54987607214429,0.9886945796823756,0.0064303292137007735,8.465995646647578e-05,0.0047505265038689185,3.990464358835093e-05
82.73413918837674,0.9895454324636955,0.005900943673235151,7.340945339516546e-05,0.004444789075324113,3.54253343503025e-05
82.91840230460922,0.9903500908375178,0.005380074302053717,6.370233003283255e-05,0.004174967352063191,3.116517833213071e-05
83.10266542084167,0.9910955573409568,0.0048863503412234855,5.5343009442192466e-05,0.003935487059135692,2.726224924192325e-05
83.28692853707415,0.9917734270492111,0.0044338346703096014,4.814956772638984e-05,0.003720795342251509,2.379337050135481e-05
83.4711916533066,0.9923802118838434,0.00403121008390021,4.1954939969614065e-05,0.0035258416641053524,2.078142818165016e-05
83.65545476953908,0.9929168839862879,0.0036818435987906557,3.660799180948172e-05,0.0033464567920489115,1.8207631062972254e-05
83.83971788577153,0.9933878435099037,0.003384562406447904,3.1974700729496816e-05,0.003179593810512891,1.6025572406029886e-05
84.023981002004,0.9937995987654517,0.0031348709565475396,2.7939360155128625e-05,0.003023415385967766,1.417553187772475e-05
84.20824411823646,0.9941594578110032,0.0029263063728647,2.4405513119865405e-05,0.0028772320629077653,1.2598240104288011e-05
84.39250723446894,0.9944744766725173,0.002751666710275457,2.1296245332657558e-05,0.0027413141198532895,1.1246252021245897e-05
84.5767703507014,0.9947508086601082,0.002603935189666634,1.855350601362003e-05,0.0026166123652989113,1.0090278912537192e-05
84.76103346693387,0.9949934808508235,0.0024768342263523408,1.613625624074691e-05,0.002504430201169905,9.118465413476724e-06
84.94529658316632,0.9952065166711705,0.002365045280566539,1.4017457794875855e-05,0.0024060905322334167,8.330058234628306e-06
85.12955969939878,0.9953932559436055,0.0022641997897413922,1.2180155358760787e-05,0.0023226373584090774,7.726752885220158e-06
85.31382281563126,0.9955567072378242,0.002170770202021075,1.0613137657535254e-05,0.002254604178550809,7.305243946572705e-06
85.49808593186371,0.9956997988588268,0.0020819700471950506,9.30680546120689e-06,0.0022018707864123526,7.053502104539391e-06
85.68234904809619,0.9958254595308816,0.0019957214676904803,8.249866032474744e-06,0.0021636178113687886,6.951324026669632e-06
85.86661216432864,0.9959365347507165,0.0019106884988847812,7.4273234170818816e-06,0.002138375805508084,6.973621473691807e-06
86.05087528056112,0.996035606418386,0.0018263255424279944,6.819943833088316e-06,0.0021241543178181772,7.093777534850219e-06
86.23513839679357,0.9961248132576266,0.0017428683648132027,6.405043244907086e-06,0.002118627744950895,7.285589364197826e-06
86.41940151302605,0.996205762657513,0.001661205251250139,6.158162023582008e-06,0.002119349887141501,7.52404207186826e-06
86.6036646292585,0.9962795871302479,0.0015826036166172643,6.055029226450751e-06,0.0021239683877664873,7.785836142090828e-06
86.78792774549098,0.9963471438224227,0.0015083190757625286,6.073236809045669e-06,0.0021304132278922774,8.050637113359798e-06
86.97219086172343,0.9964093024441081,0.0014391621790793934,6.1932070905576835e-06,0.0021370392389328204,8.302930789028033e-06
87.1564539779559,0.996467231839585,0.0013751265859206902,6.398292191614656e-06,0.0021427100256013855,8.533256701226223e-06
87.34071709418836,0.9965225886212581,0.0013151812893519045,6.674106245311169e-06,0.002146818699058999,8.737284085555421e-06
87.52498021042084,0.9965775022464686,0.0012573088727355682,7.007645948483986e-06,0.0021492680840981635,8.913150749059483e-06
87.7092433266533,0.9966345202983667,0.0011987360212565277,7.3850338432891005e-06,0.0021503031583935805,9.055488139722103e-06
87.89350644288577,0.9966960631824064,0.0011364841325194359,7.79212933881945e-06,0.002150503903062559,9.156652672777679e-06
88.07776955911822,0.9967641106982839,0.0010679051696040709,8.213171212832825e-06,0.0021505659785839965,9.204982315421015e-06
88.2620326753507,0.9968397488078247,0.0009912500292628347,8.63139884199318e-06,0.0021511812010803527,9.18856299031811e-06
88.44629579158315,0.996922851226367,0.0009060806160441417,9.030408979694278e-06,0.0021529373640686977,9.100384540074446e-06
88.63055890781563,0.9970121191305745,0.0008133948190111904,9.394307997266726e-06,0.002156151881088425,8.939861328746774e-06
88.81482202404808,0.9971050702027313,0.0007155583669494526,9.711186497758404e-06,0.002160942834049282,8.717409772077855e-06
88.99908514028056,0.9971985314314836,0.0006158998953527524,9.973072287114497e-06,0.0021671451194768946,8.45048139945872e-06
89.18334825651301,0.997289113407378,0.000518185234627266,1.0176888575280756e-05,0.0021743637647562296,8.160704663078102e-06
89.36761137274549,0.9973737316886954,0.00042603602753006067,1.0324360286139957e-05,0.002182037765025416,7.870158463132775e-06
89.55187448897794,0.9974500355870627,0.0003424221897654775,1.0421227852890012e-05,0.002189522638426233,7.598356892557986e-06
89.73613760521042,0.9975166619509752,0.0002693229358695674,1.0475962182287354e-05,0.002196178846267317,7.3603047058200915e-06
89.92040072144287,0.9975732778721895,0.00020760461421293042,1.0498260995019364e-05,0.0022014537653379075,7.165487264929055e-06
90.10466383767535,0.9976204279702763,0.00015710979396299813,1.0497611734038294e-05,0.002204947088430547,7.01753559607025e-06
90.2889269539078,0.9976592451553661,0.00011690511877370458,1.0482156071325689e-05,0.0022064529059072783,6.9146638813238146e-06
90.47319007014028,0.9976911086046022,8.560671971906959e-05,1.0458005969359876e-05,0.0022059756420036375,6.851027705551953e-06
90.65745318637273,0.9977173343425456,6.169706826600376e-05,1.0429067855203394e-05,0.0022037208025530827,6.818718779755304e-06
90.8417163026052,0.997738963459914,4.376481891138174e-05,1.0397345469673938e-05,0.0022000645929155177,6.809782789197393e-06
91.02597941883766,0.9977566781564859,3.063216576502202e-05,1.0363616479482265e-05,0.002195508550460327,6.817510809200979e-06
91.21024253507014,0.9977708370557858,2.137170658171618e-05,1.0328323187245705e-05,0.0021906263200147554,6.836594430366007e-06
91.3945056513026,0.9977815898860046,1.5245724167951198e-05,1.0292491032335102e-05,0.0021860096796342513,6.862219160828704e-06
91.57876876753507,0.9977890153920048,1.1617060456645504e-05,1.0258494678856333e-05,0.0021822201335423173,6.88891931711179e-06
91.76303188376752,0.9977932287956293,9.879345201009667e-06,1.023052715929414e-05,0.002179751075623984,6.9102563863434165e-06
91.947295,0.9977944237843193,9.437787116456428e-06,1.021468310949953e-05,0.002179003908112288,6.9198373422883075e-06
