tg,2-0,5-0,2-1,5-1,other
0.0,1.0,0.0,0.0,0.0,0.0
0.1842631162324649,0.9999999895423695,1.801164724233825e-09,8.647096862085759e-09,2.9716674669338558e-18,9.369045062493355e-12
0.3685262324649298,0.999999849268695,2.631081963449747e-08,1.2439176263836334e-07,5.974296270912554e-16,2.8722171594899125e-11
0.5527893486973947,0.9999992279386578,1.3464792079753825e-07,6.373618416899681e-07,1.568374823205806e-14,5.156399729295366e-11
0.7370524649298597,0.999997473872522,4.397399150967376e-07,2.0863059273150677e-06,1.6983863064312042e-13,8.146589581268455e-11
0.9213155811623246,0.9999935774801477,1.1190755742791828e-06,5.303320091341138e-06,1.1196809332082478e-12,1.230669152292027e-10
1.1055786973947894,0.9999861555544226,2.4266239745798115e-06,1.1417625840718883e-05,5.351932095729447e-12,1.9041014922748862e-10
1.2898418136272545,0.9999735123377489,4.699778341337365e-06,2.1787487110553777e-05,2.0342831064129846e-11,3.7645624790333833e-10
1.4741049298597193,0.9999537911149792,8.35791091444356e-06,3.7850013923428184e-05,6.493883611593167e-11,8.952441582529642e-10
1.6583680460921841,0.9999251992299959,1.3890905775751574e-05,6.0907583662368224e-05,1.8032540378583058e-10,2.1002407827277827e-09
1.8426311623246492,0.9998862591954045,2.1838557274302825e-05,9.189731024432005e-05,4.4631272335180197e-10,4.490763969873154e-09
2.0268942785571142,0.9998360195872769,3.2764472669915896e-05,0.00013120629893616416,1.0024131166706606e-09,8.638703838842046e-09
2.211157394789579,0.9997741593229714,4.7230474103861435e-05,0.00017859306736548282,2.0719398925676095e-09,1.5063619063660068e-08
2.395420511022044,0.9997009402922956,6.577884856747831e-05,0.00023325276073206595,3.987152961640966e-09,2.411125166197917e-08
2.579683627254509,0.9996170013391774,8.892977631541667e-05,0.00029402579166680747,7.2155402404103535e-09,3.587730029261499e-08
2.7639467434869736,0.9995230341593542,0.00011719892875664905,0.0003597042969445664,1.239206811781706e-08,5.022287623971699e-08
2.9482098597194386,0.9994194154556237,0.00015113803338492055,0.0004293592007970256,2.0369320905386398e-08,6.694087369387594e-08
3.1324729759519037,0.9993058966250518,0.0001913951737898675,0.0005025897485331874,3.230402016769216e-08,8.614860505771089e-08
3.3167360921843683,0.999181442243205,0.00023878765767772748,0.0005796117731888738,4.980235179723056e-08,1.0852357646393518e-07
3.5009992084168333,0.9990442771524765,0.00029437552491239267,0.0006611368514288267,7.514447546733065e-08,1.3532670688792227e-07
3.6852623246492984,0.9988921493951362,0.00035952091215773845,0.0007480497200294026,1.1159932511569482e-07,1.6837335164318345e-07
3.869525440881763,0.9987227580931177,0.0004359179938457541,0.0008409501056922408,1.6382280307660132e-07,2.099845412286009e-07
4.0537885571142285,0.998534247447274,0.000525580574531601,0.000939670943693968,2.3830608251881874e-07,2.627284181185958e-07
4.238051673346693,0.9983256418212876,0.0006307804607270773,0.0010429051991833933,3.438092006724933e-07,3.287096014292319e-07
4.422314789579158,0.9980971143833256,0.000753933462823672,0.0011480515240563532,4.916717369929518e-07,4.089580574365843e-07
4.606577905811623,0.997849994028362,0.0008974486655419669,0.0012513585412501544,6.958869255833712e-07,5.028779202834168e-07
4.790841022044088,0.997586507948116,0.001063553650650689,0.001348357771040391,9.72805027731509e-07,6.078251652043146e-07
4.975104138276553,0.9973092965321402,0.001254124535721292,0.0014345195600762599,1.3403977185962154e-06,7.189743439146514e-07
5.159367254509018,0.997020797515824,0.0014705507035988475,0.00150600474452164,1.817118137435939e-06,8.299179181870053e-07
5.343630370741482,0.9967226199120517,0.0017136642363035103,0.0015603611961660505,2.4205565801158815e-06,9.340988988919413e-07
5.527893486973947,0.9964150209812628,0.0019837585184959007,0.0015970277481926105,3.166261371846143e-06,1.0264906769747688e-06
5.712156603206412,0.996096562348723,0.0022807098148034293,0.0016175554394055728,4.067217027696802e-06,1.105180040058107e-06
5.896419719438877,0.9957639680119342,0.0026042011015012323,0.0016255240717802165,5.134478521272801e-06,1.17233626301987e-06
6.080682835671342,0.9954121549620394,0.0029540305326741095,0.0016262010880319013,6.379293532287839e-06,1.2341237224059582e-06
6.264945951903807,0.9950343719716198,0.003330470518503331,0.0016260407392063847,7.816748387274767e-06,1.3000222830739808e-06
6.449209068136272,0.9946223775081354,0.0037346296077402693,0.0016321401726380816,9.47056589483107e-06,1.382145591296335e-06
6.6334721843687365,0.9941666133868439,0.00416876135682678,0.0016517518131349217,1.1378293644809821e-05,1.4951495499425193e-06
6.817735300601202,0.9936563789843331,0.0046364636908034764,0.0016919049151128934,1.3595858814852634e-05,1.6565509356790944e-06
7.001998416833667,0.9930800622833571,0.005142720024896703,0.001759129727377161,1.6200365912312993e-05,1.887598456719163e-06
7.186261533066132,0.9924255190044193,0.005693749877882392,0.0018592263513349063,1.9290134229213455e-05,2.2146321343589173e-06
7.370524649298597,0.9916806919527265,0.006296661070801076,0.001996996360150951,2.2981263654431775e-05,2.669352667011093e-06
7.554787765531062,0.9908345191695792,0.006958924029514523,0.002175869266794515,2.740041335835899e-05,3.287120753434088e-06
7.739050881763526,0.9898780965620935,0.0076877190891350014,0.0023974074233758243,3.267401991124511e-05,4.102905484322853e-06
7.923313997995991,0.9888059584080074,0.008489233823210545,0.002660747190243826,3.8914835330682304e-05,5.145743207625297e-06
8.107577114228457,0.9876172481393849,0.00936800506100447,0.0029621076784944102,4.6207405871448267e-05,6.431715245097729e-06
8.29184023046092,0.9863164975870218,0.0103264064819451,0.0032945447140527596,5.4594893608540144e-05,7.956323371878575e-06
8.476103346693385,0.9849137415464371,0.01136437419211755,0.003648125308624473,6.407029358992729e-05,9.688659231094807e-06
8.66036646292585,0.9834237778391884,0.012479439322799523,0.004010637918228095,7.457522534752905e-05,1.1569694436480264e-05
8.844629579158315,0.9818645290934741,0.013667101178089083,0.0043688440784691125,8.600897464468559e-05,1.3516675323076674e-05
9.02889269539078,0.9802546436815591,0.014921531309808165,0.004710141554819629,9.824912992266533e-05,1.543432389042917e-05
9.213155811623245,0.9786106509427661,0.016236551767097818,0.005024381904641011,0.00011118298547953118,1.7232400015424834e-05
9.39741892785571,0.9769441161632828,0.017606787865917524,0.005305502788612671,0.00012474666112376553,1.8846521063073723e-05
9.581682044088176,0.9752592930501642,0.019028859512575724,0.005552623531283126,0.00013896671818884368,2.025718778801137e-05
9.76594516032064,0.9735517235460659,0.020502452949025158,0.0057703228821775554,0.00015399783463426273,2.1502788097145352e-05
9.950208276553106,0.9718080927205135,0.022031112204400523,0.005967961916525531,0.00017015017352850655,2.2682985031777703e-05
10.13447139278557,0.9700074389756811,0.02362260546682972,0.0061581035588075235,0.00018790087113098084,2.3951127550538997e-05
10.318734509018036,0.9681235778298204,0.025288764246815542,0.006354274383576037,0.00020788615721909273,2.549738256877576e-05
10.5029976252505,0.9661283853240903,0.027044750312376145,0.006568465856824331,0.00023087250890420152,2.7525997804709732e-05
10.687260741482964,0.9639954313141491,0.028907784253128375,0.006808846556065207,0.0002577075017347567,3.023037492254376e-05
10.87152385771543,0.961703404558355,0.030895447201339438,0.0070781290010155755,0.0002892526720315147,3.376656725853592e-05
11.055786973947894,0.9592388155190666,0.03302374332260036,0.0073729105879592905,0.0003263025863498616,3.8227984023622174e-05
11.24005009018036,0.9565976035797417,0.03530516302219615,0.0076841125463590785,0.00036949624983019253,4.362460187267652e-05
11.424313206412824,0.953785468468247,0.03774701026531492,0.007998421172162373,0.00041922965445137923,4.987043982434087e-05
11.60857632264529,0.9508169451074158,0.04035024659003482,0.00830044407572507,0.0004755816392496622,5.678258757465924e-05
11.792839438877754,0.9477134128984652,0.04310905078830302,0.008575173911719578,0.0005382676046913827,6.409479682060254e-05
11.97710255511022,0.9445003314719282,0.04601121382491496,0.008810330076684426,0.0006066371794376966,7.14874470343627e-05
12.161365671342685,0.9412040372397925,0.049039382303593414,0.008998220773689832,0.0006797296145276843,7.8630068396701e-05
12.34562878757515,0.9378484159990579,0.05217305239079753,0.00913690775941501,0.0007563941276508151,8.522972307855955e-05
12.529891903807615,0.934451713951445,0.05539111579284797,0.009230620250194551,0.0008354725226500074,9.107748286258779e-05
12.71415502004008,0.9310237086038226,0.05867467281425342,0.009289504356328665,0.0009160271839889331,9.608704160640443e-05
12.898418136272545,0.9275634353972327,0.062009779769649546,0.009328877105540048,0.0009975852546414382,0.00010032247293647985
13.082681252505008,0.9240576826869485,0.06538977940251103,0.009368162354613135,0.001080360259233928,0.00010401529669350477
13.266944368737473,0.9204804978923395,0.06881688733123491,0.009429632460809892,0.0011654090101751698,0.00010757330544067164
13.451207484969938,0.9167939637304011,0.07230277398164103,0.009536994933248284,0.00125468721291798,0.0001115801417914781
13.635470601202403,0.9129504690729697,0.07586798377657979,0.009713787506091585,0.0013509790951096382,0.00011678054924893513
13.819733717434868,0.9088965823483302,0.07954016366767454,0.009981515640976747,0.0014576932485183174,0.00012404509450019877
14.003996833667333,0.9045784265828873,0.08335122417987062,0.010357507170447432,0.0015785360317786456,0.00013430603501577248
14.188259949899798,0.8999481629973499,0.08733371505923476,0.010852570181344442,0.0017170922158208897,0.00014845954624973962
14.372523066132263,0.894970892459957,0.0915168237346084,0.011468692014648106,0.0018763561348393814,0.00016723565594719238
14.556786182364728,0.889631014215563,0.09592250178250639,0.012197164322735092,0.002058269256657437,0.0001910504225379782
14.741049298597193,0.8839369846727704,0.10056222872534562,0.013017598543941172,0.0022633238314725456,0.0002198642264704626
14.925312414829659,0.8779234700182711,0.10543488596939257,0.013898270490351371,0.002490298215916835,0.00025307530606779487
15.109575531062124,0.871650201672772,0.11052606255306788,0.014798074041528353,0.0027361812123263525,0.0002894805203054884
15.293838647294589,0.8651972868611496,0.11580894942658408,0.015670100800866952,0.0029963322173227605,0.0003273306940764238
15.478101763527052,0.8586573036728585,0.12124676461532102,0.016466539929362946,0.003264897322749002,0.0003644944597086501
15.662364879759517,0.8521250534647726,0.1267964680175243,0.017144288606278153,0.003535469451999748,0.00039872045942478384
15.846627995991982,0.8456862850653182,0.13241336238753174,0.017670450281411808,0.0038019365345844176,0.0004279657311539366
16.03089111222445,0.8394069371005305,0.13805607103304351,0.01802683380501982,0.004059421174926583,0.00045073688647971334
16.215154228456914,0.8333244214935577,0.14369133763343434,0.01821267499927562,0.004305186554529862,0.0004663793192025757
16.39941734468938,0.8274422306682019,0.1492980810798982,0.018245063626870617,0.004539368536975215,0.00047525608805411485
16.58368046092184,0.8217286864745197,0.15487019388002904,0.018156928643239083,0.00476541045476907,0.00047878054744309855
16.767943577154306,0.8161200965011467,0.16041765834656707,0.01799284011458114,0.004990106197780566,0.00047929883992471395
16.95220669338677,0.810527964335149,0.16596571997671508,0.017803257146135176,0.005223211512305579,0.00047984702969545366
17.136469809619236,0.80484937674173,0.17155205360779435,0.0176381098838516,0.005476635173744247,0.0004838245928799187
17.3207329258517,0.7989792450567805,0.17722213543722473,0.017540705331128954,0.005763281305447612,0.0004946328694184749
17.504996042084166,0.7928228902079314,0.18302328628779074,0.01754285864281908,0.006095650991639662,0.0005153138698193876
17.68925915831663,0.7863074295853529,0.18899811027391486,0.017661900209260544,0.006484345648690024,0.0005482142827818097
17.873522274549096,0.7793906496733048,0.19517819087938076,0.017899840933738167,0.006936624380833964,0.0005946941327422687
18.05778539078156,0.7720663672703745,0.20157895746978113,0.018244587349129128,0.007455185238707261,0.0006549026720080245
18.242048507014026,0.7643657965625976,0.20819646756228877,0.018672764972688077,0.008037324354242125,0.000727646548183348
18.42631162324649,0.7563548503206371,0.21500662179172575,0.019153518738459257,0.008674629984443998,0.000810379164734088
18.610574739478956,0.7481277856932582,0.22196692620580738,0.019652629546476053,0.00935332016242604,0.0008993383920322335
18.79483785571142,0.7397978627448506,0.229020582489429,0.020136410964821355,0.010055296255129789,0.0009898475457694976
18.979100971943886,0.7314859619760428,0.23610232733691286,0.02057505550131832,0.01075988456909227,0.0010767706166337422
19.16336408817635,0.7233081944673294,0.24314525716817037,0.020945314693278275,0.011446146843044076,0.0011550868281780813
19.347627204408816,0.7153636076466935,0.2500877926033066,0.021232542986357447,0.012095527575274085,0.0012205291883684492
19.53189032064128,0.7077231407781828,0.25687996924353773,0.021432171412221247,0.012694506237322588,0.0012702123287357525
19.716153436873746,0.7004209705654314,0.26348837892092997,0.021550606865267115,0.013236879266867016,0.0013031643815045407
19.90041655310621,0.6934493701199205,0.26989923732788196,0.02160541803261382,0.01372529166913819,0.0013206828504453373
20.084679669338676,0.6867580423984212,0.27611924537538984,0.021624546625990823,0.014171718540911628,0.0013264470592867692
20.26894278557114,0.6802585820877155,0.28217410289362377,0.021644247237520477,0.014596725201596744,0.0013263425795434327
20.453205901803607,0.6738342249088647,0.2881047356958059,0.021705562153492685,0.015027494037419825,0.0013279832044171993
20.63746901803607,0.6673543159887039,0.29396154870365476,0.021849389426769613,0.015494794224776627,0.0013399516560949148
20.821732134268537,0.6606921106812333,0.2997972815348108,0.022110562691452368,0.0160292254623325,0.00137081963017118
21.005995250501,0.6537437398481343,0.30565929854220464,0.022511739586520568,0.016657184393082402,0.0014280376300581737
21.190258366733467,0.646445616199629,0.31158232882633,0.023058172670393194,0.0173970641700686,0.0015168181335792807
21.37452148296593,0.6387874872421047,0.3175826844684243,0.023734491959758665,0.01825617687949486,0.0016391594502174955
21.558784599198393,0.6308187294155274,0.3236548472230262,0.024504402635346888,0.019228853407483832,0.0017931673186154533
21.74304771543086,0.6226465414577126,0.32977091898543764,0.025313705334601748,0.020296020806197093,0.0019728134160510525
21.927310831663323,0.6144259112779116,0.33588300933528753,0.026096401221689842,0.021426438879462363,0.002168239285648996
22.11157394789579,0.6063426797846276,0.341928124895602,0.026783004789436553,0.02257954599668371,0.0023666445336503693
22.295837064128254,0.5985920709942039,0.34783480010024764,0.027309732192411288,0.023709689867320298,0.0025537068458167645
22.48010018036072,0.5913557421625786,0.3535305139099597,0.027627070530680444,0.024771297509813515,0.002715375886967553
22.664363296593184,0.5847804349693836,0.3589489682190385,0.027706396014252968,0.025724407281174522,0.002839793516150268
22.84862641282565,0.5789609614805226,0.3640364216657903,0.02754372847313459,0.026539857476471838,0.0029190309040808514
23.032889529058114,0.5739294175261667,0.3687565022595978,0.02716026678142426,0.027203464755032738,0.0029503486777785613
23.21715264529058,0.5696516873273529,0.3730930718058035,0.02659989146292808,0.027718590922009595,0.00293675848190593
23.401415761523044,0.5660313687021088,0.3770508754604982,0.025924246592686044,0.02810669539974685,0.0028868138449600587
23.58567887775551,0.562920532485804,0.3806538245632657,0.02520625961289953,0.02840568542255984,0.0028136979154709018
23.769941993987974,0.5601360554239099,0.38394095136463324,0.024523021440890223,0.028666180098080973,0.002733791672485516
23.95420511022044,0.5574798590495851,0.3869603098398867,0.02394885283146214,0.02894602585143793,0.0026649524276283307
24.138468226452904,0.5547610192887451,0.38976144088277165,0.023549179734923754,0.029303647027089923,0.0026247130664696673
24.32273134268537,0.551817503987153,0.392387373262872,0.023375595414826394,0.029790969631764797,0.0026285577033838088
24.506994458917834,0.5485352844073378,0.3948673797922013,0.02346225941297784,0.03044670909813081,0.002688367289352114
24.6912575751503,0.5448626546304284,0.3972117612396263,0.023823629413984273,0.03129084741577467,0.002811107300186211
24.875520691382764,0.5408180628226905,0.39940965087839864,0.024453463219522284,0.03232099522082596,0.002997827858562534
25.05978380761523,0.5364903621040993,0.40143030245204514,0.02532506177055341,0.033511200487932546,0.003243073185369531
25.244046923847694,0.5320312778557196,0.4032276114779476,0.02639280220351533,0.03481348876354409,0.003534819699273468
25.42831004008016,0.5276407091607845,0.40474697621487654,0.027595069736680522,0.03616216496454127,0.003855079923117108
25.612573156312624,0.5235464241528078,0.4059331466400423,0.028858676969720363,0.03748048954176596,0.004181262695663424
25.79683627254509,0.5199802388063609,0.40673765310730126,0.03010473308572551,0.03868907383284928,0.0044883011677632305
25.98109938877755,0.5171532188820771,0.40712465457612795,0.03125570392929198,0.03971500151777539,0.004751421094727298
26.165362505010016,0.5152325018904248,0.4070745560697191,0.032243133290608204,0.04050054675949711,0.0049492619897505445
26.34962562124248,0.5143222298695723,0.4065852824592855,0.03301523521046644,0.04101034727195681,0.005066905188718904
26.533888737474946,0.514450776332954,0.4056715049838565,0.033543381653932114,0.041236046202415264,0.005098290826842241
26.71815185370741,0.5155659740983988,0.40436229636886345,0.03382645754988176,0.04119773070697624,0.0050475412758798546
26.902414969939876,0.5175393779079365,0.40269766108034355,0.03389218827905113,0.0409418946228637,0.004928878109804902
27.08667808617234,0.520179701644629,0.4007242485479139,0.03379487477494646,0.040536099282326474,0.0047650757501840595
27.270941202404806,0.523254461012576,0.39849044473451806,0.033609477401735026,0.04006094590771436,0.0045846709434563095
27.45520431863727,0.5265176173080853,0.39604106299768194,0.03342261470094918,0.039600329819649685,0.004418375173633907
27.639467434869736,0.529739858512672,0.3934120373052747,0.03332167307380388,0.039231194565850454,0.004295236542399005
27.8237305511022,0.5327373452619162,0.3906257802808441,0.0333837029784422,0.03901408447051619,0.004239087008281499
28.007993667334667,0.5353946061817992,0.387688043964586,0.033665929928875446,0.03898570191176014,0.004265718012979347
28.19225678356713,0.5376779917218404,0.38458706190408376,0.03419943560934519,0.0391544283698199,0.004381082394910668
28.376519899799597,0.5396376477267317,0.38129540605179735,0.03498689880219799,0.03949938425534743,0.004580663163925639
28.56078301603206,0.5413979929579404,0.3777744346479865,0.0360044091568322,0.03997315199313502,0.004850011244105884
28.745046132264527,0.5431387204819207,0.37398061513582537,0.03720654745283074,0.040507773510174504,0.005166343419248515
28.929309248496992,0.5450696960897508,0.3698726098239629,0.03853341402565942,0.04102325386952662,0.005501026191100466
29.113572364729457,0.5474037431658627,0.3654179098205238,0.03991821279215953,0.04143743055681698,0.0058227036646371945
29.297835480961922,0.5503309156343132,0.3605980385198463,0.04129432192454211,0.04167594458841266,0.006100779332885695
29.482098597194387,0.5539969298160778,0.35541177526506146,0.04260132962450074,0.04168106295212585,0.006308902342234095
29.666361713426852,0.5584872972760142,0.34987630307636036,0.04379003481549321,0.041418302183422115,0.006428062648710296
29.850624829659317,0.5638177562391414,0.3440265011479813,0.044826701202119026,0.04088013717953759,0.006448904231220418
30.034887945891782,0.5699310301010758,0.33791272445469556,0.045696819993474816,0.04008646562087667,0.00637295982987683
30.219151062124247,0.576699758368582,0.3315973747836777,0.04640831916177494,0.039081898873278675,0.006212648812686555
30.403414178356712,0.583935484295168,0.32515047870030667,0.04699370007827412,0.03793029101836439,0.005990045907887007
30.587677294589177,0.5914035943757955,0.31864445518793494,0.04751017039195816,0.036707191869315925,0.005734588174995243
30.77194041082164,0.5988438594396772,0.31214834930936325,0.048036682006728094,0.035491110688750147,0.005479998555481117
30.956203527054104,0.6059955896394655,0.3057220296909024,0.04866704045689342,0.034354575854459383,0.005260764358279324
31.14046664328657,0.6126254379114545,0.29941110070769766,0.04949895963524635,0.03335599500139198,0.005108506744209434
31.324729759519034,0.6185548179352431,0.29324341693353345,0.050619979925371775,0.03253323038833253,0.005048554817519043
31.5089928757515,0.6236830700524962,0.2872279843622879,0.05209226667544831,0.03189966008336678,0.005097018826400602
31.693255991983964,0.628002483008871,0.2813566192583942,0.053939091304833334,0.03144319704709245,0.0052586093808088905
31.87751910821643,0.631602028086508,0.275608140825588,0.056135939174632096,0.031128442900161563,0.005525449013110198
32.0617822244489,0.6346583972578088,0.26995424795780487,0.05860852179732737,0.03090173139420588,0.005877101592853249
32.24604534068136,0.6374150975754724,0.2643658433453755,0.06123863164268463,0.030698425132200093,0.006282002304267553
32.43030845691383,0.640152438522224,0.25881856093251154,0.06387714368068272,0.0304514886486109,0.006700368215970943
32.61457157314629,0.6431526754305427,0.25329664076252795,0.06636203644941437,0.030100155289371447,0.007088492068143601
32.79883468937876,0.6466650732946355,0.2477949132014251,0.0685384638674405,0.029597501887802358,0.007404047748696428
32.98309780561122,0.6508752676627473,0.24231925194351167,0.07027781708508665,0.0289159439765925,0.007611719332061709
33.16736092184368,0.6558823127719284,0.2368861921754823,0.07149324853401066,0.02805002479738704,0.00768822172119178
33.351624038076146,0.661685501332176,0.23152239172900113,0.07215001608068125,0.027016338375727426,0.007625752482414015
33.53588715430861,0.6681818165216321,0.22626427440703573,0.07226992954742319,0.025850822241293724,0.007433157282615163
33.720150270541076,0.675173765505531,0.22115773100894442,0.07192990970905686,0.024604012166563244,0.007134581609904626
33.90441338677354,0.68238650171081,0.21625735835872287,0.07125512358479258,0.023335052484554995,0.006765963861119628
34.088676503006006,0.6894924868357545,0.21162458120227862,0.07040741158871822,0.02210532819700757,0.006370192176241177
34.27293961923847,0.6961414171132164,0.20732420291020506,0.06956992660545268,0.020972533730002314,0.0059919196411234565
34.457202735470936,0.7019926978226215,0.20341941182046527,0.06892916699409844,0.01998581630969464,0.00567290705312007
34.6414658517034,0.7067474651256154,0.19996584393331546,0.06865588965035312,0.019182377568026023,0.00544842372269
34.825728967935866,0.7101770761983003,0.1970057651300196,0.06888667993508224,0.018585642148875096,0.005344836587723075
35.00999208416833,0.7121452242285227,0.1945636047012342,0.06970812418349748,0.018204863570851396,0.005378183315894403
35.1942552004008,0.7126214045786989,0.19264386943327164,0.07114548842234139,0.018035874367009937,0.005553363198677932
35.37851831663326,0.7116842521635287,0.19123196360780476,0.07315749032977387,0.018062642052340566,0.005863651846552197
35.56278143286573,0.709514255324463,0.1902977702395205,0.07563814666158311,0.018259338883902503,0.006290488890531083
35.74704454909819,0.7063763735882834,0.18980123682854594,0.07842585000569306,0.018592744714873315,0.006803794862604236
35.93130766533066,0.7025941179196777,0.18969880515656143,0.08131889616388979,0.01902489389864099,0.007363286861230283
36.11557078156312,0.6985175094007334,0.18994945723441975,0.08409583582453024,0.019515935695680567,0.007921261844635902
36.29983389779559,0.694487982806621,0.19051939246544242,0.0865384080635126,0.020027172293194402,0.008427044371229524
36.48409701402805,0.6908036340712987,0.19138481469856355,0.08845453585038969,0.020524179098481067,0.00883283628126685
36.66836013026052,0.6876881870665844,0.1925328603795711,0.08969891247992474,0.02097985064013321,0.009100189433786394
36.85262324649298,0.6852668114584346,0.19396113244476676,0.0901889977754616,0.021377138625047587,0.009205919696289654
37.03688636272545,0.6835514276179222,0.1956765268601898,0.0899146538475843,0.021711213628044214,0.009146178046259482
37.22114947895791,0.6824375013478994,0.19769395027015796,0.08894009867937765,0.02199076933267851,0.008937680369886321
37.40541259519038,0.6817133323170812,0.200035231379154,0.08739742540899004,0.02223825136335804,0.008615759531416573
37.58967571142284,0.6810816995856155,0.2027280992291429,0.08547172655761608,0.022488837649140208,0.00822963697848528
37.77393882765531,0.6801922548706663,0.205804773456581,0.08337896631906831,0.02278810358514375,0.007835901768540574
37.95820194388777,0.6786813932650114,0.20929961929402968,0.08133906334516455,0.023188458973813837,0.0074914651219802
38.14246506012024,0.6762149495330648,0.21324550793805844,0.07954787181158643,0.023744554024501797,0.007247116692788373
38.3267281763527,0.6725279664325281,0.21766903770062718,0.07815248855742948,0.02450805104568012,0.007142456263734941
38.51099129258517,0.667456027729118,0.22258529167579125,0.07723408249067874,0.025522136939826797,0.007202461164585427
38.69525440881763,0.6609535201134662,0.22799330840738607,0.07680115586195459,0.02681634486640737,0.007435670750786016
38.8795175250501,0.6530966241930259,0.23387346930054229,0.07679397853737377,0.028402170922306104,0.00783375704675192
39.06378064128256,0.6440713861574726,0.24018768539399776,0.0770985936984755,0.030270034219239905,0.00837230053081393
39.24804375751503,0.6341496715550724,0.2468825687508787,0.07756697705520871,0.03238807243344592,0.009012710205394396
39.43230687374749,0.6236573351687715,0.25389497745856426,0.07803918215051649,0.03470316914080273,0.009705336081344891
39.61656998997996,0.6129393661650021,0.26115868959404326,0.0783637184160394,0.03714442559666647,0.010393800228248996
39.80083310621242,0.602326168390069,0.2686107107643892,0.07841365600809594,0.039629043749684276,0.011020421087761325
39.98509622244489,0.5921040170079892,0.2761959208496334,0.07809748778089691,0.042070233560743416,0.011532340800737225
40.16935933867735,0.5824913927000647,0.2838693449792748,0.07736504772214835,0.0443864862079014,0.011887728390611037
40.35362245490982,0.5736220089256115,0.29159606937630833,0.076209436648004,0.04651124777931605,0.012061237270760087
40.53788557114228,0.5655349247236136,0.29934945572042215,0.0746658876036961,0.048401851562393385,0.012047880389875004
40.72214868737475,0.5581722169882811,0.30710866561891315,0.07280803374835212,0.05004646241817169,0.0118646212262821
40.90641180360721,0.5513848876679937,0.31485647320827465,0.07074149152795202,0.051467846054019634,0.011549301541760093
41.09067491983968,0.54494785264653,0.322577969903361,0.06859434964945106,0.05272293132856141,0.011156896472096677
41.27493803607214,0.5385843371046309,0.33026020705469195,0.06650429426673958,0.05389761555451433,0.01075354601942315
41.45920115230461,0.5319988838010019,0.33789233405630537,0.06460278609248765,0.055096898843426056,0.010409097206778945
41.64346426853707,0.5249164010533138,0.34546557111817106,0.06299780364336485,0.05643122587883187,0.010188998306318494
41.82772738476954,0.5171220713543383,0.3529727211527501,0.06175784090487684,0.058000943161210336,0.010146423426824433
42.011990501002,0.5084965862396553,0.3604069203885775,0.06090041045472214,0.05988072858511706,0.010315354331927764
42.19625361723447,0.49903918906129835,0.36776031349870264,0.060388089470296356,0.06210687548357173,0.010705532486130914
42.38051673346693,0.48887390683558124,0.37502308675809337,0.060133680167513984,0.06466934997520553,0.011299976263605746
42.56477984969939,0.47823703595248,0.382183227043686,0.06001397118372542,0.06751010113737196,0.012055664682736817
42.74904296593186,0.4674482278283667,0.38922689666193067,0.05988944960617628,0.07052786993299731,0.012907555970529196
42.93330608216432,0.4568704974104606,0.3961388745341592,0.059625911163967545,0.07358897294041988,0.013775743950992904
43.11756919839679,0.4468664945643272,0.4029023929639316,0.059113738783787326,0.07654241433984674,0.014574959348106955
43.30183231462925,0.43775785731906736,0.4094979838971347,0.058281603103303554,0.0792373265365092,0.01522522914398499
43.48609543086172,0.4297927716707969,0.4159014911748164,0.05710304886308517,0.08154052385757732,0.01566216443372447
43.67035854709418,0.42312439090265463,0.42208193961213814,0.055596182056894726,0.08335219541643143,0.015845292011880955
43.85462166332665,0.4178006786883303,0.42800021458917636,0.05381796489493551,0.08461803179772036,0.01576311002983725
44.03888477955911,0.4137646999320502,0.43360934370976695,0.05185519909824851,0.0853365722042733,0.01543418505566119
44.22314789579158,0.4108638860279102,0.4388566904242274,0.04981420760702114,0.08556087136220442,0.014904344578636696
44.40741101202404,0.40886681488291826,0.44368769476197467,0.04781069582288606,0.08539406212756792,0.01424073240465317
44.59167412825651,0.40748646031015684,0.4480502614387841,0.04596056438773124,0.08497883988095166,0.013523873982375999
44.77593724448897,0.40640883399308375,0.4518986147436703,0.04437181421510936,0.08448171166239626,0.012839025385740206
44.96020036072144,0.40532585954018174,0.45519580232143003,0.04313732686453536,0.08407333640835736,0.01226767486549567
45.1444634769539,0.40397017534322005,0.45791457973775773,0.042328243077766996,0.08390720806272815,0.011879793778527305
45.32872659318637,0.4021484039799962,0.46003715151257546,0.04198791677550199,0.08409939025191601,0.011727137480010492
45.51298970941883,0.3997684369190613,0.4615547266480187,0.04212686719536266,0.08471215084486391,0.011837818392693268
45.6972528256513,0.3968559720779792,0.4624677690322905,0.042719603114274744,0.08574411604735901,0.012212539728096458
45.88151594188376,0.3935567091541498,0.46278729251705364,0.04370440455808927,0.08712859991696609,0.012822993853741194
46.06577905811623,0.3901227488042871,0.4625366502546911,0.04498693218526181,0.08874064865752906,0.013613020098230923
46.25004217434869,0.3868846951353773,0.46175258744400965,0.046447898844925166,0.0904118795600005,0.014502939015687602
46.43430529058116,0.3842134822879446,0.4604841576834687,0.04795418935157593,0.0919510100330957,0.015397160643915116
46.61856840681362,0.3824774817851184,0.45878866271646507,0.049372066379351306,0.09316713934476155,0.016194649774303873
46.80283152304609,0.382000639829042,0.45672484124908874,0.05058071335008518,0.0938925944392616,0.01680121113252264
46.98709463927855,0.3830265345280694,0.4543446674408007,0.05148441307955294,0.0940024573930749,0.017141927558501854
47.17135775551102,0.38569185978327325,0.4516858395068184,0.052022044363790196,0.093428590831123,0.01717166551499511
47.35562087174348,0.390011435289787,0.4487670427344244,0.052173104375656906,0.09216681285900288,0.016881604741128875
47.53988398797595,0.3958756786464095,0.4455873228548316,0.05195991963200736,0.09027669871975176,0.016300380146999655
47.72414710420841,0.40306053568511857,0.44212965180777225,0.05144599662213682,0.08787423387077428,0.015489582014198137
47.90841022044088,0.41124914480905994,0.4383675182484318,0.05073063357027004,0.08511811960185389,0.014534583770384257
48.09267333667334,0.4200634646406177,0.43427244793895475,0.049940095158076195,0.08219133146735347,0.013532660794997934
48.27693645290581,0.4291031870796121,0.42982033609880455,0.04921596737614889,0.07927993427021776,0.012580575175216864
48.46119956913827,0.4379879595467334,0.42499508930567415,0.04870168199979692,0.07655170825425443,0.011763560893541296
48.64546268537074,0.4463978476031992,0.4197891944269946,0.04852853700631552,0.07413738333804,0.011147037625450537
48.8297258016032,0.4541067708941562,0.4142020406692519,0.04880269256971005,0.07211691866085707,0.010771577206024504
49.01398891783567,0.4610036742331916,0.4082378046234012,0.049594538793786135,0.07051289882729275,0.010651083522328448
49.19825203406813,0.46710265374259746,0.4019027081245788,0.05093122444652941,0.0692900970422763,0.010773316644018033
49.3825151503006,0.4725316560941551,0.39520671719389927,0.052793476360843215,0.0683651278834504,0.011103022467652088
49.56677826653306,0.47751519349834665,0.3881640410177043,0.055116105020722735,0.06761887572376069,0.011585784739465263
49.75104138276553,0.48234452481322543,0.38079569402738506,0.05779263301718765,0.06691390159454252,0.012153246547659428
49.93530449899799,0.4873434198024932,0.37313131274024824,0.06068349573876351,0.06611255523137924,0.012729216487115913
50.11956761523046,0.4928325192285775,0.36520962643862126,0.06362738571209645,0.06509376254455335,0.013236706076151522
50.303830731462924,0.49909578569068525,0.35707721309283014,0.06645510711093816,0.06376630446559393,0.013605589639952575
50.48809384769539,0.5063503926635314,0.3487861313865825,0.06900513659158264,0.0620779005981224,0.013780438760180983
50.672356963927854,0.5147228564171933,0.34039109299439185,0.07113977444572495,0.060018969540178595,0.013727306602511353
50.85662008016032,0.5242326218631397,0.33194711322739096,0.07276046996521754,0.057621457087901354,0.013438337856350518
51.040883196392784,0.5347850864965543,0.3235081515289125,0.07382052388373753,0.05495316248563281,0.012933075605162695
51.22514631262525,0.5461756252397425,0.31512671728334696,0.07433311690892805,0.052108549800351706,0.012255990767631031
51.409409428857714,0.5581058194226028,0.30685395238209284,0.07437267554092362,0.04919711751629202,0.01147043513808861
51.59367254509018,0.5702116839224503,0.2987394654664752,0.07406814096780759,0.046330692254764896,0.010650017388502407
51.777935661322644,0.5821019128446604,0.29083030966176554,0.0735878550910691,0.04361104412121351,0.009868878281291191
51.9621987775551,0.5934019000244188,0.28316889962912334,0.07311742446541007,0.0411192860448931,0.00919248983615453
52.14646189378757,0.6037974985880347,0.27579020284380124,0.07283371502423885,0.03890827227477753,0.008670311269147716
52.33072501002003,0.6130714849679288,0.2687189584931029,0.07287944887249886,0.03699892914359052,0.008331178522878737
52.5149881262525,0.6211258904569787,0.2619681343119227,0.07334323767376906,0.03538100381510893,0.008181733742220481
52.69925124248496,0.6279904809212561,0.2555371480348151,0.07424816369961938,0.034016861376685026,0.008207345967624239
52.88351435871743,0.6338069145630097,0.24941518508493307,0.07555200755281204,0.032850181409180515,0.008375711390064471
53.06777747494989,0.6388053633059712,0.2435824053882175,0.07715633659485412,0.03181453843951165,0.008641356271445359
53.25204059118236,0.6432687865343464,0.2380136440703879,0.07892316859320557,0.030843163286536204,0.008951237515524185
53.43630370741482,0.6474950510577269,0.23268203292317663,0.08069490694875456,0.029877390051600283,0.009250619018741687
53.62056682364729,0.6517614710462878,0.2275625750460344,0.08231413731597234,0.028872966761643824,0.009488849830061753
53.80482993987975,0.6562953845851462,0.2226355635925243,0.08364080825298124,0.02780367829178758,0.009624565277560664
53.98909305611222,0.6612524804273375,0.21788982221307343,0.08456561888589299,0.02666227937962432,0.009629799094072121
54.17335617234468,0.6667033262081281,0.21332562044357856,0.08501947098853332,0.02545907233375852,0.009492510026001315
54.35761928857715,0.6726277113858885,0.2089569380541526,0.08497932188142744,0.024218776401250842,0.009217252277280636
54.54188240480961,0.6789163406270879,0.20481258142917083,0.08447069198188804,0.0229764006223476,0.008823985339505678
54.72614552104208,0.685379614089372,0.20093566043493433,0.08356667144644916,0.021772782009655614,0.008345272019588993
54.91040863727454,0.6917633985681699,0.1973811299397393,0.08238283259515629,0.02065033691402908,0.007822301982905514
55.09467175350701,0.6977716198139713,0.19421142706176958,0.08106730899436158,0.01964936701429494,0.00730027711560248
55.27893486973947,0.7030948293516803,0.1914906398727227,0.0797857009462558,0.018805109197652665,0.00682372063168831
55.46319798597194,0.707442893195326,0.1892779770142507,0.07870144786151506,0.01814552823691279,0.006432153691995156
55.6474611022044,0.7105786015856853,0.18762152191511808,0.07795367699468757,0.017689758060529387,0.006156441443979797
55.83172421843687,0.7123479060020712,0.18655324361973105,0.07763582418586548,0.017447061082311963,0.006015965110020088
56.01598733466933,0.7127020219211394,0.18608602078030442,0.07777901946711746,0.017416227146646597,0.006016710684791715
56.2002504509018,0.7117072553862276,0.18621303873913891,0.0783439066413042,0.01758541768122592,0.0061503815521032415
56.38451356713426,0.7095401337581103,0.1869094555533756,0.07922315017878792,0.017932548983903604,0.0063947115258224
56.56877668336673,0.7064679517127812,0.1881358111349368,0.08025470592346906,0.01842634846076172,0.006715182768051203
56.75303979959919,0.7028174981756551,0.1898423947008215,0.08124365110753233,0.01902818692936891,0.00706826908662219
56.93730291583166,0.6989367329454415,0.19197376713972472,0.08198868775689416,0.01969470535047935,0.007406106807460213
57.12156603206412,0.695155085523542,0.19447283015112898,0.08230878960647142,0.020381116987208344,0.007682177731649482
57.30582914829659,0.6917477263493329,0.19728417819421384,0.08206591082289537,0.021044942420194626,0.007857242213363414
57.49009226452905,0.6889079602810542,0.20035679635318052,0.08118087687586469,0.02164984272447071,0.007904523765429846
57.67435538076152,0.6867302329842421,0.2036463677049848,0.07964107488174059,0.022169163805210678,0.007813160623822138
57.858618496993984,0.6852045768213471,0.20711744932432272,0.07749992225508644,0.022588805049595803,0.0075892465496483225
58.04288161322645,0.684221954828131,0.2107455863830144,0.07486909033740602,0.022909055034772884,0.00725431341667566
58.227144729458914,0.6835890179511754,0.21451913419835006,0.07190504238179757,0.023145111736582503,0.006841693732094598
58.41140784569138,0.6830502428754505,0.2184402802317673,0.06879171027323112,0.02332612284553786,0.006391643774013401
58.595670961923844,0.682315144977839,0.22252464447747863,0.06572124315801744,0.023492714970705316,0.005946252415959541
58.77993407815631,0.6810881377344511,0.22679896705800975,0.06287478499718119,0.02369313944266343,0.005544970767694309
58.964197194388774,0.6790985392168873,0.23129676571961533,0.06040515671343529,0.023978316730340933,0.00522122161972129
59.14846031062124,0.6761282293584829,0.23605235949745487,0.05842307412380227,0.02439619672984778,0.005000140290412301
59.332723426853704,0.672034517764343,0.24109416818561027,0.05698810836768016,0.02498598554992572,0.004897220132440946
59.51698654308617,0.666766052189806,0.2464385066645967,0.05610504915832833,0.025772837641953535,0.0049175543453155585
59.701249659318634,0.6603700190695773,0.2520850998230624,0.05572574246932182,0.026763646842861824,0.005055491795176716
59.8855127755511,0.6529896053963249,0.25801518538557233,0.055755934111857454,0.02794453211459925,0.005294742991646072
60.069775891783564,0.6448517222018818,0.26419244330277525,0.05606620762820024,0.029280476681219792,0.005609150185922987
60.25403900801603,0.6362460791769602,0.2705663233019797,0.056505798828733286,0.030717397746384094,0.0059644009459428144
60.438302124248494,0.6274977645640569,0.27707682882657475,0.05691789734615794,0.032186639463841316,0.00632086979936911
60.62256524048096,0.6189362289545829,0.28365965217619304,0.057155002786235996,0.033611566272770406,0.0066375498102174664
60.806828356713424,0.6108639521456228,0.2902507454755091,0.0570929697941219,0.03491560685022921,0.006876725734516964
60.99109147294589,0.6035279966562516,0.2967898784413211,0.05664251989827007,0.03603085400049272,0.007008751003664648
61.175354589178355,0.5970973208009804,0.30322323738600215,0.05575720485185291,0.0369061375158872,0.007016099445277202
61.35961770541081,0.5916481108213696,0.3095054692791207,0.054437054372082114,0.03751349639234911,0.006895869135078366
61.54388082164328,0.5871587144321458,0.3156016002832295,0.05272743825607103,0.037852082133633405,0.006660164894920368
61.72814393787574,0.5835149078719442,0.3214889821846803,0.05071305374649628,0.037948816359662546,0.006334239837216743
61.91240705410821,0.5805252577640214,0.3271589778629083,0.04850745645213607,0.037855538565670144,0.0059527693552642
62.09667017034067,0.57794523317093,0.33261771628691744,0.046239185753751806,0.03764286323541152,0.005555001552989167
62.28093328657314,0.5755075588551216,0.3378851261290792,0.04403617968896008,0.0373914740692661,0.00517966125757301
62.4651964028056,0.5729552414391015,0.34299170782233024,0.04201065335469461,0.037181996871643565,0.004860400512230142
62.64945951903807,0.5700730196244919,0.3479730751019692,0.04024673025619199,0.03708483375546644,0.0046223412618808
62.83372263527053,0.5667129678782005,0.3528629908183828,0.03879272861087979,0.037151347250184506,0.004479965442352443
63.017985751503,0.5628107454277329,0.3576861764933207,0.03765913641550897,0.03740756629718517,0.004436375366252112
63.20224886773546,0.558390561574891,0.36245233750711886,0.03682215159304009,0.03785116383893345,0.004483785486016668
63.38651198396793,0.5535587958101724,0.36715260734872596,0.036231557960826534,0.038452007589738456,0.004605031290536452
63.57077510020039,0.5484880482595385,0.3717590176864383,0.03582097713982265,0.039156102859186304,0.004775854055014515
63.75503821643286,0.543394673464088,0.3762269098134633,0.03551837397786401,0.03989232541432875,0.004967717330256158
63.93930133266532,0.5385132912822821,0.3804996472795439,0.035255080630794064,0.04058106872038593,0.0051509120869939395
64.1235644488978,0.5340715266733673,0.38451469374055636,0.034972347054494916,0.04114374394190683,0.005297688589674787
64.30782756513025,0.5302674744711341,0.38821011899908164,0.03462524240483261,0.04151203048524354,0.005385133639707954
64.49209068136273,0.5272515354613438,0.3915307663582509,0.034184365577580846,0.04163582699121277,0.00539750561161174
64.67635379759518,0.5251135430239453,0.39443355341344294,0.03363612115974133,0.04148901284568819,0.005327769557182566
64.86061691382766,0.5238756867350797,0.39689153542442634,0.03298225149183695,0.041072383115344044,0.0051781432333131115
65.04488003006011,0.523491564818606,0.39889642126785724,0.03223898985970432,0.0404134306164966,0.00495959343733587
65.22914314629259,0.5238516098267842,0.4004592386169701,0.03143578842299706,0.03956300495991457,0.004690358173334005
65.41340626252504,0.5247949306315002,0.40160888643821524,0.030613252616207294,0.03858924412093339,0.0043936861931438585
65.59766937875752,0.5261271397474857,0.4023884728004177,0.02981981365592955,0.037569493810061055,0.004095079986106273
65.78193249498997,0.5276429509723886,0.40284963877053714,0.029106844543702576,0.036581196419605645,0.0038193692937658515
65.96619561122245,0.5291513787665801,0.40304547240844846,0.028522350389873587,0.035692855938159254,0.0035879424969383874
66.1504587274549,0.530500456697416,0.40302301234656984,0.02810391608361282,0.034956184257309286,0.003416430615092025
66.33472184368736,0.5315979070597463,0.40281656138223876,0.027872077159798433,0.034400375587011894,0.00331307881120473
66.51898495991983,0.5324243725248996,0.40244297767307546,0.027825496645012878,0.03402917881107827,0.003277974345934006
66.70324807615229,0.5330367988471272,0.40189975292849833,0.027939157550223172,0.03382108358997355,0.0033032070841780125
66.88751119238476,0.5335611516729236,0.4011661221866208,0.02816623554359742,0.03373254885395626,0.0033739417429017944
67.07177430861722,0.5341754894063925,0.4002068489860408,0.028443546236264314,0.03370382730839941,0.003470288062903076
67.2560374248497,0.5350860270726113,0.39897787951024616,0.028699697204657492,0.033666626836275776,0.0035697693762093124
67.44030054108215,0.5364998981240285,0.397432856375146,0.028864533160090345,0.03355261161338492,0.0036501007273501713
67.62456365731462,0.5385984920888246,0.39552957433919567,0.028878277148019812,0.03330171604950673,0.003691940374453145
67.80882677354708,0.5415149912242416,0.3932356489971009,0.028698946144997954,0.03286918138701386,0.0036812322466455724
67.99308988977955,0.5453186530484742,0.39053297294349076,0.028307065003737038,0.03223051065449753,0.003610798349800498
68.17735300601201,0.5500073188950905,0.38742069427126624,0.027707265829593437,0.03138378094240897,0.0034809400616410296
68.36161612224448,0.5555085035223623,0.3839165137783666,0.02692689512360243,0.03034911454008776,0.003298973035581265
68.54587923847694,0.5616883638382477,0.3800561149553806,0.026012164418818075,0.029165526857776077,0.0030778299297775135
68.73014235470941,0.5683671414761009,0.3758905563253377,0.025022621928291553,0.027885656250825855,0.0028340240194439765
68.91440547094187,0.5753390687713157,0.3714816189436711,0.024024790630146637,0.026569166659098233,0.0025853549957684367
69.09866858717434,0.5823944100384287,0.36689538741342387,0.023085743543120592,0.02527572309483905,0.0023487359101877934
69.2829317034068,0.5893412031295059,0.36219472462808544,0.022267216568210943,0.02405842816030515,0.002138427513892477
69.46719481963927,0.5960243760076833,0.3574316626926961,0.021620650780061628,0.02295847657883544,0.001964833940723522
69.65145793587173,0.6023402568789409,0.35264093226934323,0.021183358804259513,0.022001560058307536,0.0018338919891485962
69.8357210521042,0.6082450670431967,0.34783578403323,0.020975865157967313,0.02119629125970071,0.0017469925059052493
70.01998416833666,0.6137567238462804,0.3430068996913995,0.021000407218941794,0.02053464436290962,0.0017013248804684242
70.20424728456913,0.6189499865243402,0.33812466422504506,0.021240600016880083,0.01999422058598999,0.0016905286477443807
70.3885104008016,0.62394582768277,0.3331443979809829,0.021662321598450718,0.019541905018133035,0.0017055477196631739
70.57277351703407,0.6288963076115854,0.32801370204215546,0.022215922100364,0.019138447049140212,0.0017356211967548764
70.75703663326652,0.6339666894493781,0.3226807286905758,0.022839833761886124,0.018743391137304024,0.001769356960856026
70.941299749499,0.6393166927163176,0.31710214575608175,0.023465541428398944,0.0183197867637352,0.0017958333354661327
71.12556286573145,0.6450827391498652,0.3112497552337315,0.02402367028770081,0.01783817473721538,0.0018056605914868176
71.30982598196393,0.6513629564816006,0.30511501002236424,0.024450698136017766,0.017279427753386326,0.0017919076066313226
71.49408909819638,0.6582064190531545,0.29871103999057463,0.024695566165391834,0.016636197180510653,0.0017507776103684947
71.67835221442886,0.6656077937561136,0.2920720917936562,0.024725312573133262,0.01591287762211726,0.0016819242549797131
71.86261533066131,0.673508055338589,0.28525055606477795,0.02452884786321935,0.015124199899627393,0.0015883408337863298
72.04687844689379,0.6818013450507092,0.27831195318252355,0.024118161834157215,0.014292720909671678,0.0014758190229384191
72.23114156312624,0.6903473138107152,0.2713284337295096,0.02352659369372642,0.013445603701100177,0.0013520550649486088
72.41540467935872,0.6989876099681134,0.2643714707648598,0.022804254186073514,0.012611121828063773,0.001225543252889318
72.59966779559117,0.707564460409109,0.25750456983659537,0.022011189904947867,0.011815339163651581,0.0011044406856961604
72.78393091182365,0.7159389066995993,0.25077686243235836,0.021209311654562482,0.01107934032418618,0.0009955788892937318
72.9681940280561,0.7240061835783711,0.24421840681803655,0.020454367573013894,0.010417286035924313,0.0009037559946543691
73.15245714428858,0.7317061209350632,0.23783782328798897,0.019789246400454923,0.009835427775094233,0.0008313816013990633
73.33672026052103,0.7390271584510258,0.2316226153037021,0.019239634228603288,0.009332113609109153,0.0007784784075593017
73.5209833767535,0.746003625655057,0.22554212408483856,0.018812569260615267,0.008898695322242857,0.000742985677246499
73.70524649298596,0.752707034133786,0.2195526695052241,0.01849786381957506,0.008521157610815415,0.0007212749305993798
73.88950960921844,0.7592330223918238,0.213604128433773,0.018271836989328116,0.008182231624566947,0.0007087805605082596
74.0737727254509,0.7656861622119092,0.20764702457609072,0.01810244682899727,0.007863713711533627,0.0007006526714694921
74.25803584168337,0.772164942756961,0.20163920269472607,0.01795479777894176,0.007548702599352238,0.000692354170019066
74.44229895791582,0.7787489634777285,0.19555128568023591,0.017796119393581746,0.007223486558226716,0.0006801448902272504
74.6265620741483,0.78548976106312,0.18937035064028546,0.017599600370670255,0.0068788730452923105,0.0006614148806319749
74.81082519038075,0.7924059993893913,0.1831015123631641,0.01734681124814243,0.006510829733551635,0.0006348472657505257
74.99508830661323,0.799483051757454,0.17676736431635462,0.017028762655612158,0.006120413965118001,0.0006004073054606947
75.17935142284568,0.8066764635326427,0.17040543947745518,0.01664585113397513,0.0057130678300180765,0.0005591780259088606
75.36361453907816,0.8139184225641948,0.16406404015034617,0.016207015372156512,0.0052974398688236096,0.0005130820444785693
75.54787765531061,0.8211262020463955,0.1577969312160898,0.015728380760126455,0.004883946897253462,0.0004645390801346298
75.73214077154307,0.8282115259828933,0.15165750287891372,0.015231558479477858,0.004483298622161296,0.00041611403655398595
75.91640388777554,0.835089892697275,0.1456930718770675,0.014741649503231181,0.004105182560372614,0.00037020336205383753
76.100667004008,0.8416890191134858,0.13993999407020746,0.014284940376451599,0.0037572541474950164,0.00032879229236022984
76.28493012024047,0.8479557340081877,0.1344201695053583,0.01388629319134,0.003444505372244212,0.0002932979228699837
76.46919323647293,0.853860781319534,0.12913936842181784,0.01356632700424984,0.003169026297512462,0.0002644969568857919
76.6534563527054,0.8594011681835284,0.12408755744254363,0.013338626905776875,0.0029301190755274967,0.0002425283926235293
76.83771946893786,0.8645998683565415,0.11924113353922829,0.013207351322798723,0.002724693786867066,0.00022695299456467684
77.02198258517033,0.8695028934912884,0.11456671310114634,0.013165680376158263,0.0025478609760363202,0.0002168520553705375
77.20624570140279,0.8741739881781742,0.11002591062380351,0.013195516521203876,0.002393632522972834,0.00021095215384566034
77.39050881763526,0.8786874400064821,0.10558044389740634,0.013268699370746994,0.002255649155214311,0.0002077675701503865
77.57477193386772,0.8831197488802772,0.1011968886007383,0.01334975105889603,0.0021278595256888286,0.00020575193439946414
77.7590350501002,0.8875410741614562,0.09685050743312974,0.013399880997795583,0.0020050876763156936,0.0002034497313030922
77.94329816633265,0.8920074533250959,0.09252775102866383,0.013381716537354366,0.0018834403725328868,0.00019963873635303324
78.12756128256513,0.8965547526619233,0.08822722455865813,0.013264051049901686,0.0017605234497838937,0.00019344827973302833
78.31182439879758,0.9011951142442074,0.08395912839820845,0.013025860238587638,0.0016354603626079047,0.0001844367563883387
78.49608751503006,0.9059163623108167,0.0797433535458936,0.012658941106890264,0.001508729629585726,0.00017261340681380566
78.68035063126251,0.9106844201274328,0.07560655809244957,0.012168760960959063,0.0013818621691606967,0.0001583986499976384
78.86461374749499,0.9154483754356282,0.07157862931437475,0.011573414477681985,0.001257052441826668,0.0001425283304884705
79.04887686372744,0.9201474306483346,0.06768898788295383,0.01090091653754872,0.0011367469994440248,0.00012591793171874295
79.23313997995992,0.9247187299545576,0.06396316056646878,0.010185331245595326,0.0010232658744913426,0.00010951235888685355
79.41740309619237,0.9291049321798893,0.06042000660446019,0.009462409766882078,0.0009185016838872057,9.41497648810784e-05
79.60166621242485,0.9332604897865542,0.05706988320654602,0.008765443010249127,0.0008237225971386439,8.04613995122829e-05
79.7859293286573,0.9371558472457897,0.053913913554954083,0.008121932779221163,0.0007394859053632593,6.8820514671765e-05
79.97019244488978,0.9407791504043094,0.05094438055139628,0.007551474838676364,0.0006656531489756372,5.934105664215464e-05
80.15445556112223,0.9441354843264846,0.04814612949237817,0.007064982398314112,0.0006014869108937304,5.1916871929179813e-05
80.3387186773547,0.9472440467034897,0.04549874389747147,0.006665121612489819,0.0005458038572174789,4.628392933162761e-05
80.52298179358716,0.9501339463412575,0.04297917040124275,0.006347637385331574,0.0004971569734693072,4.208889869897739e-05
80.70724490981964,0.9528394285260863,0.04056444029725049,0.006103157182166162,0.0004540222469972202,3.895174749978435e-05
80.8915080260521,0.955395300417936,0.03823414282987748,0.005919075526383437,0.00041496730360981467,3.6513922193216174e-05
81.07577114228457,0.9578331516796135,0.0359723697003905,0.005781224801191137,0.0003787845213391274,3.446929746608635e-05
81.26003425851702,0.9601787201511283,0.03376894012551265,0.005675183909140693,0.0003445767082341695,3.257910598397046e-05
81.4442973747495,0.9624504905305993,0.03161982399886503,0.00558721882148874,0.00031179026475644544,3.067638429045985e-05
81.62856049098195,0.9646594075548285,0.029526784371549,0.00550494683671369,0.0002801980917097248,2.8663145199306944e-05
81.81282360721443,0.9668094502696567,0.027496355445603155,0.005417849999263863,0.0002498419123039049,2.6502373172195217e-05
81.99708672344688,0.9688987739153461,0.02553833861784731,0.005317732200054832,0.00022094851362768156,2.4206753124222113e-05
82.18134983967936,0.9709211572801898,0.02366403912043713,0.005199141381391815,0.00019383680241236254,2.1825415569084212e-05
82.36561295591181,0.972867560918011,0.021884480478061023,0.0050596970964382655,0.00016883158826178147,1.9429919227734783e-05
82.54987607214429,0.974727686585944,0.020208811968248495,0.004900205471577163,0.00014619564039524324,1.710033383531693e-05
82.73413918837674,0.9764914760306531,0.018643087592939575,0.004724436700705756,0.00012608658254620108,1.491309315548102e-05
82.91840230460922,0.9781505086944375,0.017189532675539118,0.004538487755445216,0.0001085391976533898,1.2931676924750132e-05
83.10266542084167,0.9796992377952786,0.015846346816553263,0.004349745719702709,9.346957484285048e-05,1.1200093622652578e-05
83.28692853707415,0.9811359702105766,0.014608019280832604,0.004165575960951942,8.069479594342269e-05,9.739751695640672e-06
83.4711916533066,0.9824634665486028,0.013466070273340229,0.003991952445603865,6.996124800238145e-05,8.549484450879417e-06
83.65545476953908,0.983689037738355,0.012410084177143337,0.0038322946113099362,6.097555838903369e-05,7.607914802704019e-06
83.83971788577153,0.984824055370517,0.011428875131476338,0.003686758607260201,5.343367281535562e-05,6.877217930883114e-06
84.023981002004,0.9858828729437557,0.010511623322583334,0.003552150166745395,4.704527947123134e-05,6.308287444205304e-06
84.20824411823646,0.9868812605484525,0.009648840368428179,0.0034224993780304553,4.1552149124228575e-05,5.847555964669951e-06
84.39250723446894,0.9878345618804524,0.008833059356031807,0.0032901951773551402,3.673992130413783e-05,5.443664856586022e-06
84.5767703507014,0.9887558558697229,0.008059192413002503,0.0031474549459549086,3.244350106365728e-05,5.053270255834888e-06
84.76103346693387,0.989654426839677,0.007324548545207017,0.0029878326155204104,2.8546686777090744e-05,4.645312818593637e-06
84.94529658316632,0.9905348053312388,0.006628549611062385,0.0028074643472431647,2.4977028525069976e-05,4.203681930702188e-06
85.12955969939878,0.9913965441676921,0.005972217214327804,0.0026058140249171024,2.169724125993549e-05,3.7273518030409e-06
85.31382281563126,0.9922347583143962,0.005357524476921683,0.0023857947126192823,1.8694768350568063e-05,3.2277277123051895e-06
85.49808593186371,0.993041313108096,0.004786713089816294,0.0021532782739213043,1.5971118207592515e-05,2.7244099588466522e-06
85.68234904809619,0.993806428086376,0.0042616686364233495,0.0019161306521787048,1.3532417687865056e-05,2.2402073338843045e-06
85.86661216432864,0.9945203965051642,0.0037834286031019583,0.0016829962947856056,1.1382224041838989e-05,1.7963729063775262e-06
86.05087528056112,0.995175118202961,0.0033518713392049456,0.0014620844843449706,9.517072500389937e-06,1.4089009889423984e-06
86.23513839679357,0.9957652033464641,0.00296560470238033,0.001260180721296201,7.924720739357077e-06,1.0865091202619677e-06
86.41940151302605,0.9962885103788324,0.0026220443959862586,0.001082030194433027,6.584608880111252e-06,8.304218682980969e-07
86.6036646292585,0.9967461062953126,0.0023176477661464084,0.0009301406409410742,5.469810244818548e-06,6.354873551008753e-07
86.78792774549098,0.997141750729555,0.002048251855472517,0.0008049552447916723,4.54972050392203e-06,4.924496769945649e-07
86.97219086172343,0.9974810842099091,0.0018094564416367104,0.0007052759509674458,3.792836133633384e-06,3.9056135284278085e-07
87.1564539779559,0.9977707296789223,0.0015969938341758912,0.0006287878109147867,3.169174038516798e-06,3.195019485569108e-07
87.34071709418836,0.9980174933913453,0.001407036306220314,0.0005725477591173624,2.652075991523875e-06,2.704673255244133e-07
87.52498021042084,0.9982277901126844,0.0012364070092672546,0.0005333470030575571,2.2192934282099985e-06,2.3658156265581803e-07
87.7092433266533,0.998407337823336,0.0010826782608409891,0.0005079175722958456,1.8533629832425993e-06,2.1298054393609261e-07
87.89350644288577,0.9985610923940461,0.0009441592130691706,0.0004930107512792195,1.5413641307867893e-06,1.96277474653941e-07
88.07776955911822,0.998693339475976,0.0008197904669689598,0.0004854118941551227,1.2742136732592871e-06,1.8394922673937652e-07
88.2620326753507,0.9988078418866257,0.000708974222010608,0.0004819641198362384,1.0456946267754025e-06,1.7407690080395546e-07
88.44629579158315,0.9989079553955038,0.0006113740081896574,0.0004796538215001551,8.51432556994071e-07,1.6534224955906925e-07
88.63055890781563,0.9989966637998726,0.0005267178323362541,0.0004757733514790134,6.88005542551072e-07,1.5701076939916625e-07
88.81482202404808,0.9990765305318268,0.00045463341924530077,0.0004681349833609323,5.523110428067543e-07,1.4875452413383725e-07
88.99908514028056,0.9991496029786976,0.00039453548893380415,0.0004552797268317902,4.4123010284290873e-07,1.4057543417986362e-07
89.18334825651301,0.9992173265418082,0.0003455744070144862,0.0004366148204382408,3.5154712473426834e-07,1.3268361420944682e-07
89.36761137274549,0.9992805221544875,0.0003066448715329511,0.00041242760208838516,2.800347595292273e-07,1.2533713177122263e-07
89.55187448897794,0.9993394574318242,0.0002764441830732537,0.0003837560283551347,2.2360337149817027e-07,1.1875337571545935e-07
89.73613760521042,0.9993940076232872,0.00025356331060128747,0.0003521365704154091,1.7943666356184803e-07,1.1305903235997486e-07
89.92040072144287,0.9994438700477402,0.0002365910648079345,0.00031928553903005983,1.450750761372736e-07,1.0827334543221816e-07
90.10466383767535,0.9994887760372961,0.00022421230844140377,0.0002867888885132842,1.1844333398191446e-07,1.0432241517228382e-07
90.2889269539078,0.9995286438833637,0.00021528474900818088,0.00025587242044130154,9.783875458893162e-08,1.0110843220221632e-07
90.47319007014028,0.9995636348255956,0.00020888453462107219,0.00022730017965006576,8.190084480342044e-08,9.855928834253188e-08
90.65745318637273,0.9995941051840135,0.00020431743645259016,0.0002014112470647904,6.95750240228078e-08,9.655744542073889e-08
90.8417163026052,0.9996204807032453,0.00020109865679998363,0.0001782656028613809,6.007400467725071e-08,9.49630889988962e-08
91.02597941883766,0.9996431044315857,0.00019890906941562146,0.00015783999758329137,5.283441460292322e-08,9.366700075217066e-08
91.21024253507014,0.9996621155499664,0.00019753971438730617,0.00014020463496696063,4.746693156812742e-08,9.263374782759174e-08
91.3945056513026,0.9996774104512456,0.00019683442065831374,0.00012561959562847164,4.369791091365062e-08,9.183455648831254e-08
91.57876876753507,0.9996887037014847,0.00019664257326168933,0.0001145211781782409,4.1309326829287495e-08,9.123774872842848e-08
91.76303188376752,0.9996956779552231,0.00019678833174377285,0.00010740278610226309,4.008324056509271e-08,9.084369049977405e-08
91.947295,0.9996981796136827,0.00019705972918416818,0.00010463021996119762,3.9759851861504296e-08,9.06773199393621e-08
