tg,2-2,5-2,2-5,other
0.0,1.0,0.0,0.0,0.0
0.1842631162324649,0.9999999900089301,7.403699435679859e-10,9.10419321586003e-09,1.465067144951441e-10
0.3685262324649298,0.9999998582215023,1.0807404123792797e-08,1.2960890673262093e-07,1.3621870360000477e-09
0.5527893486973947,0.9999992778624207,5.5334519210355584e-08,6.617949288800613e-07,5.008131356004805e-09
0.7370524649298597,0.9999976530456379,1.8084657838835763e-07,2.155674790141909e-06,1.0432993526045928e-08
0.9213155811623246,0.9999940932731747,4.605578420320119e-07,5.431276184364448e-06,1.4892798868111635e-08
1.1055786973947894,0.9999874562363913,9.992183894474568e-07,1.1528250034510756e-05,1.629518437108453e-08
1.2898418136272545,0.9999764927913382,1.93573137601905e-06,2.1556109806119765e-05,1.536747980534386e-08
1.4741049298597193,0.9999600852441745,3.4421088317853228e-06,3.6456055253282816e-05,1.659174078420742e-08
1.6583680460921841,0.9999375278621254,5.718128777160056e-06,5.672939787555328e-05,2.4611221936538087e-08
1.8426311623246492,0.999908761645814,8.98217636991672e-06,8.221700512495979e-05,3.917269104942716e-08
2.0268942785571142,0.9998744708959604,1.3459929182253488e-05,0.00011201370979140508,5.546506571783049e-08
2.211157394789579,0.9998359893337404,1.9373557940596596e-05,0.00014456803769131887,6.90706278791774e-08
2.395420511022044,0.9997950248559656,2.693461159894778e-05,0.00017795988153640208,8.065089905033813e-08
2.579683627254509,0.9997532709558858,3.634365000130806e-05,0.0002102880489328067,9.73451800591116e-08
2.7639467434869736,0.9997120147647183,4.7798748271904655e-05,0.00024005796742917467,1.2851958064692335e-07
2.9482098597194386,0.9996718555863688,6.151345994136225e-05,0.0002664557733207128,1.751803690465146e-07
3.1324729759519037,0.9996325985487634,7.774278346633749e-05,0.0002894314025517588,2.272652185828346e-07
3.3167360921843683,0.9995933351331903,9.681356030075849e-05,0.00030957886075796346,2.7244575082851545e-07
3.5009992084168333,0.9995526699178018,0.0001191539304151704,0.0003278725826462515,3.035691366083862e-07
3.6852623246492984,0.9995089901255236,0.00014531549023887147,0.00034536798712852705,3.2639710919469524e-07
3.869525440881763,0.9994606803960173,0.00017598161542706705,0.00036298142491395836,3.565636415304096e-07
4.0537885571142285,0.999406211556256,0.00021195715687549773,0.00038142813703998115,4.031498285516749e-07
4.238051673346693,0.999344073243274,0.0002541369949557613,0.0004013261606526893,4.636011171697106e-07
4.422314789579158,0.9992726192459394,0.0003034542638112519,0.00042339952175782637,5.269684916747372e-07
4.606577905811623,0.999189936496326,0.0003608134604921739,0.00044866600598496997,5.840371970347239e-07
4.790841022044088,0.9990938463205938,0.0004270174395562537,0.00047849291851039964,6.433213393621412e-07
4.975104138276553,0.9989821189976562,0.0005026995635411729,0.0005144532884469631,7.281503558508479e-07
5.159367254509018,0.9988528650766014,0.0005882740901657212,0.0005580001790672718,8.606541655600599e-07
5.343630370741482,0.9987049711710906,0.0006839168068519428,0.0006100629687912059,1.0490532662322496e-06
5.527893486973947,0.9985384112401734,0.0007895849069749025,0.000670722349243874,1.2815036079758688e-06
5.712156603206412,0.9983542693722988,0.0009050800769872968,0.0007391148026602056,1.5357480538050416e-06
5.896419719438877,0.9981543977276325,0.0010301523455031217,0.0008136485706492053,1.8013562154512283e-06
6.080682835671342,0.9979407732116697,0.0011646347014997252,0.0008925013080357991,2.0907787946570277e-06
6.264945951903807,0.9977147275128213,0.0013085930254450432,0.000974255890286641,2.423571447100306e-06
6.449209068136272,0.9974762679453546,0.00146246872691883,0.001058455029520559,2.808298206048959e-06
6.6334721843687365,0.9972237180946252,0.0016271908623641342,0.0011458556840821521,3.2353589283198723e-06
6.817735300601202,0.9969538431468559,0.0018042342632776508,0.001238243907524691,3.6786823415897677e-06
7.001998416833667,0.9966624569504837,0.0019956055206363267,0.0013378118164881654,4.125712391767185e-06
7.186261533066132,0.9963454006050074,0.002203747079010323,0.0014462531916042186,4.599124377852832e-06
7.370524649298597,0.9959996466463316,0.0024313606666217296,0.0015638484266279967,5.14426041868592e-06
7.554787765531062,0.9956241805079862,0.002681165163847493,0.0016888410927260165,5.813235440095891e-06
7.739050881763526,0.9952204101429507,0.0029556131837750335,0.0018173369612785846,6.639711995447229e-06
7.923313997995991,0.9947919569997715,0.0032566058176033597,0.0019438087087853594,7.628473839868791e-06
8.107577114228457,0.9943438718261333,0.0035852455243839407,0.002062101477045813,8.78117243709223e-06
8.29184023046092,0.9938815349715445,0.003941669618652953,0.002166680503893296,1.0114905909466137e-05
8.476103346693385,0.9934095450650782,0.004324999321362668,0.002253789066676869,1.166654688255539e-05
8.66036646292585,0.9929308775494197,0.004733426349584997,0.002322220369602674,1.3475731392873519e-05
8.844629579158315,0.9924464723118352,0.005164441456022578,0.0023735392527019054,1.5546979440310787e-05
9.02889269539078,0.9919552040500534,0.005615189329182323,0.002411771232381005,1.783538838289807e-05
9.213155811623245,0.9914540738669525,0.00608291587693501,0.002442740900399438,2.0269355712776473e-05
9.39741892785571,0.9909384280498534,0.006565454508645421,0.002473325475149328,2.2791966352059946e-05
9.581682044088176,0.9904020566268592,0.007061686070085992,0.0025108659724213033,2.5391330633503728e-05
9.76594516032064,0.9898371235782394,0.0075719110864087245,0.002562859500082723,2.81058352690226e-05
9.950208276553106,0.9892340532157993,0.00809806978450885,0.0026368797591723512,3.099724051966704e-05
10.13447139278557,0.9885816055675993,0.008643760554822471,0.0027405221643138195,3.411171326414916e-05
10.318734509018036,0.9878673714777897,0.009214032673200931,0.0028811065591581196,3.748928985139774e-05
10.5029976252505,0.987078920637397,0.009814957876314308,0.003064928638588609,4.119284769996301e-05
10.687260741482964,0.9862056492601086,0.01045300846515561,0.003296020390274104,4.532188446203988e-05
10.87152385771543,0.9852410499670289,0.011134310160956179,0.003574615019438857,5.00248525757715e-05
11.055786973947894,0.9841849780108098,0.011863850548935191,0.003895715203101311,5.545623715357996e-05
11.24005009018036,0.9830452713152213,0.012644752051582648,0.004248265470357147,6.171116283906272e-05
11.424313206412824,0.981838120208934,0.01347771294789777,0.004615363318729282,6.880352443907215e-05
11.60857632264529,0.9805869046002913,0.014360706419685367,0.0049757219690016105,7.66670110215005e-05
11.792839438877754,0.9793195131575069,0.01528901205874205,0.0053062801862741975,8.519459747678187e-05
11.97710255511022,0.9780645931484329,0.016255599445182733,0.005585524703558671,9.428270282580954e-05
12.161365671342685,0.9768474517941244,0.017251849472197305,0.005796872258671249,0.00010382647500703158
12.34562878757515,0.9756863480951292,0.018268541427677188,0.005931409451924585,0.00011370102526918022
12.529891903807615,0.9745897895679609,0.01929701104068394,0.005989440980290392,0.00012375841106509759
12.71415502004008,0.9735552355908371,0.02033031928776171,0.0059805799712259085,0.00013386515017518142
12.898418136272545,0.9725692436895543,0.02136429498248924,0.005922481637280377,0.0001439796906760844
13.082681252505008,0.9716088767149754,0.02239829004205119,0.0058386083710359115,0.00015422487193774356
13.266944368737473,0.9706439898402505,0.0234355420853887,0.005755569077657034,0.00016489899670391124
13.451207484969938,0.969640003878342,0.024483049952611684,0.0057005322063860995,0.00017641396266033764
13.635470601202403,0.9685607924197811,0.025550946903307236,0.005699030851079609,0.0001892298258321786
13.819733717434868,0.9673715591259676,0.026651419866124647,0.00577322405229611,0.00020379695561126683
14.003996833667333,0.9660417262190663,0.027797279112858883,0.005940463090316131,0.00022053157775870665
14.188259949899798,0.9645478945836866,0.029000332619216636,0.006211926992906954,0.00023984580418989524
14.372523066132263,0.9628769306274015,0.030269774724900455,0.006591181787755948,0.000262112859941841
14.556786182364728,0.9610289268565861,0.03161077794037483,0.007072731539523154,0.00028756366351579993
14.741049298597193,0.959019422464541,0.033023496881360914,0.00764090570129835,0.0003161749527996643
14.925312414829659,0.9568802236186935,0.034502617821574946,0.008269613652296285,0.0003475449074352906
15.109575531062124,0.9546580577997766,0.03603756381070205,0.008923512051044007,0.0003808663384772993
15.293838647294589,0.9524107219399756,0.03761334700747233,0.009560901212290036,0.00041502984026228307
15.478101763527052,0.9502009119918968,0.03921202305122665,0.010138273792667858,0.0004487911642087041
15.662364879759517,0.9480885028727704,0.04081457380221316,0.01061595513569078,0.0004809681893256126
15.846627995991982,0.9461224283998165,0.042403057216325285,0.010963899636241827,0.0005106147476160646
16.03089111222445,0.9443335887215927,0.043962735934038426,0.011166509949657776,0.0005371653947110248
16.215154228456914,0.9427299988555969,0.0454839548028714,0.01122548255484262,0.0005605637866891994
16.39941734468938,0.9412950611872656,0.04696351630341235,0.011160063608210088,0.0005813589011119079
16.58368046092184,0.9399893293719613,0.04840530140134508,0.011004644611160429,0.0006007246155332716
16.767943577154306,0.9387553736688717,0.04982004890608824,0.0108042241255437,0.0006203532994963211
16.95220669338677,0.937524829529766,0.051224248151234116,0.010608666354298794,0.0006422559647011976
17.136469809619236,0.9362265220277398,0.052638170274099914,0.010466815557566511,0.0006684921405936539
17.3207329258517,0.9347943250293684,0.054083331677181705,0.01042140537704453,0.0007009379164051044
17.504996042084166,0.9331738759393605,0.055579628048627,0.01050530577009761,0.0007411902419150974
17.68925915831663,0.9313277193432024,0.057142549797830046,0.010739228458803395,0.0007905024001640032
17.873522274549096,0.929238801866695,0.05878084854094494,0.011130639095894066,0.000849710496466181
18.05778539078156,0.9269124629819754,0.060494965270601914,0.011673479483659256,0.0009190922637634802
18.242048507014026,0.9243771350845793,0.06227640061138589,0.012348399649062553,0.0009980646549723796
18.42631162324649,0.921683107783058,0.0641084356548108,0.013123532755351719,0.001084923806779335
18.610574739478956,0.9188997090166748,0.0659675627472312,0.013955972469984562,0.0011767557661096215
18.79483785571142,0.9161099719508554,0.06782593436638577,0.014794491965952672,0.0012696017168061114
18.979100971943886,0.9134028803361617,0.06965437214547962,0.015583808111522393,0.0013589394068363933
19.16336408817635,0.9108637036725754,0.07142556387118516,0.016270372982629327,0.00144035947361014
19.347627204408816,0.9085634678428751,0.0731170958779769,0.016809156613307005,0.0015102796658409841
19.53189032064128,0.906549088870476,0.07471397705324177,0.017170374865307737,0.0015665592109745771
19.716153436873746,0.9048357739213547,0.07621046474509593,0.017344846379481856,0.0016089149540673836
19.90041655310621,0.9034033755404378,0.0776108790328322,0.017346680183355518,0.0016390652433746608
20.084679669338676,0.9021976265163265,0.0789293447396196,0.017212472494373125,0.0016605562496812072
20.26894278557114,0.9011364787729588,0.08018834655683171,0.016996875356204616,0.0016782993140047227
20.453205901803607,0.9001207492369736,0.08141616764978594,0.016765209690933418,0.0016978734223070731
20.63746901803607,0.8990473105706998,0.08264343928553936,0.016584472419365077,0.0017247777243958606
20.821732134268537,0.8978225671163975,0.08389917439160618,0.01651440977141035,0.0017638487205858598
21.005995250501,0.8963741558558606,0.08520675277189488,0.016600218334120665,0.0018188730381237775
21.190258366733467,0.89465913118923,0.08658045924145857,0.016867939663457756,0.0018924699058539072
21.37452148296593,0.8926680209239294,0.08802302269244884,0.017322873551501916,0.0019860828321195544
21.558784599198393,0.8904248121681657,0.08952469047782698,0.017950679928678624,0.0020998174253289295
21.74304771543086,0.8879835706585235,0.09106394198792483,0.01872032973165564,0.002232157621895786
21.927310831663323,0.8854226552370844,0.09260973786206382,0.01958798672352351,0.0023796201773282548
22.11157394789579,0.882837162993022,0.09412510825505555,0.02050117677433788,0.0025365519775848505
22.295837064128254,0.8803300735462987,0.0955715317935351,0.021402989122977445,0.0026954055371889666
22.48010018036072,0.8780025320880549,0.09691348368310256,0.022236436896683448,0.0028475473321588063
22.664363296593184,0.8759436772890958,0.0981225738860377,0.022949264067865877,0.0029844847570006626
22.84862641282565,0.874220648493599,0.09918077933756717,0.023499327659011814,0.0030992445098218485
23.032889529058114,0.8728698153513512,0.1000824118855139,0.023860222962120543,0.0031875498010143144
23.21715264529058,0.8718903457160326,0.10083477146033032,0.024026316011825817,0.0032485668118109297
23.401415761523044,0.8712416926534364,0.10145730919007481,0.02401594558915194,0.0032850525673367974
23.58567887775551,0.8708457406497858,0.10197965047251885,0.02387164388575437,0.003302964991941002
23.769941993987974,0.8705945517288457,0.10243840336331508,0.023656508314532143,0.0033105365933068696
23.95420511022044,0.8703629377726849,0.10287321775005266,0.023446791573463216,0.0033170529037990313
24.138468226452904,0.8700244960884703,0.10332234171769882,0.02332159153978414,0.003331570654046863
24.32273134268537,0.8694689618240433,0.10381795078235029,0.023351327031257918,0.0033617603623483797
24.506994458917834,0.8686174464919992,0.1043820915374531,0.023587213948806376,0.0034132480217413243
24.6912575751503,0.8674334050093835,0.10502350373755828,0.024053721500572726,0.00348936975248513
24.875520691382764,0.8659274672297494,0.10573596665703552,0.024745415315482258,0.003591150797732764
25.05978380761523,0.8641554885227734,0.10649853157338257,0.02562853469652484,0.0037174452073192215
25.244046923847694,0.8622108437488256,0.10727761632706928,0.026646592152848737,0.0038649477712563757
25.42831004008016,0.8602124790633624,0.10803084650149206,0.02772857254385975,0.004028101891285845
25.612573156312624,0.8582906195491912,0.1087121586424086,0.02879801097635649,0.004199210832043993
25.79683627254509,0.8565721973510216,0.109277435945785,0.02978147071804111,0.004368895985152338
25.98109938877755,0.8551672945423483,0.10969003208600774,0.03061557644983646,0.004527096921807297
26.165362505010016,0.854157793684162,0.10992532810416987,0.03125236017968886,0.004664518031978913
26.34962562124248,0.8535888357366138,0.10997380907342491,0.031663174394736274,0.004774180795225156
26.533888737474946,0.8534635244637006,0.10984228535372252,0.03184153265260574,0.004852657529971343
26.71815185370741,0.8537412643012677,0.10955313641985971,0.03180498204347181,0.004900617235400815
26.902414969939876,0.8543398159722052,0.10914187625209974,0.03159565562213749,0.00492265215355753
27.08667808617234,0.8551415342641238,0.10865329337132004,0.03127870597605631,0.004926466388499712
27.270941202404806,0.8560037328115423,0.10813674211870447,0.03093782263855408,0.004921702431198922
27.45520431863727,0.8567730347283079,0.10764102768087455,0.030667335713673183,0.004918601877144428
27.639467434869736,0.8573027117775921,0.10720941005279469,0.030561201851942953,0.004926676317670338
27.8237305511022,0.8574711056528448,0.10687515799770045,0.030700094200063286,0.004953642149391607
28.007993667334667,0.8571985249141245,0.10665807788472598,0.031138743312308557,0.005004653888841011
28.19225678356713,0.856459758947864,0.10656236141601957,0.031895995042622596,0.005081884593493934
28.376519899799597,0.8552894760827956,0.10657611124204794,0.03294986152756019,0.005184551147596372
28.56078301603206,0.853779474601497,0.1066725733115628,0.034238881954816586,0.0053090701321237554
28.745046132264527,0.8520678131939871,0.1068130586698526,0.03566975808919406,0.005449370046966179
28.929309248496992,0.8503215818067653,0.10695120179670699,0.03712980467831696,0.005597411718210869
29.113572364729457,0.848716076289106,0.10703819973280378,0.03850186686073764,0.005743857117352631
29.297835480961922,0.8474134299521201,0.10702847739800896,0.039679051925426714,0.00587904072444424
29.482098597194387,0.8465435845520037,0.1068851498795168,0.040577029028789596,0.00599423653968961
29.666361713426852,0.8461897898878268,0.10658465239103815,0.04114252726908072,0.006083030452054565
29.850624829659317,0.8463798659267716,0.10611993760385663,0.041357688343849154,0.006142508125522696
30.034887945891782,0.8470836155900735,0.10550178739875049,0.04124073991363815,0.006173857097537792
30.219151062124247,0.8482160368890644,0.10475800541692352,0.040843782886230834,0.006182174807781475
30.403414178356712,0.849645437768004,0.1039305965593968,0.04024844257353832,0.0061755230990608746
30.587677294589177,0.8512054910232915,0.1030712760537302,0.039559684682455444,0.006163548240522764
30.77194041082164,0.8527103243678116,0.10223594815491384,0.03889763640940522,0.006156091067869595
30.956203527054104,0.853971856244831,0.10147890138192694,0.03838713207755787,0.006162110295684315
31.14046664328657,0.8548185246382753,0.10084740220301049,0.038145027556318586,0.006189045602395594
31.324729759519034,0.8551143417794314,0.1003772209400292,0.03826606431244687,0.0062423729680926516
31.5089928757515,0.8547762073883656,0.10008949614485799,0.0388090054040947,0.0063252910626814
31.693255991983964,0.8537868779516833,0.09998914774420306,0.03978552526741058,0.006438449036702759
31.87751910821643,0.8522010696408509,0.10006488590382531,0.04115449307871185,0.006579551376611836
32.0617822244489,0.8501425512227407,0.10029070230389438,0.04282357287223647,0.0067431736011284394
32.24604534068136,0.8477916491208284,0.1006286540004317,0.04465873274772541,0.00692096413101481
32.43030845691383,0.8453645293255297,0.10103265959055316,0.04650055725067405,0.007102253833242911
32.61457157314629,0.8430869973416164,0.10145302929486066,0.04818469997149091,0.007275273392032118
32.79883468937876,0.8411668200365877,0.10184143614818877,0.04956295669422572,0.007428787120997802
32.98309780561122,0.8397686206705112,0.1021559943928368,0.05052151389960141,0.007553871037050632
33.16736092184368,0.8389945643806286,0.10236605799197268,0.050993821028008486,0.007645556599390222
33.351624038076146,0.8388739247302196,0.10245579589465072,0.05096660521826277,0.00770367415686721
33.53588715430861,0.8393586364633531,0.10242769822329408,0.050480007164331174,0.007733658149021709
33.720150270541076,0.8403314918046012,0.10230208572495535,0.04962138191738677,0.007745040553056725
33.90441338677354,0.8416185832198972,0.1021157164193571,0.04851578312333822,0.00774991723740745
34.088676503006006,0.8430073378245522,0.10191789905344696,0.047313845526218146,0.007760917595782934
34.27293961923847,0.8442666038542046,0.10176532796637804,0.04617835077203702,0.007789717407380498
34.457202735470936,0.8451710513839772,0.10171461814535021,0.045269018095040234,0.007845312375632334
34.6414658517034,0.845520187164978,0.10181741675159384,0.0447277391484624,0.007934656934965619
34.825728967935866,0.8451594022473174,0.10211477732001975,0.04466304821438677,0.008062772218276028
35.00999208416833,0.8439995846391578,0.10263249852698406,0.045135649862047496,0.008232266971810372
35.1942552004008,0.8420277771142365,0.10338005424433024,0.046148200745308524,0.008443967896124855
35.37851831663326,0.8393142312201224,0.10434987587261453,0.04764039367620765,0.008695499231055314
35.56278143286573,0.8360099632281109,0.10551804965628966,0.04949173491478827,0.008980252200811166
35.74704454909819,0.8323326817924431,0.106846977052798,0.051533373846329826,0.009286967308429062
35.93130766533066,0.8285435643636191,0.1082886860604295,0.053567490079187756,0.009600259496763377
36.11557078156312,0.8249168623790538,0.10978900131661326,0.055391790672374694,0.009902345631958217
36.29983389779559,0.821707328906968,0.11129207745648242,0.056825084544957605,0.010175509091592094
36.48409701402805,0.8191189862681864,0.11274570570043813,0.05773003550973646,0.010405272521639282
36.66836013026052,0.8172811925115239,0.11410646897567979,0.058029311467295015,0.010583027045501379
36.85262324649298,0.8162339184310039,0.11534480567088999,0.057713386255782644,0.010707889642323321
37.03688636272545,0.8159244611117602,0.116448962229663,0.05683955682344785,0.01078701983512862
37.22114947895791,0.8162153522873632,0.11742704560331711,0.05552330143071277,0.010834300678606615
37.40541259519038,0.8169010025149369,0.11830681798139189,0.05392428587702907,0.010867893626641896
37.58967571142284,0.8177308362280349,0.1191327448542362,0.05222922518284764,0.010907193734881263
37.77393882765531,0.8184358168478169,0.11996058645755647,0.0506334640004381,0.010970132694188381
37.95820194388777,0.818755571130833,0.120850349009129,0.04932258113038631,0.011071498729651675
38.14246506012024,0.8184638980108917,0.12185873889930839,0.04845484679447938,0.011222516295320558
38.3267281763527,0.8173913492514289,0.1230322763848139,0.048145255201837774,0.011431119161919289
38.51099129258517,0.8154435866602847,0.12440202886222258,0.04845219332361949,0.01170219115387336
38.69525440881763,0.8126140567889745,0.12598050048901183,0.049368355061253026,0.01203708766076069
38.8795175250501,0.8089892954230722,0.1277607684521088,0.05081783590250063,0.01243210022231841
39.06378064128256,0.8047446377039589,0.1297176358289244,0.05266104660175854,0.012876679865358035
39.24804375751503,0.8001290474273371,0.13181034404852135,0.05470815686064216,0.013352451663499557
39.43230687374749,0.7954395374147757,0.13398637462768734,0.05674028308789145,0.013833804869645637
39.61656998997996,0.7909875821915697,0.13618594964861733,0.05853582953106797,0.01429063862874498
39.80083310621242,0.7870621156419826,0.13834695922678386,0.05989804925527309,0.0146928758759605
39.98509622244489,0.7838945590294055,0.14041022555811628,0.060679531678309986,0.015015683734168193
40.16935933867735,0.7816310422422885,0.1423249834508219,0.06079985141077754,0.015244122896112036
40.35362245490982,0.7803158677907432,0.14405422211060423,0.06025386524841943,0.015376044850232933
40.53788557114228,0.7798880934214794,0.14557929339985143,0.05911006563416704,0.015422547544502192
40.72214868737475,0.7801909242399894,0.1469029439767645,0.05750024404556856,0.015405887737677466
40.90641180360721,0.7809918271545924,0.1480498487813499,0.055602796675384626,0.015355527388672886
41.09067491983968,0.7820100408585144,0.14906407875363525,0.05362256881940823,0.01530331156844187
41.27493803607214,0.7829475988011683,0.15000353537694067,0.05176987710134722,0.015278988720543658
41.45920115230461,0.7835203917219592,0.1509320195652329,0.05024040751741893,0.015307181195389116
41.64346426853707,0.7834866138935106,0.15191024847605714,0.04919699483663218,0.015406142793800003
41.82772738476954,0.782670589752478,0.15298746760457854,0.04875401208508529,0.015587930557858143
42.011990501002,0.7809809801390963,0.15419511155898985,0.04896519668620527,0.01585871161570854
42.19625361723447,0.7784223461896438,0.1555434237299958,0.049816085264817525,0.016218144815542915
42.38051673346693,0.7750984147213485,0.15702121682411532,0.05122252877845024,0.01665783967608581
42.56477984969939,0.7712055604937359,0.15859829689343174,0.05303670470882708,0.017159437904005398
42.74904296593186,0.7670153203256203,0.16022969334968656,0.055061270645946465,0.017693715678746974
42.93330608216432,0.7628462955491861,0.16186072754261357,0.05707087835925653,0.01822209854894383
43.11756919839679,0.7590281978319311,0.1634321907740603,0.05883871920278767,0.018700892191221206
43.30183231462925,0.7558624789578553,0.16488530245452754,0.06016441620171122,0.019087802385906173
43.48609543086172,0.7535853648591238,0.16616641695530626,0.06089885293975109,0.019349365245819237
43.67035854709418,0.7523390805542891,0.1672316097664296,0.06096198068911444,0.019467328990166906
43.85462166332665,0.7521554418618904,0.1680511834651862,0.06035116996063216,0.01944220471229125
44.03888477955911,0.752953933749034,0.168613655186545,0.05913934203864218,0.019293069025778715
44.22314789579158,0.7545538581383635,0.16892836626496277,0.0574638550747116,0.019053920521961996
44.40741101202404,0.7566978232135433,0.16902581500184086,0.055508815845044655,0.018767545939571303
44.59167412825651,0.7590825363942807,0.16895497513172208,0.05348397877600136,0.01847850969799593
44.77593724448897,0.7613926570874606,0.16877739708934927,0.05160295759756288,0.018226988225627273
44.96020036072144,0.7633336941766857,0.168558784783182,0.05006277670308668,0.018044744337045383
45.1444634769539,0.7646609693942072,0.16835949549153245,0.04902581662462527,0.017953718489634816
45.32872659318637,0.7652031388757823,0.1682257975018414,0.048604623167723036,0.017966440454653516
45.51298970941883,0.764879176736713,0.168183666386569,0.04885021102314473,0.018086945853573257
45.6972528256513,0.7637079489806282,0.16823626040690687,0.04974496276990351,0.018310827842561238
45.88151594188376,0.7618092620592981,0.1683652074807216,0.05120154470340395,0.018623985756576353
46.06577905811623,0.7593946988796062,0.16853492320256303,0.05306911800663208,0.019001259911198772
46.25004217434869,0.7567475895168597,0.16869861464823607,0.055147491921742176,0.019406303913162146
46.43430529058116,0.7541929469649599,0.16880457214266317,0.057208675937454684,0.019793804954922167
46.61856840681362,0.7520600729113661,0.16880171098315397,0.05902357454763577,0.020114641557843975
46.80283152304609,0.750642761102739,0.16864391938479434,0.06039004793677601,0.020323271575690638
46.98709463927855,0.7501628224972737,0.16829343244472098,0.061157985614080396,0.020385759443924806
47.17135775551102,0.7507425267458301,0.16772374287577207,0.06124742527212581,0.020286305106271916
47.35562087174348,0.7523903424167772,0.16692230175957784,0.06065689356687958,0.020030462256765632
47.53988398797595,0.7550017216269646,0.16589287600785926,0.05946127509056292,0.019644127274613038
47.72414710420841,0.7583740090431637,0.16465698396418915,0.05780052744099812,0.01916847955164908
47.90841022044088,0.7622324737206421,0.16325346784601116,0.055861633411027144,0.018652425022319945
48.09267333667334,0.7662630824052385,0.16173545668133077,0.05385696226450201,0.01814449864892867
48.27693645290581,0.770147125628065,0.16016459939336855,0.05200211298577921,0.01768616199278725
48.46119956913827,0.773593736289119,0.15860314806471768,0.0504951805010548,0.01730793514510838
48.64546268537074,0.7763676460797504,0.15710523283955644,0.04949845857306543,0.017028662507627843
48.8297258016032,0.7783106602638327,0.1557091792362136,0.04912319677935819,0.01685696372059572
49.01398891783567,0.7793564878828099,0.15443251058866075,0.049418007917851774,0.016792993610677858
49.19825203406813,0.7795382699405203,0.153270633501679,0.0503619167570737,0.0168291798007271
49.3825151503006,0.7789874406677904,0.15219930890170819,0.05186346996388041,0.016949780466621073
49.56677826653306,0.7779227312274839,0.15118005146691307,0.05376732012593329,0.017129897179669572
49.75104138276553,0.7766286054457495,0.15016698912731305,0.055868906511095065,0.017335498915842303
49.93530449899799,0.775424292279233,0.14911356902350847,0.0579364958381271,0.017525642859131565
50.11956761523046,0.7746266992358173,0.14797790994599863,0.059738299944542245,0.017657090873641645
50.303830731462924,0.7745117919694287,0.14672642561211063,0.06107100885599915,0.017690773562461893
50.48809384769539,0.7752801771126586,0.14533597616594404,0.06178521198930946,0.017598634732087896
50.672356963927854,0.7770322987391325,0.1437951267775507,0.06180349024878044,0.017369084234536637
50.85662008016032,0.77975689270191,0.14210510528819356,0.06112857183190812,0.0170094301779883
51.040883196392784,0.78333413892751,0.1402805647428731,0.059840774380249845,0.016544521949367178
51.22514631262525,0.7875524108663241,0.13834973637984993,0.05808584094406772,0.01601201180975852
51.409409428857714,0.7921352833824518,0.1363533775811191,0.056056006943693545,0.015455332092735391
51.59367254509018,0.7967742552461464,0.1343419114772298,0.053967599062566415,0.014916234214057392
51.777935661322644,0.8011625859459375,0.132370479330611,0.05203804751592225,0.014428887207529202
51.9621987775551,0.8050261468491382,0.13049240258840888,0.05046457924097971,0.014016871321473114
52.14646189378757,0.8081486667858885,0.12875217151940363,0.049405909746368465,0.01369325194833942
52.33072501002003,0.8103905994043596,0.12717933222716304,0.048967508342981046,0.01346256002549657
52.5149881262525,0.811701350274717,0.1257846007348472,0.04919093878871754,0.01332311020171825
52.69925124248496,0.8121246443692846,0.12455904351635443,0.0500481360571931,0.013268176057168174
52.88351435871743,0.8117961176206989,0.12347645192828033,0.05144177436726149,0.013285656083759197
53.06777747494989,0.8109316950487574,0.12249830668446274,0.053212803355943285,0.013357194910836671
53.25204059118236,0.8098064544645504,0.1215801166043325,0.055155651256256336,0.013457777674860975
53.43630370741482,0.8087250549353777,0.12067773549088852,0.057040376012078745,0.013556833561655013
53.62056682364729,0.8079865539957614,0.11975251959675924,0.05863949897201874,0.013621427435460751
53.80482993987975,0.8078483413328584,0.11877473446569078,0.059755850276466,0.01362107392498497
53.98909305611222,0.8084944398536971,0.11772532741871146,0.060247184234499485,0.013533048493091726
54.17335617234468,0.8100130506496028,0.11659659438875437,0.060043676632265244,0.013346678329377776
54.35761928857715,0.8123868825297719,0.11539224131571173,0.05915543455487833,0.013065441599638024
54.54188240480961,0.815497373807608,0.1141271604931022,0.05766913831358823,0.012706327385701236
54.72614552104208,0.8191414499079708,0.11282692489076887,0.055735109184604226,0.012296516016656364
54.91040863727454,0.8230577319332399,0.11152659750335157,0.05354743282562337,0.011868237737785255
55.09467175350701,0.8269579709025094,0.11026836072006771,0.05132058483203912,0.011453083545383448
55.27893486973947,0.8305589893668924,0.10909773753360241,0.04926599923226628,0.011077273867239034
55.46319798597194,0.8336112718686939,0.1080585759462483,0.04757103474497308,0.010759117440084814
55.6474611022044,0.8359217975610458,0.1071874765203813,0.0463817624260924,0.010508963492480518
55.83172421843687,0.8373701290964741,0.10650868214563375,0.04579025702544211,0.010330931732449953
56.01598733466933,0.8379181325890513,0.10603046001496963,0.04582661073667883,0.0102247966592998
56.2002504509018,0.837613455362749,0.10574375359293134,0.04645580676628833,0.01018698427803135
56.38451356713426,0.8365862424638664,0.10562343828598492,0.04757990907913873,0.010210410171009883
56.56877668336673,0.8350384103174731,0.10563194954834589,0.049046219579004804,0.010283420555176259
56.75303979959919,0.833224843418721,0.10572453777464384,0.0506617135866315,0.010388905220003616
56.93730291583166,0.8314272033245417,0.10585506200556381,0.05221319011421707,0.010504544555677484
57.12156603206412,0.8299227175474847,0.10598126059155598,0.05349135468034717,0.010604667180612442
57.30582914829659,0.8289515564680559,0.10606877663479841,0.054315890929248656,0.010663775967897133
57.49009226452905,0.8286876532441354,0.10609366004222376,0.05455781137288777,0.010660875340753174
57.67435538076152,0.8292177392538913,0.10604347921616727,0.05415543684725214,0.010583344682689361
57.858618496993984,0.8305318745722824,0.10591746123554047,0.05312141526972214,0.010429248922455116
58.04288161322645,0.8325267340091916,0.1057260613267108,0.0515396809707394,0.010207523693358074
58.227144729458914,0.8350207385004156,0.10549010780198957,0.049553011116013505,0.009936142581581391
58.41140784569138,0.8377782326638588,0.1052394224231365,0.04734367512486412,0.009638669788140555
58.595670961923844,0.8405386905384946,0.10501063094727947,0.04511065127694663,0.009340027237279204
58.77993407815631,0.8430466441555253,0.10484388635381536,0.04304689942763131,0.00906257006302809
58.964197194388774,0.8450783506325592,0.10477853828582132,0.04131958309709982,0.00882352798451951
59.14846031062124,0.8464625263678027,0.10484817664057047,0.04005502716784482,0.008634269823781952
59.332723426853704,0.8470943569287447,0.10507577996691636,0.03932896652157629,0.008500896582762374
59.51698654308617,0.8469429232340098,0.10546985001418335,0.03916180096088107,0.008425425790926144
59.701249659318634,0.8460527287048308,0.10602235709864184,0.0395183223800486,0.008406591816478827
59.8855127755511,0.844539710908279,0.10670900451823292,0.04031149680945605,0.00843978776403212
60.069775891783564,0.8425814144035335,0.10749185799541922,0.04141020935546557,0.008516518245581544
60.25403900801603,0.8404012672598998,0.10832390062602859,0.042651101270123934,0.008623730843947743
60.438302124248494,0.8382471734908205,0.1091547040376851,0.043854375088509895,0.008743747382984586
60.62256524048096,0.8363655177771104,0.10993626235066534,0.044842686921155575,0.00885553295106859
60.806828356713424,0.8349733469530436,0.11062808566924566,0.0454612354123985,0.008937331965312038
60.99109147294589,0.8342325465860005,0.11120092314798435,0.045596364287668986,0.00897016597834611
61.175354589178355,0.8342301600488023,0.11163888479096973,0.04518976877429286,0.008941186385934958
61.35961770541081,0.8349683084673476,0.11194005749023887,0.0442457259956897,0.008845908046723559
61.54388082164328,0.8363653940574514,0.11211590676169066,0.042829875018660896,0.00868882416219675
61.72814393787574,0.8382682011853402,0.11218976712321875,0.04105969266714933,0.008482339024291505
61.91240705410821,0.8404727878767031,0.11219454894595764,0.03908829873085626,0.008244364446482876
62.09667017034067,0.8427507859624426,0.1121696442959409,0.03708443162234909,0.007995138119267683
62.28093328657314,0.844876904586531,0.11215704275499845,0.03521200529257663,0.007754047365893712
62.4651964028056,0.8466537236814573,0.11219680125245007,0.03361229692498078,0.0075371781411119766
62.64945951903807,0.8479309521292441,0.11232221456358074,0.032390818413197006,0.007356014893978018
62.83372263527053,0.8486177068552649,0.11255528769017081,0.03160970407473061,0.007217301379833725
63.017985751503,0.8486879883177033,0.11290323507269909,0.03128529899833369,0.00712347761126396
63.20224886773546,0.8481801587074376,0.11335668398907292,0.03138989352936972,0.007073263774119591
63.38651198396793,0.8471913329481171,0.11389003172769668,0.031856453780378303,0.0070621815438081945
63.57077510020039,0.8458676751951776,0.11446402011309319,0.032585583160515415,0.0070827215312138075
63.75503821643286,0.8443909842179103,0.11503020645235304,0.033454421390895876,0.0071243879388408786
63.93930133266532,0.8429618318869981,0.11553669769533562,0.0343274664307324,0.007174003986933983
64.1235644488978,0.8417799087894747,0.11593429680200888,0.035069187756159914,0.007216606652356383
64.30782756513025,0.8410228314651707,0.1161821836217497,0.03555779049214494,0.007237194420934504
64.49209068136273,0.8408258513357182,0.1162523592362864,0.03569878384332817,0.007223005584667415
64.67635379759518,0.8412656125650253,0.11613232624088304,0.03543641021292565,0.007165650981165846
64.86061691382766,0.842350777935633,0.11582584445240318,0.034760895176728104,0.0070624824352355535
65.04488003006011,0.8440213509858803,0.11535190191859662,0.03370989575557857,0.006916851339944587
65.22914314629259,0.8461570673643796,0.11474218081953588,0.032363427985142065,0.006737323830942661
65.41340626252504,0.8485936731106895,0.11403736738246631,0.030832871406394867,0.006536088100449069
65.59766937875752,0.8511445076776104,0.11328269343308305,0.02924588325258623,0.006326915636720371
65.78193249498997,0.8536239979014962,0.11252308374511519,0.027729815730314807,0.0061231026230735485
65.96619561122245,0.8558694634633216,0.11179831424427711,0.02639641691905535,0.005935805373345844
66.1504587274549,0.857758200002175,0.1111386348788107,0.025330142089550586,0.005773023029463615
66.33472184368736,0.8592181679020451,0.11056131068288472,0.02458138933779351,0.005639132077276632
66.51898495991983,0.860231752381844,0.11006853304244617,0.0241647762057975,0.005534938369912509
66.70324807615229,0.8608332357663528,0.10964704466992153,0.024061598738370035,0.005458120825355554
66.88751119238476,0.8611014823935241,0.10926959785576383,0.024225090144439427,0.005403829606272359
67.07177430861722,0.8611493619653685,0.10889811341688471,0.02458709153694326,0.005365433080803431
67.2560374248497,0.8611114285578616,0.10848816628179274,0.025065195471770774,0.005335209688574782
67.44030054108215,0.8611308471984649,0.10799426432359192,0.025569983803912563,0.005304904674030596
67.62456365731462,0.8613459132198904,0.10737529394832365,0.02601237515057311,0.005266417681212971
67.80882677354708,0.8618767036428324,0.10659943449507796,0.026311160186600298,0.005212701675489312
67.99308988977955,0.8628127943960353,0.10564789189742632,0.026400551444054243,0.005138762262483685
68.17735300601201,0.8642033916907509,0.10451698742452162,0.026237161428046933,0.005042459456680633
68.36161612224448,0.8660514491709504,0.1032183792170251,0.025805379940843767,0.0049247916711808
68.54587923847694,0.8683130373480584,0.10177745116242719,0.025119922911332845,0.0047895885781815955
68.73014235470941,0.8709025500091336,0.10023013923083599,0.02422458392377578,0.004642726836254328
68.91440547094187,0.8737033871485336,0.09861862992180856,0.023186836197690443,0.004491146731967254
69.09866858717434,0.8765828761427973,0.09698647444682296,0.02208879649847261,0.004341852911907301
69.2829317034068,0.8794092229379337,0.09537372582661757,0.02101596571004615,0.004201085525402476
69.46719481963927,0.8820678573215581,0.09381266611116747,0.02004573024213796,0.004073746325136353
69.65145793587173,0.8844747547302828,0.0923245719002123,0.019237669136637884,0.003963004232867028
69.8357210521042,0.8865847826903459,0.09091784254921845,0.018627287473076844,0.0038700872873588385
70.01998416833666,0.8883941453890798,0.08958766314185199,0.018223980782558675,0.0037942106865095798
70.20424728456913,0.8899370867941361,0.08831719772858328,0.01801304193225901,0.0037326735450216694
70.3885104008016,0.8912778813414999,0.08708011542214326,0.017960683566225426,0.0036813196701313794
70.57277351703407,0.8925000772564919,0.08584408598477285,0.018020619385051756,0.003635217373683231
70.75703663326652,0.8936950724651264,0.08457481263623912,0.018140770216612888,0.0035893446820216943
70.941299749499,0.8949515588487349,0.08324015876060671,0.018269067640371978,0.003539214750286236
71.12556286573145,0.8963468296582355,0.08181393452256137,0.01835790614202365,0.003481329677179354
71.30982598196393,0.897940199879477,0.08027894632301352,0.01836732759919869,0.0034135261983109324
71.49408909819638,0.8997684604082674,0.07862897317030808,0.01826732562259075,0.0033352407988340676
71.67835221442886,0.9018433472616373,0.07686943726593845,0.018039647220033622,0.003247568252390696
71.86261533066131,0.9041510441753606,0.075016692964301,0.017679227433604974,0.003153035426733751
72.04687844689379,0.9066537996098456,0.07309603604835385,0.0171950532238017,0.003055111117998783
72.23114156312624,0.9092937831493857,0.0711386819318044,0.01660994874933892,0.0029575861694711293
72.41540467935872,0.9119992153938755,0.06917808870434836,0.015958722406701625,0.0028639734950746255
72.59966779559117,0.9146924135559681,0.06724610961269782,0.015284387860689402,0.0027770889706448176
72.78393091182365,0.9172989784583035,0.06536947930385753,0.014632654682844023,0.0026988875549948895
72.9681940280561,0.9197570082875851,0.06356707109394745,0.014045444390593482,0.00263047622787379
73.15245714428858,0.9220249058229956,0.06184823814240173,0.013554620923437,0.002572235111165469
73.33672026052103,0.9240865004774041,0.0602123955142294,0.013177244754607208,0.002523859253759209
73.5209833767535,0.9259524935318973,0.058649831124905405,0.01291339297937558,0.002484282363821789
73.70524649298596,0.9276577221631241,0.05714357131980103,0.01274701847053976,0.0024516880465352336
73.88950960921844,0.9292547457775275,0.05567199540870482,0.012649606751692005,0.0024236520620757322
74.0737727254509,0.9308049857401484,0.05421181545610911,0.012585733529864184,0.0023974652738785298
74.25803584168337,0.932369158231232,0.052741033080673363,0.012519237703238014,0.0023705709848567493
74.44229895791582,0.9339988510727618,0.05124153954570371,0.012418709751957767,0.002340899629576492
74.6265620741483,0.9357304792770089,0.04970111089167188,0.012261329763245548,0.0023070800680737406
74.81082519038075,0.9375820906240484,0.04811465774856402,0.012034638883604756,0.00226861274378253
74.99508830661323,0.9395533513779851,0.0464845212017108,0.011736355741844933,0.0022257716784593235
75.17935142284568,0.9416274344982417,0.04482006667610504,0.011372882446874533,0.0021796163787787754
75.36361453907816,0.9437746411472463,0.04313641530211734,0.010957188537107202,0.0021317550135290532
75.54787765531061,0.9459566308886126,0.041452590262281354,0.010506719973885966,0.0020840588752201092
75.73214077154307,0.9481307446278546,0.03978926972962792,0.01004165382685939,0.0020383318156579006
75.91640388777554,0.9502540644790407,0.03816641907053159,0.009583486558017915,0.001996029892409835
76.100667004008,0.952287136927624,0.036601092288729854,0.009153680172526808,0.001958090611119516
76.28493012024047,0.9541973811604879,0.03510567175302192,0.008772042496685527,0.0019249045898047379
76.46919323647293,0.9559620955128286,0.03368675553547246,0.008454689891654866,0.0018964590600440065
76.6534563527054,0.9575709458148516,0.032344803698068254,0.008211737916165656,0.0018725125709146409
76.83771946893786,0.959027605513058,0.03107454581106006,0.0080451695951912,0.0018526790806905997
77.02198258517033,0.9603499054342175,0.029866110756839755,0.007947527540084412,0.0018364562688582098
77.20624570140279,0.9615685946930084,0.02870638194502416,0.007901925018927813,0.0018230983430399276
77.39050881763526,0.96272323282292,0.02758114853965319,0.00788390536390221,0.0018117132735245003
77.57477193386772,0.9638572242270687,0.02647672220500989,0.00786472175280933,0.0018013318151123118
77.7590350501002,0.9650116341254442,0.025381599274890358,0.007815702780493339,0.0017910638191719222
77.94329816633265,0.96621936495207,0.024287667442907147,0.007712742569863427,0.001780225035159082
78.12756128256513,0.9675006911398767,0.023190906482141022,0.00753998867413621,0.0017684137038461666
78.31182439879758,0.9688609716375073,0.022091548577728697,0.007291976433095148,0.0017555033516685823
78.49608751503006,0.9702908005766874,0.020993732492968806,0.006973853933595405,0.001741612996748368
78.68035063126251,0.9717683829204582,0.019904739727333823,0.0065998127822819485,0.0017270645699257255
78.86461374749499,0.9732635021307758,0.018833932316929834,0.006190241624779733,0.0017123239275146738
79.04887686372744,0.9747421940919948,0.01779153250472292,0.005768349155535609,0.0016979242477467807
79.23313997995992,0.9761712295742491,0.016787388667872775,0.005356996227976978,0.0016843855299012703
79.41740309619237,0.9775217553144784,0.01582986307198971,0.0049762649536914914,0.0016721166598405368
79.60166621242485,0.9787717345877501,0.014924960952803773,0.004641979733540505,0.0016613247259054643
79.7859293286573,0.979907110534316,0.014075791230921238,0.004365084684378637,0.001652013550384274
79.97019244488978,0.9809219699668179,0.013282402974758934,0.004151573547160351,0.001644053511262673
80.15445556112223,0.9818181065605203,0.012541991437168824,0.004002627342276148,0.0016372746600345199
80.3387186773547,0.9826043014644196,0.011849423241396304,0.003914731478100495,0.0016315438160834784
80.52298179358716,0.9832955105173986,0.011197991315519068,0.0038797462277304013,0.0016267519393519836
80.70724490981964,0.9839118423062656,0.010580289067326233,0.0038851009433750025,0.0016227676830332844
80.8915080260521,0.9844771238269039,0.009989084511422011,0.00391438198995665,0.0016194096717176045
81.07577114228457,0.9850169055940861,0.009418091114292837,0.003948544905904008,0.001616458385717002
81.26003425851702,0.9855559486006463,0.008862544948112845,0.003967802042248848,0.0016137044089918604
81.4442973747495,0.9861154556508088,0.008319538737804773,0.003953998220930311,0.001611007390456017
81.62856049098195,0.9867105341842954,0.00778809584786787,0.003893068533393903,0.0016083014344430101
81.81282360721443,0.987348348534383,0.007269004340911487,0.0037770637918907723,0.0016055833328148777
81.99708672344688,0.9880273870680377,0.006764458778625356,0.0036052707118616185,0.0016028834414749005
82.18134983967936,0.988738051484213,0.006277575202293979,0.003384143413969146,0.0016002298995241324
82.36561295591181,0.9894644515929482,0.005811853035801649,0.003126048345803104,0.0015976470254472526
82.54987607214429,0.9901870581625491,0.005370653299170236,0.002847110159111238,0.001595178379169646
82.73413918837674,0.9908857071896788,0.004956750668090992,0.002564647058493815,0.0015928950837366081
82.91840230460922,0.9915423863300973,0.004572002201026757,0.0022947455291672664,0.0015908659397087079
83.10266542084167,0.9921432840998111,0.00421715773534933,0.002050429295531752,0.0015891288693076018
83.28692853707415,0.9926798501250317,0.003891818096955064,0.001840668127521422,0.0015876636504918815
83.4711916533066,0.9931488420063848,0.003594530259901743,0.0016702251334469857,0.0015864026002665678
83.65545476953908,0.9935515897548243,0.003322993746581107,0.0015401325686142206,0.0015852839299802255
83.83971788577153,0.9938929036544784,0.003074341043770514,0.0014484765623193887,0.001584278739431741
84.023981002004,0.9941799749714922,0.0028454504179982404,0.0013911841322290291,0.0015833904782802954
84.20824411823646,0.9944214913718836,0.002633250060249589,0.001362618884548548,0.001582639683318228
84.39250723446894,0.9946270446206726,0.00243497829132422,0.001355950830968749,0.001582026257034183
84.5767703507014,0.994806699709673,0.002248374470547663,0.0013634042794863786,0.0015815215402930907
84.76103346693387,0.994970571646546,0.002071786489639465,0.001376555610878204,0.001581086252936433
84.94529658316632,0.9951282921908261,0.0019041929112867425,0.0013868280453281188,0.0015806868525590678
85.12955969939878,0.99528830293819,0.0017451489894122758,0.0013862299218139718,0.0015803181505837322
85.31382281563126,0.9954570754217659,0.0015946738490914395,0.001368250568809259,0.0015800001603333092
85.49808593186371,0.9956384310705141,0.0014531015008379944,0.0013287193952539948,0.001579748033393963
85.68234904809619,0.9958331322815202,0.0013209198603316781,0.0012663929441122895,0.001579554914035708
85.86661216432864,0.9960389059758628,0.0011986195427165821,0.0011830787144880806,0.001579395766932782
86.05087528056112,0.996250965515865,0.0010865692749367115,0.001083221260894809,0.001579243948303344
86.23513839679357,0.9964629565753703,0.0009849282869133409,0.0009730253910406452,0.0015790897466755546
86.41940151302605,0.9966681348361099,0.0008935993733384106,0.0008593206801002734,0.0015789451104516795
86.6036646292585,0.9968605167712493,0.0008122207341765224,0.0007484379572471089,0.0015788245373270005
86.78792774549098,0.9970357311187401,0.0007401907012147486,0.000645351477269681,0.001578726702775688
86.97219086172343,0.9971913973053868,0.0006767166708143355,0.0005532477933451338,0.0015786382304540088
87.1564539779559,0.9973270319238872,0.0006208784180263404,0.0004735486755027721,0.0015785409825836985
87.34071709418836,0.9974435905085941,0.0005716962985155604,0.0004062866808198866,0.0015784265120703347
87.52498021042084,0.9975428478679949,0.0005281960639297204,0.0003506489978971873,0.0015783070701784927
87.7092433266533,0.9976268421527358,0.0004894641514144888,0.00030549064631795315,0.0015782030495319346
87.89350644288577,0.9976975110826534,0.00045468952714772124,0.000269669533441786,0.0015781298567568746
88.07776955911822,0.9977565725447621,0.00042319029182732266,0.00024214868279349427,0.001578088480616858
88.2620326753507,0.9978056042033672,0.0003944252289312599,0.00022190807185130146,0.0015780624958504222
88.44629579158315,0.9978461960786037,0.0003679919245337911,0.0002077753112585419,0.001578036685603808
88.63055890781563,0.9978800776074972,0.0003436140594185336,0.00019830000448899655,0.0015780083285951815
88.81482202404808,0.9979091318613558,0.00032112100082807866,0.00019176119021363004,0.0015779859476024814
88.99908514028056,0.9979352666954264,0.00030042284089039654,0.00018632943260136342,0.0015779810310816782
89.18334825651301,0.9979601852833542,0.0002814838032407415,0.00018033421423289215,0.001577996699172293
89.36761137274549,0.9979851398976026,0.000264296514105106,0.00017254124745057637,0.001578022340841638
89.55187448897794,0.9980107561256755,0.0002488590851617394,0.00016233924664166608,0.0015780455425209985
89.73613760521042,0.9980370120844145,0.00023515644794600454,0.00014977078288349544,0.0015780606847562541
89.92040072144287,0.9980633828637077,0.00022314695434687233,0.00013540093961487049,0.0015780692423306077
90.10466383767535,0.998089092901508,0.0002127549104499973,0.00012007614135071685,0.0015780760466915533
90.2889269539078,0.998113384460373,0.0002038693663294438,0.00010466091739539635,0.0015780852559022255
90.47319007014028,0.998135714695559,0.00019634909780467477,8.98401852036311e-05,0.001578096021432725
90.65745318637273,0.9981558210565045,0.00019003319413750898,7.604108871110153e-05,0.0015781046606469702
90.8417163026052,0.9981736574045654,0.00018475608803436005,6.347677261757585e-05,0.0015781097347825122
91.02597941883766,0.9981892554660892,0.00018036526323720275,5.2266201179132304e-05,0.001578113069494759
91.21024253507014,0.9982025833300818,0.00017673933947995215,4.255823265204347e-05,0.0015781190977862348
91.3945056513026,0.9982134712632518,0.00017380395329167313,3.459374263653495e-05,0.0015781310408198204
91.57876876753507,0.998221636545201,0.00017154290644886926,2.8672708407949136e-05,0.0015781478399421109
91.76303188376752,0.998226792100322,0.00017000253141599068,2.503897844831598e-05,0.0015781663898134812
91.947295,0.9982287924976099,0.00016928811677944318,2.373451352352464e-05,0.0015781848720872694
