tg,0-0,0-1,1-1,1-0,other
0.0,1.0,0.0,0.0,0.0,0.0
1.0216477888888889,0.9999874563570122,1.1361664267089363e-05,1.3690999309505265e-12,1.1817801396868327e-06,1.9721221623916818e-10
2.0432955777777777,0.9998352706318365,0.0001473455497766726,3.282041433347053e-10,1.7374132921298805e-05,9.357261972480732e-09
3.0649433666666663,0.9993767297027275,0.0005349302515494499,8.989586264528421e-09,8.824079864713837e-05,9.025749528166847e-08
4.086591155555555,0.9985616671443175,0.0011351239253722188,1.1290435853040387e-07,0.0003027495174290585,3.4650852466586545e-07
5.1082389444444445,0.9974418279536953,0.0017844820340742382,8.062354697672771e-07,0.0007717913214684302,1.0924552943194648e-06
6.129886733333333,0.9961978071763823,0.0022104367136169725,3.6053443997034827e-06,0.001585735207395905,2.415558207643589e-06
7.151534522222222,0.9946244920828706,0.0023905174541530546,1.2364361486423086e-05,0.0029682720957900205,4.3540057035750695e-06
8.17318231111111,0.9914998549842217,0.0031862879809259133,3.788846670853608e-05,0.005266176740801339,9.791827347626503e-06
9.194830099999999,0.985863466397073,0.0054796157967021124,0.00010258874236967996,0.008528070720027184,2.625834383293495e-05
10.216477888888889,0.9787024189552417,0.008277766058461287,0.00023549061244953744,0.012728630876473041,5.569349738146234e-05
11.238125677777777,0.9711756270181384,0.009745271385013425,0.00048537999411590426,0.018508951189475424,8.477041326321643e-05
12.259773466666665,0.9621358715460041,0.010432833204657167,0.0009741695496658313,0.026328586103418733,0.00012853959626282972
13.281421255555555,0.9501488019393213,0.012435468936944048,0.001866473635233846,0.03530970133549441,0.00023955415301029696
14.303069044444443,0.935762195576577,0.015473855732553572,0.0032307015439450985,0.04511379625295461,0.00041945089397189416
15.324716833333333,0.9188932988164331,0.018160868553514318,0.005185149598158836,0.05716183054616672,0.0005988524857330096
16.34636462222222,0.8980606861213741,0.02186906504233929,0.008209741914725207,0.07101106016579163,0.0008494467557780929
17.36801241111111,0.8749654789397145,0.027393188256483247,0.012706995527244686,0.08357057917462941,0.0013637581019344488
18.389660199999998,0.8538532618166349,0.030786450180815356,0.018302821848072973,0.09505628874947665,0.002001177405004459
19.41130798888889,0.8343374143800804,0.030164708874227848,0.024809389693883407,0.10821804208805846,0.002470444963755798
20.432955777777778,0.811834537134805,0.03184763055965057,0.03317276600230647,0.11996521747221116,0.003179848831030603
21.454603566666666,0.7864641042900851,0.040229231152548735,0.043540288843658514,0.12509160003644676,0.004674775677268786
22.476251355555554,0.7642722501241883,0.04830659186681805,0.05388601241783273,0.12734780181696345,0.006187343774201787
23.497899144444442,0.7492145961243879,0.049703329011273945,0.06314688358878962,0.13117663951783393,0.006758551757721218
24.51954693333333,0.7393471780625676,0.05040982242313373,0.07261105603475744,0.12998106536086948,0.007650878118676682
25.541194722222222,0.7318695551099542,0.057001531321129395,0.08195188416551219,0.11915241188630196,0.01002461751710733
26.56284251111111,0.7284905933983635,0.06398494701006224,0.08810926683352274,0.10753541062303987,0.011879782135018833
27.5844903,0.731957087495369,0.06689969494536989,0.09011973600532786,0.09942396052148499,0.011599521032453914
28.606138088888887,0.738459627771733,0.07359873021058833,0.08974099389106918,0.08647963481290527,0.011721013313711077
29.627785877777775,0.7441974720349439,0.08691883170718279,0.08767299821621141,0.06732295596223345,0.013887742079433173
30.649433666666667,0.756344766975479,0.09415506672772325,0.08309221770026054,0.051489354734948284,0.01491859386159416
31.671081455555555,0.7786372586699852,0.0911489357034279,0.07667939928268658,0.04038281983280595,0.01315158651110372
32.69272924444444,0.7940091071448743,0.09520467428377626,0.07014688449459101,0.02829474734755213,0.012344586729213961
33.714377033333335,0.7907694597341903,0.11357915334849569,0.06472271446978611,0.01655142792525076,0.014377244522279982
34.73602482222222,0.7871651739330302,0.12546999630344913,0.06128551017769007,0.010362570059948489,0.015716749525889105
35.75767261111111,0.7946662020932339,0.12007788513156624,0.060923764490868976,0.009958234186732378,0.014373914097604025
36.779320399999996,0.7918631453211418,0.11636324473250291,0.06416202247107644,0.012956548465315302,0.014655039009968764
37.80096818888889,0.7667147318652715,0.12623045216484124,0.07079731969328594,0.017470588768813355,0.01878690750779241
38.82261597777778,0.7396451404316986,0.13225689036761373,0.08044753472180755,0.02534594908067127,0.02230448539821419
39.844263766666664,0.7196724823518376,0.12591276207765947,0.0930338443087625,0.0390096477715792,0.02237126349017003
40.865911555555556,0.6923265076036731,0.12279499418627975,0.10774407790439275,0.052581591992792935,0.0245528283128681
41.88755934444444,0.6592265388693905,0.12770221400334902,0.12271532818927999,0.05901243932865502,0.0313434796093284
42.90920713333333,0.6384347405994539,0.1251531472744573,0.135988924833211,0.06529752861628739,0.03512565867659363
43.930854922222224,0.6297337646423459,0.11462664297386466,0.14654699391423082,0.07620841617676205,0.032884182292799546
44.95250271111111,0.6184488117476546,0.1152960089842167,0.1526215246898486,0.08043166052657091,0.03320199405171495
45.9741505,0.607460535911574,0.1274097141905716,0.152993233038713,0.07379975934496,0.038336757514188774
46.995798288888885,0.6150674790691414,0.1291161464013286,0.14813356233843764,0.06921725597662091,0.038465556214476955
48.01744607777778,0.6434224344946419,0.11771570384630073,0.13882459609047548,0.06820326434407359,0.03183400122451545
49.03909386666666,0.6704038928419871,0.11630521415525372,0.12563941273069515,0.05939244882584967,0.02825903144621821
50.06074165555555,0.6848374081933876,0.13081225517281236,0.11054468008413226,0.04464955340518566,0.0291561031444866
51.082389444444445,0.7056423428345386,0.13762793596697948,0.09576123506010327,0.034203916602096755,0.02676456953628403
52.10403723333333,0.741423319035858,0.12881546216814196,0.0824700777885694,0.0266448579516537,0.020646283055778748
53.12568502222222,0.769115829597053,0.12390949593964104,0.07181470994683613,0.01743770887459085,0.017722255641877235
54.147332811111106,0.7774176691916773,0.12952100089191707,0.06505839143540838,0.009814152339216713,0.01818878614178653
55.1689806,0.7847141445252777,0.12792559264008416,0.06240413499673865,0.007982959884200962,0.016973167953704304
56.19062838888889,0.7939760538786793,0.11675687881701535,0.06308362116511608,0.012112841434323125,0.014070604704868327
57.212276177777774,0.7876294455155957,0.11257766924432318,0.06634527784410134,0.019579639438219797,0.013867967957765827
58.233923966666666,0.7703518530748777,0.11382628270561446,0.07196320690113563,0.027808400776953852,0.016050256541422676
59.25557175555555,0.7611568852095625,0.10408886984160612,0.07896998685300614,0.039725915269624726,0.01605834282620827
60.27721954444444,0.7554968679625358,0.08732842437400973,0.08599344605549948,0.05725509866127737,0.013926162946679732
61.298867333333334,0.7391288353493272,0.0818095002227756,0.09213317227353156,0.07316303804073625,0.013765454113634707
62.32051512222222,0.7197652003317727,0.08488804015905559,0.0963531442665686,0.08363214102071517,0.015361474221892301
63.34216291111111,0.7125115517909367,0.07950950207552496,0.09694632956928353,0.09636628030833048,0.014666336255929
64.3638107,0.7162693278502167,0.06595179758979806,0.09380203433616863,0.11202325055862919,0.011953589665191902
65.38545848888889,0.7220968969659783,0.05822709977485617,0.08893504475304656,0.12009050677855226,0.01065045172756852
66.40710627777777,0.7288577588889794,0.05777642537653271,0.0826063047058451,0.12042044888916786,0.010339062139478198
67.42875406666667,0.7411353856010157,0.054614677183109125,0.0729522631553927,0.12267977571093913,0.008617898349550679
68.45040185555555,0.7599661822374237,0.04811018922268887,0.06061233359870321,0.12505662677997995,0.006254668161208123
69.47204964444444,0.7818228529401843,0.04486490133965619,0.04903219584687808,0.11915577685681801,0.005124273016468938
70.49369743333332,0.8049121109804069,0.04313734256927291,0.039444615690753033,0.10794492260510602,0.0045610081544680365
71.51534522222222,0.830790239406966,0.03703663380857972,0.030409370574184278,0.09841761440193046,0.003346141808342834
72.53699301111111,0.8579274047917707,0.029702929972871075,0.02179215101449294,0.08856095776636629,0.0020165564545056936
73.55864079999999,0.881031271508134,0.027632811463982006,0.014925505762974852,0.07504043675971832,0.001369974505195992
74.58028858888889,0.8995334351290682,0.028140356353044932,0.010098346495084967,0.06109270363214292,0.0011351583906657786
75.60193637777778,0.9181813015283184,0.024836120412303514,0.0065689607262333985,0.049577942356206765,0.0008356749769426495
76.62358416666666,0.9377150968460426,0.018744951832026437,0.003982194225800007,0.03905974721671941,0.0004980098794190321
77.64523195555556,0.9538008197299322,0.014692080528272793,0.002308126404750226,0.02892096804379267,0.00027800529326056466
78.66687974444444,0.9648868476192727,0.012923537051741213,0.0013081631481875562,0.020726119350718074,0.00015533283008816706
79.68852753333333,0.9733505461042389,0.011047467593887556,0.0006937264995659963,0.014821534499368093,8.672530294664822e-05
80.71017532222221,0.9803360122672319,0.009036827320574696,0.00033244170630015546,0.010235118470330802,5.960023556978621e-05
81.73182311111111,0.9854762982483911,0.007633457708963557,0.00015409348081117416,0.006685478166217395,5.0672395624398204e-05
82.7534709,0.9894394052181972,0.006051551224487172,7.54893648740911e-05,0.004397203507728108,3.635068471863276e-05
83.77511868888888,0.9928885771752335,0.003896786824786466,3.6553732610077475e-05,0.003159655599725988,1.8426667651356465e-05
84.79676647777778,0.9951972709914517,0.0022655505937732006,1.58176760373407e-05,0.0025128948787200957,8.465860025523707e-06
85.81841426666666,0.9960479718675863,0.0017625813437137374,7.493428608312831e-06,0.002175191035876865,6.762324221721447e-06
86.84006205555555,0.9962922370259193,0.0016367886234199428,6.288535182588032e-06,0.002056296223579034,8.389591907760079e-06
87.86170984444445,0.9966738699685556,0.00121148790806814,7.5102309953336755e-06,0.002097787817669092,9.344074720039998e-06
88.88335763333333,0.9971854562411214,0.0006258290172781289,8.942934042955407e-06,0.0021712383471541655,8.533460409851678e-06
89.90500542222222,0.9975934301549878,0.0002080642151382324,9.73298931395787e-06,0.0021815560045134593,7.21663605346801e-06
90.9266532111111,0.9977860008101523,3.536822047279508e-05,9.703565514914785e-06,0.0021620980787484013,6.8293251170787744e-06
91.948301,0.9978197243499629,9.099116860559351e-06,9.462618093049499e-06,0.0021547464245139617,6.967490572354761e-06
