2.123829357446159732e-03
2.180379918718311147e-03
2.236930479990462562e-03
2.299473153715292026e-03
2.356023714987443441e-03
2.425307515221536252e-03
2.488224695974658365e-03
2.557133989180458526e-03
2.620051169933580639e-03
2.695327082620351498e-03
2.764610882854444309e-03
2.839886795541215168e-03
2.915537215256278243e-03
2.990813127943049536e-03
3.072455660110791093e-03
3.154098192278532650e-03
3.242481850955537554e-03
3.330116495575957160e-03
3.417751140196377199e-03
3.506134798873382103e-03
3.600510570003065056e-03
3.700878453585426490e-03
3.801246337167787492e-03
3.901614220750148927e-03
4.002731118389095226e-03
4.109091114424134709e-03
4.222192236968437540e-03
4.335293359512739503e-03
4.448394482057042333e-03
4.568236731110608510e-03
4.693322078560267438e-03
4.819156440066511664e-03
4.950982914025433938e-03
5.082809387984356213e-03
5.215384875999862918e-03
5.359195574864142157e-03
5.497763175332326911e-03
5.648315000705869497e-03
5.799615840135995647e-03
5.956159777962216281e-03
6.113452729845021347e-03
6.276737794180504461e-03
6.446576731511104164e-03
6.616228415327558843e-03
6.792153091867910407e-03
6.974350761132158856e-03
7.162821423120305925e-03
7.357565077832349879e-03
7.552402359301467645e-03
7.753419006737409351e-03
7.960802273654322622e-03
8.174458533295132778e-03
8.394294158902766007e-03
8.614223411267473915e-03
8.846698649079977328e-03
9.085446879616378493e-03
9.324288736909850869e-03
9.575582952894047539e-03
9.833150161602140227e-03
1.009708398979120361e-02
1.036729081070416475e-02
1.064367699758395069e-02
1.092642980394470734e-02
1.121545560302936173e-02
1.151712101431888458e-02
1.182496579157523223e-02
1.213908356155547590e-02
1.246584094374058801e-02
1.279877769189252668e-02
1.313808105952543430e-02
1.348993041260613743e-02
1.384814638516781125e-02
1.421890834317728058e-02
1.460202903312039779e-02
1.499170359605863333e-02
1.538755752496369193e-02
1.579595743931654778e-02
1.621690333911719739e-02
1.665039522436563904e-02
1.709662034857602556e-02
1.754902483875323688e-02
1.802015468034506851e-02
1.849765114141786737e-02
1.899406020741943590e-02
1.949664863938782577e-02
2.001814967628498185e-02
2.054601733266311209e-02
2.109261034045585917e-02
2.165811595317737245e-02
2.222998818537985644e-02
2.282058576899696073e-02
2.342990870402868187e-02
2.405196487802234787e-02
2.469274640343063071e-02
2.534626116780085495e-02
2.601850128358570297e-02
2.670984125781345961e-02
2.741990658345583656e-02
2.814233064103186313e-02
2.889022117653176902e-02
2.965646255641800691e-02
3.044217830177544520e-02
3.124624489151921550e-02
3.207577795918686164e-02
3.292403637826913504e-02
3.379738676824699251e-02
3.468946250963947375e-02
3.560663022192754601e-02
3.654289779265852689e-02
3.751062395376606601e-02
3.850344208576920307e-02
3.951498556918695698e-02
4.055798764298126913e-02
4.162608168767117228e-02
4.272563432273764061e-02
4.385027892869969302e-02
4.500638212503831059e-02
4.618757729227251918e-02
4.740659766936426017e-02
4.865071001735158523e-02
4.992628095571547547e-02
5.123930259690860634e-02
5.258378282847829543e-02
5.395972165042454971e-02
5.537386018925662123e-02
5.682544943091794032e-02
5.831448937540849309e-02
5.983498791027561103e-02
6.139892926042463811e-02
6.300153846124485757e-02
6.464768410410406951e-02
6.633156133006375132e-02
6.805944313184777994e-02
6.983132950945615536e-02
7.164712683613182198e-02
7.351329535811282345e-02
7.542337482916108837e-02
7.737745887603372785e-02
7.938172686469753547e-02
8.144263904139058263e-02
8.354755579390797660e-02
8.570892948094044339e-02
8.792058073652117556e-02
9.018887618013111951e-02
9.251362855825615017e-02
9.489493149765333702e-02
9.733278499832266617e-02
9.983346205298804232e-02
1.023971499151636183e-01
1.050172010850971976e-01
1.077063488017507287e-01
1.104584136991573762e-01
1.132795751432839754e-01
1.161698331341305124e-01
1.191291876716970011e-01
1.221576387559834415e-01
1.252553736405039586e-01
1.284345638036780979e-01
1.316830377670863139e-01
1.350131542626622494e-01
1.384185466709249857e-01
1.419057688648696081e-01
1.454808129569487851e-01
1.491313202152288742e-01
1.528698366251576846e-01
1.566963621867352163e-01
1.606107096464473027e-01
1.646132535113222495e-01
1.687097986402985861e-01
1.729007195404046182e-01
1.771858289581261792e-01
1.815714935129442431e-01
1.860513465853778636e-01
1.906317547949079594e-01
1.953190847610155600e-01
2.001069698642196359e-01
2.050014022169729389e-01
2.100093101992988043e-01
2.151175860652070337e-01
2.203449551661122718e-01
2.256794332771090983e-01
2.311333791301312390e-01
2.367064182181503329e-01
2.423925584287137391e-01
2.481985408883306821e-01
2.541296086953973021e-01
2.601868853709984886e-01
2.663632552815966004e-01
2.726714516661536969e-01
2.791054824122169986e-01
2.856713396322392295e-01
2.923690233262203897e-01
2.992052746206697034e-01
3.061733523890780018e-01
3.132796232509261203e-01
3.205177205867332235e-01
3.279067442549421507e-01
3.354279689041382295e-01
3.430997453787079099e-01
3.509097149467174659e-01
3.588642442276478994e-01
