tg,0,2,7,25,4,1,5,other
0.0,1.0,0.0,0.0,0.0,0.0,0.0,0.0,0.0
0.20177800806451612,0.9999997595284883,7.742913349770201e-17,2.291571412805863e-08,1.4343132881112312e-14,3.621252718078349e-14,2.137918852408072e-07,1.2287236228333813e-09,2.5351382574966604e-09
0.40355601612903225,0.9999550968011622,1.6971173295891807e-13,6.435624529374463e-07,3.4665498909060365e-12,5.588599740858646e-10,4.421523426298245e-05,4.175681757593111e-08,2.082808349839375e-09
0.6053340241935483,0.9997261739187187,1.4731826181160443e-11,3.5198542117974696e-06,3.907830655174348e-11,3.4873742435354675e-08,0.00027016924822317916,9.020100630500719e-08,1.1850287441645233e-08
0.8071120322580645,0.9997569557284395,4.395352785833641e-11,1.0642409622016898e-05,4.4143228874418237e-10,4.344561999773719e-08,0.00023220566491710857,1.2272030990180878e-07,2.954570591615387e-08
1.0088900403225807,0.9999598012614475,2.297960101790738e-10,2.7882015580914104e-05,3.6446959967487703e-09,4.749229561026159e-10,1.2084808101213836e-05,1.5655528663034722e-07,7.101016921394995e-08
1.2106680483870966,0.999570303990142,1.4495427503529828e-09,5.7495047898013895e-05,1.1816466243494164e-08,1.5616815567769481e-07,0.00037163729494917367,1.6516088280319754e-07,2.2907196340891876e-07
1.4124460564516128,0.9996319015286312,4.220013191220311e-10,0.0001027259572704272,4.119054302344655e-08,1.0720122582918298e-07,0.00026456960031374384,3.8021650007530526e-07,2.7388351443423166e-07
1.614224064516129,0.9997818535052264,1.1285784803687398e-08,0.0001944341598161081,1.548490174302574e-07,2.7718656542166964e-08,2.2504638944715127e-05,7.596675882747632e-07,2.5417496574264934e-07
1.8160020725806452,0.9985482311230475,4.758587925127185e-08,0.0003382149754274442,4.187093873390334e-07,5.6628811310599074e-08,0.0011112556379163788,6.127138490885202e-07,1.1626256817339907e-06
2.0177800806451613,0.9976973598892895,5.964127761997241e-08,0.0005050619636294816,9.056606333712375e-07,4.12594871010874e-06,0.001789404477061874,5.97744507795086e-07,2.4846748904974776e-06
2.2195580887096775,0.9991741267352542,1.0729713424512581e-07,0.0007535569027787158,2.142473241879414e-06,2.9035662904122797e-08,6.708128711029156e-05,1.2790396855638226e-06,1.6772291320712247e-06
2.4213360967741933,0.9958708672801537,4.5803408807399387e-07,0.0010935399084099167,4.1881634027397215e-06,3.4325837622742423e-06,0.003017552150886786,1.3364762180802337e-06,8.625403078631209e-06
2.6231141048387094,0.9937729492701318,4.080367814475644e-07,0.001485884285271738,7.82153134557895e-06,3.7265442586313535e-05,0.004676687862054509,1.4282123949058969e-06,1.755535943380582e-05
2.8248921129032256,0.9971972301543477,6.678850687034692e-07,0.002124218801039071,1.615248549674909e-05,4.115195283912202e-06,0.0006416320193007479,2.4505716968883026e-06,1.3532887766286951e-05
3.026670120967742,0.9960135653506648,2.7316151559112608e-06,0.0029915942544474494,2.9881404585878503e-05,5.360658482755127e-06,0.0009393293132612217,2.365582368541334e-06,1.5171821033460437e-05
3.228448129032258,0.9925561052307489,3.7089508825171063e-06,0.003850255597998173,4.655078438424018e-05,5.155081113528667e-06,0.0035077627243512606,1.5144082890994471e-06,2.8947222232480396e-05
3.430226137096774,0.9940466299106127,4.232316675486516e-06,0.00491021887173557,7.904380666333794e-05,6.92117649633304e-06,0.0009202924811569208,2.944109685291278e-06,2.971732697421896e-05
3.6320041451612903,0.989397108047327,1.4016315893170177e-05,0.006337474169722735,0.00012984842578929104,2.0689337464601122e-05,0.00400258995643502,4.125377369250415e-06,9.414836999892498e-05
3.8337821532258065,0.9752318289879867,2.0172430686415157e-05,0.007616474331123472,0.00019673989210870806,0.00034607684039265755,0.01625724852961393,4.183714669151555e-06,0.0003272752734189655
4.035560161290323,0.9825237569374731,1.2814681656547629e-05,0.00972209411255602,0.0003125531678410263,0.0002651987185371009,0.0068983133388233215,6.208468591407256e-06,0.00025906057452174645
4.237338169354839,0.9858948842983186,4.2477420028544694e-05,0.012603250976258092,0.0004714371886890969,8.1909656011705e-06,0.0008402346302471437,4.592372579237613e-06,0.00013493214827821096
4.439116177419355,0.9758433446373498,6.282200813723274e-05,0.014933920434626276,0.0006400459898620943,0.000315141616583453,0.007937368516085876,2.9550894896052586e-06,0.00026440170786563876
4.640894185483871,0.9768611099536144,6.050191698952303e-05,0.017824288932794044,0.0009213536914537188,8.028647270812252e-05,0.003947332340878728,5.652935393397697e-06,0.00029947375616803197
4.8426721935483865,0.9750708813117885,0.00013952936348825094,0.021601801192787262,0.001331050800048669,7.303009015660836e-05,0.0012385871055610705,7.1162918957561225e-06,0.0005380038442738537
5.044450201612903,0.9493071200831044,0.0002478054475501178,0.024347592040973483,0.0018114080089123904,0.0005478390711280683,0.022115364439550093,1.2763237995997665e-05,0.001610107670785468
5.246228209677419,0.9425130206687391,0.00021000342332069827,0.027619275914466626,0.002447730017595061,0.002270346432992351,0.02300073647703152,1.4446678368377598e-05,0.0019244403874864096
5.448006217741935,0.9594234333096349,0.00033625401400767314,0.03530323219477654,0.0033042233353463724,9.342518335686836e-06,0.0007523091031449143,9.074187836572476e-06,0.0008621313369175403
5.649784225806451,0.9312577614109371,0.0005883669176371744,0.037843774408992566,0.004099462540961551,0.0013148600308355532,0.022283231527823043,1.9298305206784878e-05,0.00259324485760609
5.851562233870967,0.9235146710652911,0.0004988256748756273,0.04173844801396129,0.005335902365228299,0.0035086116009171047,0.02203260272248879,2.5947147291007015e-05,0.0033449914099467734
6.053340241935484,0.936062912388834,0.0007849502010086944,0.05164219980521816,0.006922367764653808,0.0003016522035232569,0.0013436532358040525,8.612580647819124e-06,0.002933651820310154
6.25511825,0.9158311017558747,0.0014421644298506957,0.058627363037897555,0.008632624078809383,0.0008865848773458503,0.010917267575660394,4.900171515455057e-05,0.003613892529407063
6.456896258064516,0.8892796123523221,0.0016191479072819358,0.06282908891418292,0.010508634885313249,0.002328030792344978,0.02821790728320847,4.42647646791639e-05,0.005173313100667316
6.658674266129032,0.9021168491568015,0.001796519683934417,0.07403203054428177,0.013136376020186758,0.0005733397271160024,0.00431937039969412,2.6930183409930125e-05,0.003998584284575478
6.860452274193548,0.8680269219013271,0.003149401817080741,0.07464429266924963,0.014836723689172457,0.0023496331443703337,0.02686646652392778,0.0001446094860513298,0.009981950768820615
7.0622302822580645,0.813503210969027,0.0033032620729657874,0.06641715153165104,0.01706468360675046,0.016070478659062092,0.06408787901304831,0.00018639659250847487,0.01936693755498686
7.264008290322581,0.8465144181901274,0.0033226743169282058,0.08936911911116092,0.021905710665129603,0.006435839992976925,0.018509447635757223,6.768295218875451e-05,0.013875107135731167
7.465786298387097,0.8459681779737426,0.005873307731568339,0.10998794652667612,0.02493335324354047,0.0005925066361530888,0.0029071764556132195,0.00013929538635119754,0.009598236046355063
7.667564306451613,0.8120648698968804,0.007057649292703543,0.11616439856909194,0.028921959455774117,0.004967344879223329,0.020681104852360785,0.00015756479171365445,0.009985108262252188
7.869342314516129,0.8082677275381767,0.007470446283418696,0.12823116189954217,0.03318753236480041,0.001200150234078596,0.009617075837023585,9.974941140728188e-05,0.011926156431552795
8.071120322580645,0.7889391306452891,0.011206823120745356,0.13008013068311228,0.03417244190429399,0.0030335363419994755,0.009075020047854123,0.0004400469707580634,0.023052870285947737
8.27289833064516,0.7001291408661531,0.013989446629134481,0.10370672792089336,0.03635087073399228,0.017264003848871685,0.08121560926627479,0.0010311045283858576,0.04631309620629439
8.474676338709678,0.7033865062769864,0.012565851814315132,0.1179318440524561,0.043884372328299635,0.03166102634156431,0.04680553843231762,0.0010793034360346446,0.042685557318026236
8.676454346774193,0.734687736267875,0.018817915656195828,0.17349554231680414,0.048475436342710405,2.5623143676599337e-05,0.0008966446479033899,0.00025481264631179964,0.02334628897852282
8.87823235483871,0.6742480445429506,0.02346661007199615,0.1587789819048864,0.051056765424208145,0.017436004722103476,0.03864368153174932,0.001008395885957963,0.03536151591614796
9.080010362903225,0.6642050232135865,0.0228291517262927,0.17281199755013552,0.05855740155268751,0.019147541193103274,0.025068064963357117,0.0009600868389294542,0.03642073296190772
9.281788370967742,0.6657512312055042,0.03127667941831755,0.19755665485781718,0.0571420074836767,0.002296591081254563,0.000827924827735107,0.0002535631759590117,0.044895347949735896
9.483566379032258,0.6047026184331787,0.041023842091902435,0.1829554456898245,0.06101426619701036,0.012968736339401401,0.03786107798255454,0.0025301330476991037,0.056943880218429055
9.685344387096773,0.556554135190525,0.041044133704552635,0.17249132535755132,0.06420449796128624,0.036203729361332815,0.057152278148105404,0.003244493107845513,0.06910540716880108
9.88712239516129,0.5836893407594766,0.048921570056421025,0.24313356955265633,0.07319371375790917,0.0033327760161164783,0.0054578832389391456,0.0004841952528257067,0.04178695136565542
10.088900403225805,0.5202040199609355,0.06266910615369653,0.19667331067192131,0.06985697958159465,0.020626927674115787,0.04912363491013665,0.0043473563901506515,0.07649866465744888
10.290678411290322,0.46996964508637135,0.058615763766628956,0.15443173289605394,0.07013278254616886,0.07190326185754008,0.058126876028333115,0.0073564969794934505,0.10946344083941012
10.492456419354838,0.49666308959543887,0.07189311462459898,0.24235262287116183,0.07916327037474682,0.018713076434595063,0.010654168290538925,0.0007534559735357755,0.07980720183538353
10.694234427419355,0.4718820605385983,0.0962737239335195,0.27834205132135614,0.07920330767952719,0.0057032756302742744,0.005426757351209005,0.002677868063203487,0.060490955482312335
10.89601243548387,0.42394903595258665,0.10347941070443878,0.27230491425215264,0.08780891347447943,0.0176484530241099,0.03141588540210591,0.004930765373730027,0.05846262181639677
11.097790443548387,0.41739285107718826,0.11051924060829199,0.3071892959991201,0.0912463433480525,0.008240613329926268,0.00913317395712587,0.0022403984620447295,0.0540380832182501
11.299568451612902,0.38471918475589795,0.13759662838944567,0.26257952640452653,0.0796950453943206,0.017208161394625825,0.01617883080477793,0.006709146280509089,0.09531347657589612
11.50134645967742,0.30300796884739584,0.1374218750976422,0.14537177767982956,0.07282898756269873,0.07688942939584305,0.07940340039080156,0.018449083148678866,0.16662747787711013
11.703124467741935,0.3163744958256417,0.13862683775368223,0.21530881680742706,0.09281104528168738,0.07254565317494259,0.019592841294854467,0.014683428332048443,0.13005688152971626
11.904902475806452,0.3178639838673149,0.1887172670734849,0.33166078709196645,0.0894811556723263,9.65546018925867e-05,0.000488552479017834,0.0013460676608128162,0.0703456315531841
12.106680483870967,0.27850562959082015,0.20372076084718185,0.2910966699292652,0.09382186875922244,0.03625779011039733,0.012100875961854938,0.00978405447538946,0.0747123503258687
12.308458491935484,0.2634083556477622,0.2091140155538697,0.324099903614254,0.10196555036816343,0.01844594813126542,0.009236741511950591,0.0066098910729786515,0.06711959409975582
12.5102365,0.24681221173410947,0.2499637097099223,0.3107565410386914,0.08517867757482306,0.005224137108920582,0.0010815787598168242,0.00232924526937779,0.09865389880433888
12.712014508064517,0.19618334533365844,0.2697943759184515,0.20579828409823137,0.08331317069770951,0.04363641942918676,0.037768633314495856,0.024341985938909346,0.13916378526935724
12.913792516129032,0.17796988199319097,0.2571352143711381,0.19542255720710677,0.08578993011735365,0.08009287935259288,0.022614410939634982,0.03325428536784905,0.14772084065113367
13.115570524193547,0.18336113680452298,0.31505635814736527,0.3265569256302248,0.09568136732674286,0.003634780804860235,0.001459222130582966,0.0014474575932810181,0.07280275156241986
13.317348532258064,0.1514906948082657,0.3412500845233403,0.23191403744289077,0.0871447325567325,0.03687962998428725,0.0196902570002032,0.02334461510963702,0.10828594857464331
13.51912654032258,0.13739071059743282,0.3257614808125941,0.21224822991555659,0.09022308708159442,0.06698165827676425,0.008064320211753422,0.035063545606535976,0.12426696749776864
13.720904548387097,0.13261005814459392,0.3859399785901738,0.2858518928434303,0.08851625233700708,0.010962072744318698,0.0013550775330585358,0.0022041849350174416,0.09256048287240018
13.922682556451612,0.11430777033185774,0.4364637271665155,0.25867672032619643,0.08237048497962231,0.011792510395852128,0.0035685948715085303,0.012238234871159236,0.08058195705728818
14.124460564516129,0.0949258712867837,0.4350807971160454,0.2306812475878202,0.08327424628413176,0.03099724944116998,0.013158188286470258,0.0292814409625913,0.08260095903498753
14.326238572580644,0.09132800782683373,0.4636554791902634,0.28111430378793445,0.08784616113971389,0.009509071116324224,0.0013625936231888435,0.009142024330427987,0.05604235898531333
14.528016580645161,0.07703443389836762,0.5093231314374658,0.20943705360692394,0.07285318072544308,0.01910214352586602,0.006502272099307163,0.022498015648361708,0.08324976905826452
14.729794588709677,0.06021925814686118,0.47017804168076566,0.12856200648345043,0.06258813168214368,0.06502464961441107,0.014993277099058346,0.06627738068838443,0.13215725460492497
14.931572596774194,0.05938487492509609,0.5104876666080352,0.20651320183559624,0.07464313981710763,0.03261772826475639,0.0012066059541695321,0.03058752705633769,0.08455925553890092
15.133350604838709,0.05267910565345395,0.5982071479774345,0.2348779157659125,0.06622161709871596,0.0005336773760574164,0.00016160144952271255,0.0020222228760281608,0.045296711802874465
15.335128612903226,0.04388012828640624,0.6084927569797035,0.2116749175581531,0.0639495582412697,0.012860996976886559,0.0012702423732757222,0.02049827205939936,0.03737312752490566
15.536906620967741,0.03855616176467789,0.6210860589593615,0.22867655473987647,0.06286307487847878,0.005922938269729062,0.0014170467307585918,0.011938966800605522,0.029539197856511948
15.738684629032258,0.033012461058322534,0.6731098170440687,0.19039035592821288,0.05131807359249992,0.003451218720643641,0.0003601226774744851,0.004917470243467446,0.04344048073531046
15.940462637096774,0.024191528185742956,0.6570415141446445,0.11358948243428153,0.042011772943745966,0.030288256668557945,0.006662055620307007,0.05626452219728083,0.06995086780543924
16.14224064516129,0.021925391797821568,0.6428707881009894,0.13510981900071095,0.04366236678303755,0.032344379835639876,0.0009575387275378865,0.059930747028486,0.0631989687257767
16.344018653225806,0.01949784825369688,0.7361662701748087,0.1775995740179977,0.042022855703120504,0.0007040606545421882,8.22280762280236e-05,0.0013917113683169981,0.022535451751289192
16.54579666129032,0.015479844111351336,0.7458915143757204,0.13444032985964724,0.034419017176952164,0.011423961782199807,0.0010500876353193003,0.02814786468417012,0.029147380374639428
16.747574669354837,0.013332956676574692,0.7406191941361562,0.14397627336974717,0.03522329382806448,0.011747664293035804,0.00010517602279376136,0.030119773370665667,0.024875668302962138
16.949352677419355,0.011078129561035979,0.7951522953311572,0.14050512373650864,0.03058805573702215,0.0012584858692542983,2.497675617842999e-05,0.001372280148252517,0.020020652860590987
17.15113068548387,0.008365023915089118,0.8191909730028485,0.10112608829140587,0.02334456724685045,0.00553765603950153,0.0006864829332351198,0.018257512518126438,0.023491696052942993
17.352908693548386,0.006617206654528946,0.798543139969216,0.09548522497932146,0.021056613203267946,0.011140653395319718,0.0007777186913249024,0.0413368833829773,0.025042559724043723
17.5546867016129,0.005756139453107838,0.8383445104379076,0.11122169622532574,0.022181048189063097,0.0018870636253144162,4.3061713488009945e-05,0.008442469417476988,0.012124010938316193
17.75646470967742,0.004456467428150486,0.8612347647141404,0.07619600882608447,0.016480531999945935,0.00435714528408614,0.0003462025072377548,0.019510134579050858,0.01741874466130381
17.958242717741935,0.003551654788454785,0.8270304034241863,0.06912177901467875,0.014890076792325489,0.010440175320780086,0.00022365466255179175,0.05084505799988225,0.023897197997140483
18.16002072580645,0.002891736631481728,0.8685708491151377,0.08218820455818293,0.015783099745895795,0.002830773139514429,3.4003391650463674e-05,0.015205013821096035,0.01249631959704102
18.361798733870966,0.0021995101669510294,0.9108792510517597,0.0640111851411501,0.012133941085223608,0.0002585635267407213,4.793924906078207e-06,0.0014561973303317366,0.009056557772937061
18.563576741935485,0.0016896892992742942,0.9094379269604627,0.05609250665655225,0.010068301133809878,0.0014507962409469337,5.322559802896471e-05,0.0132925693202604,0.007914984790664461
18.76535475,0.0013675189877972115,0.916036952028653,0.05841103924002296,0.009761643382619882,0.0006996207195917722,3.471760500190556e-06,0.007485429505303029,0.006234324375512022
18.967132758064515,0.0010166554770496342,0.9377676765233671,0.04216387584258425,0.00778587523569302,0.00048441636140653707,4.0712187049285694e-05,0.0035760498581854216,0.007164738514664908
19.16891076612903,0.0007217944866848215,0.9145514476805637,0.030474629245709924,0.005779740568145138,0.0031683686185744724,0.00018309564094014434,0.03477283345997588,0.010348090299405728
19.370688774193546,0.0005808198666244395,0.9188422650292297,0.038544606741869755,0.0060300941171030666,0.002025791892610638,5.57448406697344e-07,0.026102675992215062,0.007873188911940767
19.572466782258065,0.0004388753692016077,0.9578523750966008,0.03207840346734117,0.005118035616887843,1.1287570752985612e-05,3.203756742852409e-06,0.00026587543829848756,0.004231943684174041
19.77424479032258,0.00032636980668027056,0.957789259567223,0.024749426123400933,0.003652019398572089,0.00043974867784061226,2.416379442061372e-07,0.008697609011426575,0.004345325776912253
19.976022798387095,0.00024824429598842084,0.9589964986298096,0.026252581011358148,0.0033666887062571184,0.0002855933323466847,1.3422724745203022e-05,0.007078538533702597,0.003758432765792202
20.17780080645161,0.00018125346714814084,0.9727814144731931,0.020376367623992742,0.0028402672679122944,2.1970805664452526e-05,9.068360795331904e-07,0.0001703572490289757,0.003627462276980708
20.37957881451613,0.00012633115537452467,0.972013209378314,0.012817938042523926,0.0018313818411620825,0.0003554881111839082,8.225986722139678e-06,0.0089001039917226,0.003947321492996855
20.581356822580645,9.648266185424841e-05,0.9637826385671453,0.01447149459612403,0.0014007796410640792,0.00046577698200457357,8.343431015122904e-06,0.015798896093035263,0.003975588027757378
20.78313483064516,6.813495184169872e-05,0.9798238733332852,0.013543875498546213,0.00128157961580377,3.9174954396722434e-05,3.1045461917496204e-06,0.0021475638420892077,0.003092693257845366
20.984912838709675,4.617106217600777e-05,0.9826108473463917,0.008357789181626468,0.0008516472615300086,0.0001051443423811518,1.1817061033258927e-05,0.004857577824202924,0.0031590059206585692
21.186690846774194,3.444563598760482e-05,0.9770581594544188,0.009359236082012386,0.0006244744299511454,0.0001633999679059165,4.690417250660888e-07,0.009538227025515073,0.0032215883624840094
21.38846885483871,2.4707751698480248e-05,0.9863215019677656,0.008224795820254123,0.0005782427184712608,2.4083438206124703e-05,4.055601996526336e-06,0.0019328829500076371,0.0028897297516000922
21.590246862903225,1.6627695237754203e-05,0.9914697951119094,0.004747671498535082,0.00043439741431579147,9.80502058257258e-06,5.291027527653953e-06,0.0005747405845807646,0.002741671647310545
21.79202487096774,1.152427871404312e-05,0.9896469735286425,0.0040856272002854615,0.00029822540179119667,2.5971963294563067e-05,2.8239565082579293e-06,0.0032845523230513943,0.0026443013477123797
21.99380287903226,8.836603834203741e-06,0.9915301989713321,0.004161777676247817,0.00025679546081186277,9.039266554111985e-06,2.129270546601602e-06,0.0014645621746567964,0.002566660576016727
22.195580887096774,6.831494169627662e-06,0.9941669794616623,0.0023181878958506647,0.000263766993181868,6.214749532343696e-06,5.280697546880619e-07,0.000761420850864829,0.0024760704849836153
22.39735889516129,5.547276427382813e-06,0.9902689670178434,0.0019951570872696537,0.00023121817912983303,2.4218182777213213e-05,6.401149623247827e-06,0.005008881020791802,0.002459610086137304
22.599136903225805,4.0715836602017545e-06,0.9924430507891908,0.0022726983794036366,0.00021040804667313767,7.908630681254857e-06,4.799425370352229e-06,0.0026107239780774785,0.0024463391669429222
22.80091491129032,2.9309561240375516e-06,0.9961402692192379,0.0012460422957412591,0.00023713220350249318,3.175668377472696e-08,1.6646795738630095e-06,5.3692304078223556e-06,0.0023665596587289276
23.00269291935484,2.3715999597407966e-06,0.9960232321273315,0.0008357160476471315,0.00025367666275934127,9.376032078354156e-07,1.6501058940291516e-06,0.0005834045085808576,0.002299011344619467
23.204470927419354,2.1059230444414276e-06,0.9961940809325779,0.0008306630526055618,0.00025682102210250034,4.4127106252852185e-07,2.4342484846970264e-06,0.00042093193384253996,0.002292521616279682
23.40624893548387,1.7836884747051955e-06,0.9969546679940026,0.000491108560599044,0.00027061732938809467,5.034390551115025e-08,2.972984788617087e-06,5.31378384504889e-06,0.0022734853149965
23.608026943548385,1.4916904982357986e-06,0.9966013891969336,0.00024644866458611907,0.0002888695412737921,4.832007336225174e-07,2.7572338395826986e-06,0.0006355768699104114,0.002222983602224506
23.809804951612904,1.383061777422904e-06,0.9964598397655515,0.00032211475167512923,0.0002899918689993777,3.9402345461473026e-07,1.1621562838740433e-06,0.0007233544855194645,0.002201759886738702
24.01158295967742,1.3711265251733979e-06,0.9972371758450509,0.00021795916141652066,0.0002933001668042909,1.7298452712252842e-08,2.733031725942488e-06,5.6923428189738193e-05,0.0021905199418344916
24.213360967741934,1.3763876752830282e-06,0.9973133447170132,0.00011864019469655475,0.0002997788153880874,3.1561816668166677e-08,2.2634848206513243e-06,9.238584606016331e-05,0.002172178992529508
24.41513897580645,1.336146189706036e-06,0.997303884639962,0.00012978580282960452,0.0003025443633885374,2.0731574293579085e-08,2.7425977636927944e-06,9.258343308695092e-05,0.0021671022852053703
24.61691698387097,1.2867106510926227e-06,0.9974230600014377,9.644125289631619e-05,0.00030353436778747425,1.0643185170806477e-09,2.0953952721259026e-06,7.91442763785001e-06,0.002165666779999238
24.818694991935484,1.2658662589297273e-06,0.9974578510795619,7.206416344727018e-05,0.00030451667282025595,2.5128285131690924e-10,2.2187464678699762e-06,1.4302885388679968e-06,0.002160652931621913
25.020473,1.259132119520341e-06,0.997452497407956,7.645577496777928e-05,0.0003045165216726899,1.3834214329373402e-10,2.2484228187023503e-06,3.129907125840274e-06,0.0021598926949972356
