tg,0,2,7,25,4,1,5,other
0.0,1.0,0.0,0.0,0.0,0.0,0.0,0.0,0.0
0.05014196192384769,0.9999999744937561,7.28586114460516e-20,5.278991826440478e-11,5.20025064288085e-19,3.142681998528993e-16,2.5358496364371694e-08,4.008423706769362e-12,9.094880404347805e-11
0.10028392384769538,0.9999980726617217,4.488724150243179e-16,3.305811368248617e-09,3.5711966146748923e-16,1.9146494066442695e-12,1.9234687785586897e-06,2.7886748599716215e-10,2.8290536580044545e-10
0.1504258857715431,0.9999987376975329,7.421146399715209e-17,1.0452514220129295e-08,2.784565354038983e-15,4.610461222198118e-13,1.2500682085275548e-06,7.216459521594233e-10,1.0596344912627842e-09
0.20056784769539077,0.9999996573092663,4.2261754362683484e-17,2.1893811470310746e-08,1.3708595619623845e-14,5.748896582814294e-14,3.1720012510469225e-07,1.1933370859258784e-09,2.4033889323149538e-09
0.25070980961923844,0.9999922268634103,5.934643503240078e-15,7.150265338712505e-08,1.3580572810781021e-14,4.032862958759206e-11,7.695707764402375e-06,4.667194164521001e-09,1.2186297526639578e-09
0.3008517715430862,0.9999713009584482,3.624131491876099e-14,2.3770312662883803e-07,1.5158453612786735e-13,4.537342634206199e-10,2.8439820112051064e-05,1.3246284163804184e-08,7.818106939616598e-09
0.35099373346693385,0.9999690624974235,7.714816985170606e-14,3.592232108069603e-07,1.223997345582028e-12,5.374353091410577e-10,3.0547982645859814e-05,1.9446017433771018e-08,1.0311965836784509e-08
0.40113569539078153,0.9999542335414096,1.7474885938367405e-13,6.440934013561747e-07,3.4478060783124058e-12,5.841810280507368e-10,4.5077900480753516e-05,4.202251651278821e-08,1.8543881985522148e-09
0.4512776573146292,0.9999980338512354,5.109007397343872e-13,1.0168733252903003e-06,8.737470731895334e-12,6.1717440920219634e-12,8.889201923138364e-07,5.498832001262921e-08,5.351506793260796e-09
0.5014196192384769,0.9999684465628457,8.257892401304501e-13,1.4205570164594245e-06,1.4244939332890957e-11,6.530499689836733e-10,3.0063744253828227e-05,4.977385799490006e-08,1.869390531261672e-08
0.5515615811623246,0.99992986404095,3.8524278652702274e-12,1.8900604337751756e-06,1.1355998148942174e-11,2.976070393011615e-09,6.816514568187425e-05,5.708791194146588e-08,2.0673743494903363e-08
0.6017035430861724,0.9997385009933472,1.3935513302449707e-11,3.512416522438498e-06,3.724238305390583e-11,3.1681422124951336e-08,0.0002578522758775202,8.758444829158184e-08,1.4997204589306534e-08
0.65184550501002,0.9999156070738953,1.4390046016913632e-11,4.929539953487644e-06,1.3012757124214166e-10,3.868171287892243e-09,7.932749267905442e-05,8.703487906830509e-08,4.484590421238721e-08
0.7019874669338677,0.9999159494741469,1.9050137468073368e-11,5.989509023309815e-06,2.0483632834233427e-10,5.945475478395514e-10,7.791451602676133e-05,1.2723073350434043e-07,1.8451635552807488e-08
0.7521294288577154,0.9999880016524171,1.9739386981860358e-11,7.779348702684692e-06,3.2060314491229007e-10,3.084366694246905e-10,4.05681814041556e-06,1.5150122935021656e-07,1.0030731245613822e-08
0.8022713907815631,0.9997885241852091,3.291500021271729e-11,1.0444232691075467e-05,4.363611472126661e-10,3.30073522376149e-08,0.00020084463676012986,1.172370024143504e-07,3.623170885536098e-08
0.8524133527054107,0.9998561394800176,3.415834959206233e-11,1.2667316465604325e-05,5.081382630287436e-10,3.459520697219766e-09,0.00013102098531232013,7.143742684608194e-08,9.677896017912246e-08
0.9025553146292584,0.9994737081724294,2.8334882757583453e-10,1.689077643218152e-05,9.756556954898438e-10,1.2624180713142514e-07,0.0005091175655690281,1.1459133856492118e-07,4.139341924780382e-08
0.9526972765531061,0.9998693332720714,2.9129115325182513e-10,2.3697546513167647e-05,2.4129780672465643e-09,1.4865855690365418e-09,0.00010676019792796148,1.3526017297255886e-07,6.953245978991163e-08
1.0028392384769538,0.9999371394359741,2.5222317403719973e-10,2.6877299162102883e-05,3.3899195965802845e-09,6.75095684321557e-10,3.575718063004072e-05,1.5059570544855593e-07,7.117128997258249e-08
1.0529812004008015,0.9999651693120923,1.9798240795438876e-10,3.060338962074888e-05,4.218791036716483e-09,3.7148107436462073e-10,3.983042877947739e-06,1.8677304299579136e-07,5.2694111407625144e-08
1.1031231623246491,0.9996213791052021,8.51044475392887e-11,3.802756174203574e-05,5.793309313141983e-09,1.4313933945039477e-07,0.0003401817794619008,1.977319583072665e-07,6.480388237140033e-08
1.1532651242484968,0.9996203575697861,8.260545330595639e-10,4.8234767209387125e-05,8.001108805092602e-09,5.787424125368464e-08,0.0003310175219441493,1.237080972910914e-07,1.997315584034709e-07
1.2034070861723447,0.9994000466466755,1.554857042839232e-09,5.4977909390716904e-05,1.0507158717122503e-08,2.497192031401099e-07,0.0005443338846181383,1.7514760928131932e-07,2.0463048755470226e-07
1.2535490480961924,0.9994537215545204,2.4275631518584987e-09,7.071382132545124e-05,2.0097576270248578e-08,2.0870258777001786e-08,0.0004750188615051682,3.7250388817139606e-07,1.2986336273002053e-07
1.30369101002004,0.9998964011135854,1.8366640250651808e-09,8.216605945903709e-05,2.894426478711393e-08,2.7002301442644024e-09,2.0854038642002583e-05,4.0664024304069186e-07,1.386669116199002e-07
1.3538329719438877,0.9998758757731312,1.0684537515972954e-09,8.974366801241552e-05,3.4681614194420937e-08,4.021879002464656e-09,3.376928410983805e-05,3.9724584860434685e-07,1.742569509799452e-07
1.4039749338677354,0.9995442386038422,1.586787541205515e-10,0.0001009372769803539,4.081520796506667e-08,2.3738900895126947e-07,0.00035386261620161885,4.440089464658651e-07,2.391311335614432e-07
1.454116895791583,0.9985316206608031,7.484419227827091e-09,0.0001282833620759895,5.7813059632155186e-08,1.3772212746185697e-06,0.0013377010346310957,3.9965177214703023e-07,5.527719642017814e-07
1.5042588577154308,0.9993120473365418,7.374288621931203e-09,0.00014682854482951267,7.60286191254944e-08,3.8697282976728603e-07,0.0005398170352448935,3.228144709217707e-07,5.138931753467801e-07
1.5544008196392785,0.998892222520836,1.2861289822557166e-08,0.00016714348672001986,1.0811954520963305e-07,5.8191499377202226e-08,0.0009393841256421839,6.172709355046331e-07,4.53423531943109e-07
1.6045427815631261,0.9997855601102135,1.1081938712970625e-08,0.0001944871570406985,1.54817675808581e-07,2.357415696205696e-08,1.8758968666655496e-05,7.379260835302496e-07,2.663642241218511e-07
1.6546847434869738,0.9994637667802856,3.3447363514852068e-09,0.00021543512643096077,1.8746973772567014e-07,2.2846203904585535e-07,0.00031925611614309484,6.086612911716551e-07,5.140393359859274e-07
1.7048267054108215,0.9993611549217565,4.86388590489971e-09,0.00023232674063781707,2.0300105017990326e-07,7.808735433223187e-08,0.0004051393262507521,4.762040378088768e-07,6.168550268359496e-07
1.7549686673346692,0.9972523421311593,3.058362029591083e-08,0.0002732357205771073,2.701715978114719e-07,4.966961140782013e-06,0.002466956624551031,5.468591456814601e-07,1.6509482080317994e-06
1.8051106292585168,0.9989378832589317,3.893921671274352e-08,0.00032942298200961154,3.860189923249785e-07,1.0073583761836611e-07,0.0007307645259823338,4.567691444227677e-07,9.467698851572948e-07
1.8552525911823645,0.9988596505273035,4.681448999579123e-08,0.00035354971687509015,4.7120451864111184e-07,1.0780416687352783e-07,0.000784505341379741,6.252044028414036e-07,1.0433868633530352e-06
1.9053945531062122,0.9995473973629934,4.694082252019826e-08,0.0003927275255452053,6.045644101421357e-07,9.727800087372831e-08,5.7458814194918786e-05,9.328753939325953e-07,7.346386390327808e-07
1.9555365150300599,0.9989058976935158,1.2029736129809967e-08,0.0004379091553412898,7.420673472939229e-07,1.2545917935574434e-06,0.0006518030415354105,9.014697245697015e-07,1.479951005967095e-06
2.0056784769539076,0.9986706538466975,4.0659886699060796e-08,0.0004832620070583466,8.39269660757777e-07,7.946338301268831e-07,0.0008424523613512853,5.21591564159341e-07,1.4356299510298598e-06
2.0558204388777552,0.9971286479763841,7.498490218173917e-08,0.0005241943587956817,9.643148961050658e-07,7.1819245820352e-06,0.0023349659660796816,6.680512563880526e-07,3.3024231037570573e-06
2.105962400801603,0.997316805758605,1.6393512862874438e-07,0.0006285074037196401,1.4188281863021505e-06,9.71093438805541e-07,0.002047378560540659,1.0197536392414262e-06,3.734666741750381e-06
2.1561043627254506,0.9988984666005216,1.4434634639270186e-07,0.000687887600818763,1.744385230135986e-06,4.461340015444202e-07,0.0004084273118940061,1.04256282044653e-06,1.8410583670913638e-06
2.2062463246492983,0.9991613329741776,1.4321293244359247e-07,0.0007295159269957217,2.0043849017801068e-06,1.501335255132898e-07,0.00010382986942702977,1.3668310941642491e-06,1.6566669456263838e-06
2.256388286573146,0.9986059962328285,5.723583757224146e-08,0.0007914149242354729,2.374038763132398e-06,1.9282181668039893e-06,0.0005933219847150278,1.5468379969442113e-06,3.360527456419682e-06
2.3065302484969936,0.996329670251543,1.6020534854980076e-07,0.0008921613678095457,2.8382840998553424e-06,1.2436015324506234e-05,0.0027550213760270488,1.0754588775990288e-06,6.637040969925678e-06
2.3566722104208413,0.997348707016548,2.128673750515211e-07,0.00096427476465432,3.1114054237289157e-06,6.3137550114023686e-06,0.0016720940192524768,7.890131838826432e-07,4.497158551108882e-06
2.4068141723446894,0.9948199302401199,4.967079064269506e-07,0.001076782976438927,4.12934329071813e-06,5.365167529259589e-06,0.004080658311501075,1.5087377914810756e-06,1.11285154221763e-05
2.456956134268537,0.9984039554123596,4.5119329532861685e-07,0.0012169842572804079,5.3459626655261215e-06,8.892784044026665e-07,0.0003670428265920919,1.6603648117454082e-06,3.6707045909523117e-06
2.5070980961923848,0.9985741384981022,3.4281750146907825e-07,0.0012816797237810444,5.996155683239883e-06,4.724699141011764e-08,0.0001325998170744722,1.6451888294154487e-06,3.550552036823973e-06
2.5572400581162325,0.9981748890150545,2.4336893758167166e-07,0.0013467021442311864,6.566817183998058e-06,7.63798566173733e-07,0.0004637009811448923,1.668542231417947e-06,5.465332650333998e-06
2.60738202004008,0.9931451597276663,4.1004556199734745e-07,0.001479250146654701,7.904194586039872e-06,4.4353241628923433e-05,0.005301392532971786,1.5607906485513112e-06,1.9969320281809644e-05
2.657523981963928,0.9961549627205141,7.81757227450604e-07,0.0016787059794418663,9.177648919839098e-06,1.1696853921240388e-06,0.002146469476949552,8.692720758399959e-07,7.863459479340307e-06
2.7076659438877755,0.9940294953440983,1.1565515686410967e-06,0.0017681403409517417,1.0665337219440188e-05,8.934723077798083e-06,0.004161723491774966,1.4590418893478279e-06,1.842516941963357e-05
2.757807905811623,0.9972263568451128,1.288059663928461e-06,0.0019707719034866545,1.3739436886498519e-05,2.387945060359724e-06,0.0007728443378480548,2.2710987969705715e-06,1.0340373144623882e-05
2.807949867735471,0.9975486775945713,7.636343570856298e-07,0.0021105415802778558,1.578529864983321e-05,1.0804385007941582e-06,0.00031114476965198176,2.176611252033305e-06,9.830072739025475e-06
2.8580918296593185,0.996811296811744,7.659498213007991e-07,0.002213355020288724,1.688699261268757e-05,2.9834911246929796e-06,0.0009442381334303281,1.6730737820957466e-06,8.800527196095587e-06
2.908233791583166,0.9922531497212184,8.391308681589453e-07,0.0023246883817070116,1.89885715608663e-05,6.178776780859353e-05,0.005305772221920273,1.989212282732581e-06,3.278499263392742e-05
2.958375753507014,0.9919233242681881,2.4543342776535673e-06,0.0026645816727261518,2.35543247378119e-05,1.7733714455961377e-05,0.005330444174019888,1.8071831492449518e-06,3.6100328445143326e-05
3.0085177154308615,0.9947002930570442,2.506896697802253e-06,0.0028485203011232424,2.666745605585332e-05,1.3705731420585221e-05,0.0023861546548509197,1.765552166936178e-06,2.0386350640499984e-05
3.0586596773547092,0.9954457016108665,3.0491660879812587e-06,0.0030287432295192027,3.1373485847523385e-05,4.631448734105307e-06,0.001460887750682096,3.034482563291861e-06,2.2578825699337557e-05
3.108801639278557,0.9963025261880479,1.853029235927034e-06,0.0032508022491240475,3.6599921941958404e-05,4.358187581642878e-06,0.0003772468190198301,3.337935962337983e-06,2.3275669086442186e-05
3.1589436012024046,0.9932612383620505,1.739909519979394e-06,0.003448627064693269,4.0441080868411734e-05,4.024215488634745e-05,0.003171733663053097,2.502099786839885e-06,3.3475665141557975e-05
3.2090855631262523,0.9929059129943684,2.1764009540233268e-06,0.003612984106006586,4.251473642090416e-05,4.142451230091271e-05,0.003359610790727572,2.0252141239608583e-06,3.335124509762366e-05
3.2592275250501,0.9853687672488429,5.826067892600819e-06,0.003907536920090091,5.215610709966512e-05,9.086214371973868e-05,0.01046736443806958,2.7488347756588683e-06,0.00010473823950973848
3.3093694869739476,0.9937667404004119,5.866951659546325e-06,0.004399288679537395,6.202320587344229e-05,1.4295499220167214e-05,0.0017223622782292936,2.4313065132186337e-06,2.6991678555021714e-05
3.3595114488977953,0.9939789729535617,6.088799795294092e-06,0.004559273207003317,6.820907606784026e-05,6.10931872629498e-06,0.0013466773675086556,3.147383106812284e-06,3.152189423005769e-05
3.409653410821643,0.994902758145779,4.531104829008269e-06,0.004792121254774581,7.67434176857997e-05,3.6576000959924956e-06,0.00017756300457984968,3.703712943759446e-06,3.8921759311971726e-05
3.4597953727454906,0.9878546292014364,3.2701733607807445e-06,0.0050317274350316545,8.726633151456983e-05,0.00015057649577018633,0.0067659325305378885,3.636133534220862e-06,0.00010296169881418571
3.5099373346693383,0.9905160109282961,6.701630061576737e-06,0.00549148451471276,9.26486887264846e-05,8.241920733893233e-06,0.003842216560588616,1.661987135620828e-06,4.1033769745069115e-05
3.560079296593186,0.9820756544975586,1.0978109298333617e-05,0.005615003965381872,0.00010421841231451933,0.00015323359265224124,0.011875165458061113,2.817675925053597e-06,0.0001629282888082617
3.6102212585170337,0.9899438661567762,1.366672656309578e-05,0.006350779430321776,0.0001289629340939049,1.969076544906845e-05,0.0034578489645370088,3.7962867652027976e-06,8.138873549368153e-05
3.6603632204408814,0.992705307066782,1.1229200377806408e-05,0.006702038948838124,0.00014267912908620266,2.0473230971690577e-06,0.00038796009673569066,3.6019501348850196e-06,4.513628494817734e-05
3.710505182364729,0.9925680230113174,9.687882221193584e-06,0.0069226305157731,0.00015275322452902538,8.793652883536344e-07,0.00029111669438357224,3.797403308783436e-06,5.111190317852454e-05
3.7606471442885767,0.9847148786429412,6.403232989910505e-06,0.0070839740822705504,0.0001705691345485293,0.00022742324559189798,0.007617126432338513,4.9024726179563546e-06,0.00017472275670149529
3.8107891062124244,0.9822152078108202,1.7273550037035496e-05,0.007782917636674164,0.00018963767980206792,0.00012910635836062192,0.009489941419873124,2.8819119242724803e-06,0.00017303363250853465
3.860931068136272,0.9837855502936381,1.9760926804273193e-05,0.008155519576812015,0.0002040309661915652,0.0001601792336499222,0.007520849873798929,2.7052612433362635e-06,0.00015140386786172133
3.9110730300601197,0.9840814066894764,2.8069297477724472e-05,0.008714830015129078,0.00024211479945934308,4.383603954211557e-05,0.006681850508058666,5.421773915380714e-06,0.000202470876941252
3.9612149919839674,0.9901541099290693,2.1364423842465103e-05,0.009436363081465423,0.00027637073833511116,2.5444954116349252e-06,6.21172468532136e-06,4.835901264856248e-06,9.819970592594984e-05
4.011356953907815,0.9880548873745127,1.7374326739598095e-05,0.009750906301347855,0.0002957292865123196,3.8258379506599424e-05,0.001734980260117976,4.633726242161337e-06,0.0001032303450206884
4.061498915831663,0.9846259769872245,1.5421982060011966e-05,0.009961711668141304,0.00031231508702941527,0.0001439653565327146,0.004758089357028941,4.88470351512935e-06,0.00017763485846788996
4.1116408777555105,0.9697176812315476,3.459151339019932e-05,0.010250029745461891,0.00035395436339187504,0.0005895251081965646,0.018538123932457965,4.955255935700016e-06,0.0005111388496181757
4.161782839679359,0.9830259695428901,3.9878325009872666e-05,0.011643419137803968,0.000393726723384752,0.00010636066167512442,0.00465329893210297,2.8573490967778472e-06,0.00013448932803639124
4.211924801603206,0.9793927736391433,4.980202652012068e-05,0.011865554911125942,0.0004316823188125025,6.589722136671539e-05,0.007892494539710566,5.580465523510193e-06,0.00029621487779729616
4.262066763527054,0.9862710230260041,4.185517466961445e-05,0.01274088506215475,0.0004923777729753658,1.7601053003455906e-05,0.00023281925805741934,5.423773911175084e-06,0.00019801487922410654
4.312208725450901,0.9808542148345445,2.8269091000181908e-05,0.013152576541040429,0.0005423803463831207,0.00019989857605254868,0.004920307623421726,6.179318172008229e-06,0.00029617366938550216
4.362350687374749,0.9808262063898339,3.840193700430013e-05,0.013848564113337854,0.000559848231210995,3.474888513047899e-05,0.004518976391463509,3.765697216407121e-06,0.00016948835480257163
4.4124926492985965,0.9616170617413241,5.744975723511797e-05,0.013414828388949144,0.0006097408689922611,0.0010120172192458548,0.022473167454633857,6.213875554360381e-06,0.0008095206940653688
4.462634611222445,0.9741622397904903,8.300815853573924e-05,0.015536929775346535,0.0007079556394298625,9.332378632210457e-05,0.009015162338447872,5.787470930755219e-06,0.0003955930404968555
4.512776573146292,0.9778790540896478,8.18539805486127e-05,0.016222497630472753,0.0007638974141044774,6.708239061709883e-05,0.004688789094490355,5.677843896471028e-06,0.0002911475562223931
4.56291853507014,0.9816309871022071,7.702738390358066e-05,0.016873483910684793,0.0008313380676630048,2.2981277389356756e-05,0.0002645409676228365,6.0222893966880525e-06,0.00029361900113267225
4.613060496993987,0.9740749074990138,4.895574456346561e-05,0.017162930203202913,0.0009241306773671324,0.00038865247317652267,0.006814832537538185,8.32879670406886e-06,0.0005772620684337815
4.663202458917835,0.9681076454297712,8.082207074064146e-05,0.018110836790562506,0.0009747184035251756,0.00044347003241736844,0.01175932198604829,5.714785322882191e-06,0.000517470501611883
4.713344420841683,0.9633080051784275,9.460435044321117e-05,0.018291809160592108,0.0010178006399944861,0.0009243812265536812,0.015618112118393474,5.806976099690138e-06,0.0007394803494958913
4.763486382765531,0.9598085829911844,0.00015530475142487468,0.01941967142520303,0.0011688261769845813,0.0003240319320416962,0.018023159453832725,1.0853645744137516e-05,0.0010895696235845298
4.813628344689379,0.9751441760675912,0.000137348293734676,0.021624633432915964,0.0013044840058100851,4.727691086490623e-05,0.001374615947353493,6.2859238796558205e-06,0.0003611794178500771
4.863770306613226,0.9756470134401608,0.00012678912072116785,0.022166815172121778,0.0013793521543454808,5.902113931461777e-06,0.0003022096635223942,6.467820321860561e-06,0.0003654505148750209
4.913912268537074,0.9704719299852467,9.588688245385338e-05,0.022358137926835678,0.0014840578871323845,0.00028918913093883874,0.004598291724257813,8.125493950384172e-06,0.0006943809691842828
4.964054230460921,0.9492023163821756,0.00013875144206896629,0.021961703406291697,0.001599179039460604,0.0019000061008588856,0.023635214377879764,1.1528358427469583e-05,0.0015513008928371708
5.0141961923847695,0.9633293330525126,0.00017803410757654038,0.02494777824569247,0.001696497196624422,0.0004502894271833838,0.00887332353149846,4.21858914758628e-06,0.0005205258497644749
5.064338154308617,0.9479631579324367,0.0002532304239995652,0.024266720874637573,0.0018263206476196447,0.0006140060302218755,0.023342252753066714,1.3502162772903717e-05,0.001720809175245086
5.114480116232465,0.9672637610339373,0.0002388195474686747,0.02741958116594539,0.0020717836059528033,0.0001178604087070125,0.00210590262623005,8.28780550957319e-06,0.0007740038062493682
5.164622078156312,0.9671548305901365,0.0001932216925473991,0.02842971925925532,0.0022361843045196877,4.785426304999216e-05,0.0012869549418706508,7.137643005730123e-06,0.0006440973056146548
5.21476404008016,0.9644776740572106,0.00018747713972184338,0.02906606287873024,0.0023238212951872455,7.2308939822695e-05,0.003208576993565071,6.9920162658666885e-06,0.000657086679496377
5.2649060020040075,0.9345672622838618,0.00021073352424622022,0.026552957404341614,0.002474365517402495,0.003335324736844451,0.03023110964180444,1.858827944400199e-05,0.002609658612054977
5.315047963927856,0.947780451518719,0.00034539428195658114,0.031323542957451656,0.002699091327806314,0.00034443929677815835,0.016217430895538558,1.0534609216566747e-05,0.0012791151125332023
5.365189925851703,0.9452767740650122,0.0003833376615484893,0.03158871083944514,0.0028371405356895636,0.0007020414000389456,0.01755566422931053,1.3665428940938922e-05,0.001642665840014157
5.415331887775551,0.9566495536735917,0.00040239865403450184,0.03369550877381992,0.0031028246067541323,0.00028395439282940193,0.00442026176086782,1.3830010162631892e-05,0.0014316681279399335
5.465473849699398,0.9566071836544997,0.00029764039116936594,0.03517558127089256,0.0034307496072305123,0.0002530740532040524,0.0028554747522084836,8.462780902588193e-06,0.00137183348989256
5.515615811623246,0.9487071131307527,0.0003239610598517516,0.036084828016622134,0.003586202791644658,0.0006990102480739823,0.009403499984157059,1.2093054975256475e-05,0.0011832917139223964
5.565757773547094,0.932993467655557,0.000335371023832503,0.03443232020210445,0.0037017772259655027,0.0029645816950566507,0.023012103807738018,1.935809653240513e-05,0.0025410202932134585
5.615899735470942,0.9206001754142802,0.0005988214795221338,0.03564495905500002,0.003988311015907373,0.0017420686114166795,0.03365093592719898,2.6203739361074056e-05,0.003748524757313687
5.666041697394789,0.9447620958875654,0.000593445496097632,0.041100084964660596,0.004371193408913486,0.0005687278929036012,0.007297825976502689,1.3882964632842261e-05,0.0012927434087237621
5.716183659318637,0.9463194947500763,0.000625528390219487,0.041600411832970315,0.004557158603520109,0.0003451702675986812,0.004696712455100227,1.848818007286873e-05,0.0018370355204420097
5.766325621242484,0.9467254393351964,0.0004868564009042807,0.04286519497440447,0.0049710604059269945,0.000335886493873624,0.0024763381217094756,7.874914244343536e-06,0.002131349353740486
5.816467583166332,0.9249704972482019,0.00048706964423303267,0.04158861763064929,0.0053136311672258045,0.003208472476533047,0.02115653830466588,2.7000161392818535e-05,0.0032481733670982615
5.86660954509018,0.9326118300803613,0.0006063090587559462,0.04566375439312109,0.005479908185580597,0.001215033564321281,0.012712836959022719,1.1961823728361921e-05,0.0016983659351087477
5.916751507014028,0.8976198495120999,0.0009071739739354917,0.0405756505562702,0.0056207836133302675,0.0036407163947185816,0.045332074062778456,3.93016016181129e-05,0.0062644502852488015
5.966893468937875,0.9327975612098407,0.0009570337297645597,0.0499643523589494,0.006333101349123771,0.000561200309099748,0.007060709349076203,2.6963278461960534e-05,0.002299078415683664
6.017035430861723,0.9361974732095024,0.000907626940210712,0.05164199285885307,0.006665091528119957,0.00016246951889524767,0.002450475903950679,2.0438729816496624e-05,0.0019544313106514277
6.06717739278557,0.9363020351946174,0.0008007131251625143,0.052524179976645075,0.007010168582977877,9.365599095045595e-05,0.0008504342917163032,1.0066800154541229e-05,0.002408746037775855
6.1173193547094185,0.9034701809570522,0.0006933872677022288,0.04712917670384669,0.007497341254598363,0.006021263801252549,0.029176315662701062,4.875200093432106e-05,0.005963582351912633
6.167461316633266,0.9109680195682422,0.0010981823989919706,0.05491953504751294,0.007816249611658357,0.0009765760095329105,0.02115995347855198,2.3735850158766542e-05,0.00303774803535084
6.217603278557114,0.891662802688586,0.0012897409282565735,0.0508408569842498,0.007903276501640352,0.004144830597204946,0.03785754194360164,4.213629656763035e-05,0.006258814059892925
6.267745240480961,0.9105530580116665,0.001509472195775594,0.05678782959552389,0.008600475069080134,0.0011619518833342478,0.01618937042205166,6.293069320702386e-05,0.005134912129360902
6.317887202404809,0.9237204350572938,0.0012982990730610105,0.06229970439106368,0.009399687587369955,1.4636283739446806e-06,0.0003099683963119048,2.089536046718129e-05,0.002949546506058387
6.368029164328656,0.9190332521711198,0.0012224827645799419,0.06329838436464934,0.009842866974730385,0.00029629099957707925,0.0034654083824880062,2.029653562628207e-05,0.00282101780722932
6.4181711262525045,0.8943100307770261,0.0010676630552369265,0.057595460304230545,0.010253940948285733,0.005590848541802704,0.024541804175732332,5.359074778190156e-05,0.006586661449903719
6.468313088176353,0.8702790235640135,0.0017601405632301519,0.05732506534456236,0.010423442293330951,0.005761968780647346,0.045451817211369976,6.851239554478705e-05,0.008930029847300847
6.5184550501002,0.8947247191802072,0.001900277345434587,0.06667448129499125,0.011202125015563263,0.003042166583158392,0.018238102917360322,3.891424620951948e-05,0.0041792134170755
6.568597012024048,0.889614805621015,0.002226708721656356,0.06497007194970161,0.011422968365539667,0.0017946101208649475,0.02220685139787889,0.00010035009227290305,0.007663633731070596
6.618738973947895,0.907465202751937,0.0019102605046743915,0.0722216290475971,0.012484399038903362,0.00024837005113421333,0.00030252797797456827,2.34022032835999e-05,0.005344208424495789
6.668880935871743,0.8934330398207706,0.0017084076618810306,0.07203517510913293,0.01347343073808684,0.0023992442008757223,0.011558452679224484,3.747154105798706e-05,0.00535477824897046
6.719022897795591,0.8896396468096548,0.0018070412821087213,0.0740112672116889,0.013808407657474792,0.002194127528562667,0.013646701476589066,3.5025428463718766e-05,0.004857782605457328
6.769164859719439,0.8345762246624728,0.002482279225569605,0.05890530495969246,0.013396482343777215,0.012242160774028527,0.06256934349764677,0.00012666514863660005,0.015701539388175978
6.819306821643286,0.8801386122071007,0.0029339254252521074,0.08001294055664693,0.015078991145529103,0.0017323750599046494,0.014684678925917932,8.245098516238799e-05,0.005336025694486213
6.869448783567134,0.8759604742217622,0.0030997057929740136,0.07853701868899775,0.015303579474771033,0.0016489241303018888,0.017655077507312114,0.00011546641028663054,0.007679753773594422
6.919590745490981,0.8892948887709085,0.002841186842349394,0.08322485123462425,0.01601762583558186,0.000418271099306132,0.0006071555435847528,4.537494491205455e-05,0.007550645728733207
6.969732707414829,0.8662678846704148,0.0023275119662970415,0.07866514971925895,0.01754242280530512,0.005765429152504588,0.018963310388432658,6.242888669448179e-05,0.010405862411092315
7.019874669338677,0.8642464018154086,0.0029776530141791455,0.08713362566600072,0.01802218563618678,0.0017985613250546095,0.019669623592682685,6.413222080373386e-05,0.006087816729683837
7.070016631262525,0.8223968023234316,0.0033659590925496333,0.07067737967499742,0.017400615265286603,0.01389366221829345,0.05532804772774812,0.00015953165853784746,0.01677800203915525
7.120158593186372,0.8418557746254243,0.00440628588025948,0.08391632950489653,0.01875079522660164,0.00313713189530084,0.034433485456639525,0.00022348826143099717,0.013276709149446786
7.17030055511022,0.8649716449612799,0.00424440992320962,0.09575800395532333,0.020169787169045807,0.000743335342369513,0.006897003373066694,0.00011400960165359607,0.007101805674051609
7.220442517034067,0.869039288805777,0.00406985679766611,0.09742388946828834,0.020593929949106277,0.00014022500088953815,0.00035708651347918225,7.488004809160981e-05,0.008300843416702008
7.2705844789579155,0.8465647451520597,0.003358006992824694,0.0896453640547627,0.022014218475361173,0.006309364527770018,0.01828676128865262,6.744830087963963e-05,0.013754091207689334
7.320726440881763,0.8148911624122747,0.004357757212094358,0.08664832076559538,0.022127917796738457,0.011403956408828192,0.04441015050215684,0.00020380123532647362,0.015956933666985695
7.370868402805611,0.826404806480421,0.004851919765846952,0.09524237371695388,0.023028614622652384,0.009461825656032243,0.029507674238414713,0.00013202892195730704,0.011370756597721465
7.421010364729458,0.8031351116837463,0.006177062921945921,0.08635078262863405,0.02263288456742856,0.006025628227508538,0.05299893950156006,0.0003827107262749427,0.02229687974290162
7.471152326653306,0.8462877437622065,0.005901551403724522,0.10944386288445845,0.024920533133318372,0.000603214093788985,0.0018843911700252495,0.00013908770713517017,0.010819615845342856
7.521294288577153,0.8437717359279361,0.005513223188970587,0.11229082347616905,0.02636070853648924,0.00022182600527178138,0.0022162002080643216,6.857385870519641e-05,0.00955690879839377
7.5714362505010016,0.8327358761123891,0.005124625649007295,0.1092844057726413,0.027292455065140313,0.002760690769404339,0.010362053758158567,4.782415950733894e-05,0.012392068713751758
7.621578212424849,0.7686361139576098,0.005737138108741265,0.0817804874821172,0.026249204185665224,0.02482023368848857,0.06301952526237709,0.0004457197454974027,0.029311577569503422
7.671720174348697,0.8103083618019886,0.007337677653991334,0.11646711279298852,0.029098686291377733,0.0038263087079592863,0.02216692329087971,0.00018598915876881524,0.010608940302046177
7.721862136272544,0.7826698282370683,0.008257535063163166,0.10034430107095879,0.027949401273262165,0.0071584596273479555,0.04921932802764463,0.00044553465069350275,0.023955612049861408
7.772004098196392,0.8181542278497543,0.008250777078090231,0.11830032094043566,0.02923952671181336,0.001960396493305679,0.005703893905997382,0.00026432401607981193,0.018126533004523604
7.8221460601202395,0.8138312745426413,0.00727020044183748,0.12300182602964672,0.03221735319021798,0.002078076097261198,0.006081375389014226,4.0583707976590616e-05,0.015479310601404617
7.872288022044088,0.8053881594867164,0.007585594416969279,0.1280434193427436,0.033454993135888594,0.0017069903781774414,0.011729202765629882,0.00012538083741052598,0.01196625963646436
7.922429983967935,0.7474403561546673,0.007519030376874102,0.09230411163948649,0.03177689990164998,0.02837815755156701,0.05823506420365904,0.0006198791891983439,0.033726500982897645
7.972571945891783,0.7572999272132885,0.010598665867558118,0.11444281102178863,0.03330300782430751,0.007214480814339523,0.05074122906907604,0.000550032492481879,0.025849845697159757
8.02271390781563,0.7761931306372379,0.010984372622797967,0.1278214411654191,0.035031648547299093,0.005503376863954639,0.025944382031749924,0.0004020786040892968,0.018119569527452084
8.07285586973948,0.7890619183771732,0.01126373943701897,0.1306494320517797,0.03440975574753542,0.0028909242662967607,0.008570951351283839,0.000434206142321277,0.022719072626590786
8.122997831663326,0.7844595478328018,0.009768810235672009,0.13265705583047205,0.03744008887020638,0.004013183317227656,0.0077973598221495926,2.0367803679789148e-05,0.02384358628779082
8.173139793587174,0.7553985637470639,0.010188555803251016,0.12917123348026885,0.039277254810241274,0.012785838359432363,0.030039028671021914,0.00045616022555994577,0.022683364903160697
8.223281755511021,0.7460787070982953,0.010704666350878167,0.1258176092892762,0.039504456750884806,0.01867606711540313,0.03403876752351304,0.0005012857179051024,0.02467844015384424
8.27342371743487,0.6992867561812892,0.014080554124106415,0.10330239247456034,0.03645734781405326,0.017334153683671118,0.08180729645328483,0.001043542264457681,0.04668795700457706
8.323565679358717,0.7611116796926269,0.014821647673672762,0.15185366252789972,0.04149551986227855,0.003285435920476547,0.009038111788709913,0.0004524526323919224,0.017941489901943553
8.373707641282564,0.7627543019471944,0.014834916006164661,0.1514732772031187,0.0413784411321549,0.0018654829642273632,0.005243253746533054,0.00045441323180160084,0.021995913768805164
8.423849603206412,0.7590445505377454,0.01349612648522595,0.15038131375252983,0.04297172441285155,0.002659812997268583,0.004663657916392433,2.533239615073294e-05,0.026757481501835434
8.47399156513026,0.7038833764758723,0.012688886031581028,0.11872395392354351,0.04412013948887189,0.031086746017382934,0.04621637708062277,0.0010695030969360552,0.04221101788518955
8.524133527054108,0.7276358371785476,0.015824100070477454,0.15908781194370378,0.047046364873377045,0.006336698633922355,0.025070586586143355,0.0004371855778504766,0.018561415135977866
8.574275488977955,0.6693693649485587,0.01795801312043398,0.11178908112619447,0.041545153195582746,0.022847667273769183,0.08130891848195704,0.0013143878338818858,0.05386741401962203
8.624417450901802,0.7237792158556545,0.019868241728341778,0.15634805424106152,0.04550699066430586,0.005360864033458894,0.01608744718231738,0.0009101334823074098,0.03213905281255269
8.674559412825651,0.7343153990037379,0.01904105966704192,0.17325944340108643,0.04857423932881136,0.0001133566513260007,0.0012637317188557145,0.00030169592299816666,0.023131074306142585
8.724701374749499,0.7291023624685766,0.018340754352790766,0.17460123908592162,0.050053322371966344,0.0005127886468935316,0.0028408907907217767,0.00013857138693166874,0.024410070896197622
8.774843336673346,0.6724328102242373,0.01613740882482472,0.1245952890644737,0.04992394549198962,0.037384142591102086,0.04516853654666668,0.0014906362244392825,0.05286723103226665
8.824985298597193,0.6674167185713629,0.02189226610490308,0.1521070497156542,0.05013935427080353,0.013877474426185445,0.05384575922312437,0.0011637164100776,0.039557661277888845
8.875127260521042,0.6662838448679773,0.023337332857513993,0.150320911073024,0.05025724410950172,0.02017930042150198,0.04759862153538514,0.0011559555338271211,0.04086678960126877
8.92526922244489,0.67875463178294,0.025883717223945897,0.15576180986076724,0.049390075658731755,0.009500127168599957,0.03121444769537574,0.0016167102031052173,0.047878480406534196
8.975411184368737,0.7007366561164172,0.02434931938187027,0.18608538127398808,0.05348458826358564,0.0008777877833057427,0.00043676310104951387,0.0001802957895718485,0.03384920829021176
9.025553146292584,0.6841689699571857,0.02342805382065263,0.18737412039963086,0.05787356318893083,0.0061345685502828705,0.011725481976269596,0.00048420781714928303,0.028811034289898396
9.075695108216433,0.6591367001277109,0.022277139836267085,0.16258245644619732,0.05804064767722231,0.024759228502915502,0.02894905985557942,0.001172726014488431,0.04308204153961914
9.12583707014028,0.5970682682369558,0.027492565909079364,0.12191973837820573,0.05054488098569492,0.03812784431497712,0.08745191918057668,0.0024947220783265835,0.07490006091618395
9.175979032064127,0.6568968941007516,0.03118681853879618,0.19436694117620865,0.05932138876500691,0.01132714309073976,0.018023382943945204,0.0010118245834999438,0.027865606801051657
9.226120993987974,0.6452595663681348,0.032928519902594926,0.1733330386771461,0.05585705304623243,0.010253202758885704,0.030413741205488745,0.0019367562544738046,0.05001812178704346
9.276262955911823,0.6653122072985354,0.03145571539000374,0.196554951403913,0.05715872407767049,0.002487946500817566,0.0009560496368931352,0.0002531916266093607,0.0458212140655575
9.32640491783567,0.6330510404032114,0.028455138485549612,0.1803502259922484,0.06368315730654757,0.021871015045650494,0.023313531573397012,0.0011796184137541639,0.04809627277964146
9.376546879759518,0.6354708087019785,0.03147007992086309,0.20858712065352836,0.06580883694547697,0.007772152316801107,0.02083130836978454,0.0008814962785495598,0.02917819681301781
9.426688841683365,0.5574027195936397,0.03340861832161894,0.11864936531921759,0.053972178469185395,0.05176280869958668,0.0896654573564775,0.0035721506363552103,0.09156670160391911
9.476830803607214,0.6129962192041853,0.04090377246357047,0.1973770405692315,0.06307998015889042,0.010321216363974645,0.027756038245107195,0.002032011174225014,0.04553372182081539
9.526972765531061,0.621055935602176,0.0414164658788966,0.21020578760195743,0.06418710133144621,0.005681549599771096,0.015123979572813431,0.0015498004491393649,0.04077937996379999
9.577114727454909,0.6296490276647899,0.04045953808166624,0.21777468767925034,0.06270305081960952,0.0014249157753621659,0.00028009837631003966,0.00046835361767838464,0.0472403279853334
9.627256689378758,0.5924003449650497,0.0351194163524311,0.1786388221761386,0.06799304851799468,0.031563465015550234,0.025457025171771834,0.0016858230513469995,0.0671420547497169
9.677398651302605,0.576679753302682,0.04132037074310703,0.20321089389600672,0.0680606436945579,0.01929765361726892,0.04053918870470834,0.0022532810413793806,0.048638215000289864
9.727540613226452,0.5512685577617781,0.04266294982422969,0.1631990777493651,0.0636178565724456,0.046456746172245426,0.05518357325480577,0.0033714655877399927,0.07423977307739038
9.7776825751503,0.5506081752840378,0.05114597225973152,0.17170409024165995,0.06367178054507201,0.020149464081965992,0.05873321795261924,0.004083713517280458,0.07990358611763304
9.827824537074148,0.5916568775709621,0.05175815796037902,0.24010401801062525,0.06932153858934602,0.0011735476021650136,0.003258194122265837,0.0010566725202370536,0.041670993624019825
9.877966498997996,0.5894310952201681,0.05050904281657588,0.24494900862656832,0.07088990416928416,5.2233807175401455e-05,0.0012444856314103398,0.0005321081752479035,0.04239212155356975
9.928108460921843,0.5647114650631562,0.04584497784314322,0.20922819355114083,0.07357002800272491,0.02294188478685203,0.018026478883561625,0.0012721118823707392,0.06440485998705048
9.97825042284569,0.5053434212242622,0.04919965910596582,0.15466870227201693,0.06619101254648298,0.05830550141347029,0.06526754258053412,0.005446411808359914,0.09557774904890781
10.028392384769539,0.5430334690121172,0.057202031297945995,0.23076634134439555,0.07558444279793913,0.024678451050174906,0.02255473601807589,0.002326528258704032,0.04385400022064723
10.078534346693386,0.5052927176783593,0.06243219103508305,0.17031184381439063,0.06689929418266283,0.026354317758880644,0.06846341324826774,0.005453375951131665,0.0947928463312242
10.128676308617234,0.5523751487925495,0.06439880482277739,0.24481882355919674,0.0699220310394993,0.003697397838678086,0.0024591144179869186,0.0013743832633180382,0.060954296265994024
10.17881827054108,0.5435396397665146,0.060998556623814135,0.2565053673298729,0.0777798352544494,0.0049967973512763655,0.006108744306994042,0.0004818479787688162,0.04958921138830974
10.22896023246493,0.5343243071616441,0.06067737428002779,0.25904836602659315,0.0802558654202369,0.007004921487803241,0.011827130824083931,0.0009085187866464598,0.04595351601296438
10.279102194388777,0.4592560075647487,0.057318701145119354,0.134777832656148,0.06777694453917117,0.08079421631354593,0.06797271231546805,0.008481418225125556,0.1236221672406731
10.329244156312624,0.4968215362568398,0.0743435203698007,0.23917765575313837,0.07880792637821685,0.01570686559618195,0.034258395297794786,0.0036257366204840587,0.05725836372754356
10.379386118236472,0.4848851247109798,0.0768801837371887,0.21382316291655043,0.07501256095057951,0.022872501359957158,0.043867288046874724,0.0048466992960421165,0.07781247898182764
10.42952808016032,0.5096636329332866,0.079481180852919,0.24631042954342136,0.07130700878028588,0.007865143790742888,0.006629246046134822,0.0024316741561330917,0.07631168389707643
10.479670042084168,0.4990625344591388,0.07325460602764497,0.2519718439402207,0.08011199045632272,0.014170925093115272,0.008920006281700095,0.0005761607693378608,0.07193193297251954
10.529812004008015,0.4829668148249847,0.0756351614032333,0.2663487585731709,0.08460799546600542,0.01578593668369211,0.020076275439974728,0.002930037883659292,0.05164901972527958
10.579953965931862,0.444087320115665,0.07186632011250733,0.17704609232145288,0.07706625748893943,0.07104850343232566,0.04351451950703788,0.00836002049139464,0.10701096653067721
10.630095927855711,0.4266023796237421,0.08959743199687573,0.1837880200414368,0.07391921940215547,0.03632209601637107,0.07127671869755656,0.00809451053634272,0.11039962368551959
10.680237889779558,0.46633096016866893,0.09535360425254627,0.2731853365312616,0.08251471849268208,0.01120289069285118,0.014196363792827543,0.0031741953241587336,0.05404193074500374
10.730379851703406,0.4700125210447607,0.09668512619914343,0.2693313858958874,0.07688837615648964,0.006662593519953006,0.005883648519111158,0.0028920710027102348,0.07164427766194448
10.780521813627253,0.4613249788565691,0.08992105128808899,0.26166767660997703,0.08142288575272118,0.014524953959734535,0.00711336556267292,0.00040267562496491653,0.08362241234527135
10.830663775551102,0.420355243796511,0.0867193787290148,0.2142793856132733,0.08423321511719854,0.05685110795489956,0.033220568223900016,0.008387863257326583,0.0959532373078763
10.88080573747495,0.43064159414898284,0.09569529831657664,0.2611428509325629,0.08939579022789247,0.03563770313745787,0.01993648518729992,0.005307659404957835,0.0622426186442695
10.930947699398796,0.3738655086008623,0.10409470228619586,0.15389411070008238,0.07163439186735776,0.05373206916650074,0.08798760068312947,0.012050128700396973,0.14274148799547437
10.981089661322644,0.4308400287748684,0.11636886557834564,0.28655840250556186,0.08222993591953338,0.008253002079388429,0.006889020474428319,0.0036277569902767115,0.06523298767759722
11.031231623246493,0.4322029873018878,0.1155622880361047,0.30312487625040424,0.0841912561184994,0.0014439451882359358,0.0018804452191284783,0.0017695070694005643,0.0598246948163389
11.08137358517034,0.42605523528696687,0.11141278943436583,0.29726607931333227,0.08568657119354456,0.005205249999133147,0.003559852182498467,0.00017730656580648317,0.07063691602435229
11.131515547094187,0.37302277155129043,0.09783985015921354,0.17697164143591668,0.08413252416047205,0.08521818912481802,0.03544778805759826,0.013866245834478663,0.13350098967621227
11.181657509018034,0.38662561801994577,0.12223009669495825,0.2817440606276531,0.0906421155586462,0.019306283287726683,0.03071445738759611,0.006064456617496747,0.06267291180597712
11.231799470941883,0.35413440180259664,0.12424144267064033,0.18987332892633627,0.07767222165470876,0.053850511009971035,0.06215852791862776,0.011959404205725187,0.126110161811394
11.28194143286573,0.38359643159640955,0.13822196249463298,0.25772529480232237,0.07914294286144422,0.018345770686325064,0.017542193224483683,0.007054305066321018,0.0983710992680612
11.332083394789578,0.3922919111338957,0.13592119355553028,0.3154028413191643,0.08666916620016568,0.0009313215933905836,0.0006228232230991731,0.0003529394834686561,0.06780780349128546
11.382225356713427,0.3833122487370473,0.13341742842445048,0.32148978283485347,0.09258836140903523,0.00484621734731682,0.004911927445769644,0.0016143194510808197,0.057819714350446194
11.432367318637274,0.347847162409367,0.11864615066567863,0.20597087905589243,0.08997452764395883,0.07483454374785663,0.02423779648961183,0.013634214214829268,0.12485472577280554
11.482509280561121,0.32206137186891803,0.1418996078834748,0.20361553495834203,0.08050986303824664,0.054059815633504024,0.05820238366068213,0.013939351498828089,0.12571207145800434
11.532651242484969,0.3441969832077436,0.15351671923079552,0.2727176998168247,0.08874922267353491,0.034402045863130525,0.021342166510604665,0.0077579778107533465,0.07731718488661266
11.582793204408818,0.3406313243320424,0.1616768483037844,0.24896561121711946,0.08032495076738028,0.023964601824737385,0.024342948263873627,0.0099682531574588,0.11012546213360364
11.632935166332665,0.3525133643923113,0.15925895743263388,0.30779562738709165,0.08458456925143094,0.005246812196004879,0.0008198298105326464,0.00011819101325849614,0.08966264851673622
11.683077128256512,0.3332527320515228,0.15098014097038354,0.2931643496590232,0.0968918064075631,0.029217593490543745,0.011181563658240998,0.006563258393616603,0.07874855536910597
11.73321909018036,0.326496804465901,0.15229755078420498,0.28787411147447317,0.09862764206182334,0.03596551871145993,0.013173518586523485,0.00827899037403656,0.07728586354157763
11.783361052104208,0.2712210128551908,0.15685587348313187,0.14466509772409245,0.07374097017714547,0.08590987512783144,0.07105327017306544,0.022671897153705493,0.17388200330583714
11.833503014028055,0.3148301365823752,0.18649103097632197,0.30853714389195513,0.09196571910231552,0.016431826684283106,0.009855736375898694,0.006650354822388084,0.06523805156446227
11.883644975951903,0.30922485997211785,0.18906132837648698,0.2833029644801798,0.08652712204674018,0.017199934943755622,0.015368355895153018,0.0087086632957175,0.09060677098984904
11.93378693787575,0.3157669750984277,0.1873192307095655,0.31187281701603803,0.08477113880292811,0.004865146259028853,0.0005051535918107398,0.00046428965601246993,0.09443524886618859
11.983928899799599,0.28923333142179586,0.16766386729331534,0.24815193897992283,0.09652498511716331,0.05573889496059925,0.013532904146860165,0.012571576338817753,0.1165825017415254
12.034070861723446,0.2874463902423865,0.18795299280662375,0.3190632097429804,0.09870509292976695,0.01762436923351914,0.019448852148625177,0.00823293006855245,0.06152616282754575
12.084212823647293,0.24932299245377793,0.18062251966594567,0.16374218601023768,0.07763501595584707,0.08719205017548333,0.052195683051852,0.02469482796926596,0.1645947247175904
12.13435478557114,0.26819591583391783,0.21515674128207565,0.25431100648407856,0.08599895515394025,0.027787184599222903,0.025631104375944593,0.013610365055944183,0.10930872721487594
12.18449674749499,0.2804908078204207,0.22003293460758572,0.32468588238730656,0.09150646208852596,0.004398284316833003,0.003967861796532011,0.004245920524598268,0.0706718464581978
12.234638709418837,0.27987402761234,0.21787175047416363,0.3326531247026303,0.09018985728670535,0.0004408568282190475,4.023871421095966e-05,0.0007184131081740237,0.07821173127355674
12.284780671342684,0.2583985410602274,0.19452937289084613,0.2490913662684962,0.09691581275315862,0.0533772664003173,0.010417638922852976,0.012863175901063098,0.1244068258030383
12.334922633266531,0.23655880616782166,0.21096278109566444,0.2367892433750951,0.08816907702640372,0.057648178594015914,0.03140300317041086,0.020054682172378505,0.1184142283982097
12.38506459519038,0.24019145862469032,0.22186785146116259,0.2490730702676246,0.09060114944583936,0.058643639933493176,0.01786718468721649,0.01699549770399988,0.10476014787597354
12.435206557114228,0.22481220229232493,0.24087149609640743,0.20320842644471043,0.08170204639976371,0.04290331998935882,0.040714249006278944,0.021889669691542213,0.14389859007961348
12.485348519038075,0.24762472415041387,0.25225755578920533,0.32497888386394125,0.0887843388886254,0.0015972543804301858,0.0006472643031480606,0.0021495348026080996,0.0819604438216277
12.535490480961922,0.24255101288533729,0.24621566848399368,0.337540517742336,0.0968823072161849,0.003432355609453628,0.0019771420875906573,0.0017823286996526326,0.06961866727545107
12.585632442885771,0.23302683719470269,0.23540458066076234,0.3008333165079604,0.10002242693902166,0.026189410184323792,0.006553403752619707,0.007380712383741245,0.09058931237686818
12.635774404809618,0.19484738263647472,0.22448570337755594,0.15649500130831562,0.07946208400520699,0.09778256061056942,0.03584294463524056,0.035428940244133414,0.1756553831825034
12.685916366733466,0.2158905287148395,0.27002983811257947,0.3041571887877076,0.09754682744764487,0.023607458779903126,0.009626900183677251,0.011149105024184416,0.06799215294946381
12.736058328657313,0.19803347415107875,0.27276347591101496,0.21551401501738002,0.0843112347928462,0.04074384475408232,0.03369288916615472,0.022837359385183335,0.13210370682225958
12.786200290581162,0.2147981904892314,0.28623622169054985,0.298876970274295,0.08406306353854073,0.007306115685105573,0.0018244359803588624,0.0040015216430156365,0.10289348069890303
12.836342252505009,0.20704209012520824,0.27228061762309663,0.3093875613122079,0.09785075886045308,0.016689841177172482,0.004090557864736513,0.004594500393162086,0.08806407264396288
12.886484214428856,0.20163264440612536,0.2779751295131858,0.3316032056616901,0.1008280401064353,0.01030083435131828,0.008023518272862382,0.006852238922544893,0.0627843887658378
12.936626176352705,0.17211540199228254,0.24998132863566302,0.1559901253392432,0.08082519351207586,0.09802744028684686,0.026839337701819208,0.04062951181224562,0.17559166071982368
12.986768138276553,0.17670157963897518,0.3056205615011441,0.24344885765860932,0.08908696537216164,0.03224356397593557,0.024714222015808356,0.020784985260847003,0.10739926457651883
13.0369101002004,0.18133312455431355,0.3150873439324109,0.2728631295865779,0.09096283678125865,0.022706720024534707,0.013030083688158051,0.014544772825712898,0.08947198860703343
13.087052062124247,0.18545395563137818,0.3230281992626562,0.2902210034868956,0.08414029531389951,0.008364796164185203,0.002444295110334922,0.00576202426245985,0.10058543076819049
13.137194024048096,0.17808806415707643,0.30386004437937675,0.28445525351261847,0.09424155392998088,0.02313628230140237,0.0036147975980983004,0.005963364650813349,0.10664063947063329
13.187335985971943,0.1658221565700334,0.30501569921325866,0.27339531970536846,0.09518201007167167,0.03806644429960452,0.010835874163337728,0.020086987294195818,0.09159550868252975
13.23747794789579,0.16017756639742325,0.3015438097780811,0.22678407538993806,0.09158783953641059,0.06429640139775948,0.009385069177304365,0.02918091765164313,0.11704432067144
13.287619909819638,0.1409683185905085,0.3283981872849462,0.16489590160995693,0.07870034381688625,0.057268009392717006,0.03844066620731554,0.0368020690131315,0.15452650408453794
13.337761871743487,0.16040712367255383,0.3601458359495839,0.3025439734802548,0.09089307744401821,0.0068481781249440325,0.00250141446304225,0.007091956128593203,0.06956844073700985
13.387903833667334,0.15932678565625522,0.3611557420720387,0.3042302298021443,0.08830150486861058,0.003117367750310021,0.0011377331990044348,0.004256584692508465,0.07847405195912827
13.438045795591181,0.15475683132579388,0.3465729756909817,0.29242800970233085,0.09222978981892943,0.013973333777821171,0.0020811581201972272,0.003325209894650393,0.09463269166929533
13.488187757515028,0.1353668903573832,0.3187032514719652,0.1929843180941292,0.08726729426620436,0.07424827383631744,0.010956389870276575,0.040047150748964436,0.14042643135475963
13.538329719438877,0.14045214538197928,0.36332214344584446,0.2867459104778717,0.09753373676236679,0.02394817857081467,0.006833689965831481,0.01674337109765439,0.0644208242976374
13.588471681362725,0.11942122269816932,0.35750086522235114,0.15425945864096932,0.07625790495124699,0.06102016040988449,0.03501938276781092,0.04289894199541926,0.15362206331414863
13.638613643286572,0.13520568368631825,0.39957203058739155,0.2689700134859073,0.08348589740392004,0.01076499134364271,0.0034579309297236424,0.010194758373379862,0.08834869418971658
13.68875560521042,0.1352093727563611,0.39784100912964815,0.3083183583605168,0.09017769187354033,0.0003246889695967017,0.0004523981067543967,0.0011924723781635482,0.06648400842541902
13.738897567134268,0.13189392480178966,0.39208750260540304,0.30977652265916494,0.09290546562109296,0.003513448787519486,0.0016141542819587745,0.0021898543385709375,0.06601912690450029
13.789039529058115,0.11502288859533749,0.34423520693544585,0.17343655459541943,0.08465103121192707,0.07756330544956148,0.008398046582176055,0.047916706831809465,0.1487762597983232
13.839181490981963,0.11205589439786501,0.40365670931836806,0.23715403942322463,0.08643927001430483,0.03030889076083657,0.016040290956066537,0.02681432075306976,0.0875305843762646
13.88932345290581,0.1092946367330467,0.4070860442500932,0.20650389371318273,0.0813712127907203,0.0431665327002101,0.015274883813169708,0.031818870926445086,0.10548392507313231
13.939465414829659,0.11217741308621339,0.4354958654442716,0.2282243137350005,0.07779266518856473,0.019354828242068956,0.006672658765267558,0.017597393352209095,0.10268486218640416
13.989607376753506,0.1132630613180921,0.43343574554696085,0.28738527560109056,0.08557058745426442,0.0038815026088970888,0.00044714882550854105,0.0003799841615596425,0.07563669448362687
14.039749338677353,0.10828959862928408,0.42485845274755574,0.2883866997392284,0.09195135796362716,0.012435811301217757,0.00225222424096124,0.010646162709076295,0.061179692669049324
14.0898913006012,0.10177735093768497,0.3991094744766602,0.21861289692031782,0.08840010088373572,0.050003894281355876,0.0034379165155680935,0.034774431606457115,0.10388393437822019
14.14003326252505,0.08728982100339445,0.4194799633562333,0.1515299497552644,0.07169455174083293,0.0607507217419297,0.022451603101197933,0.05074018352153112,0.13606320577961606
14.190175224448897,0.0971567014693476,0.4668096259096032,0.2577262554793108,0.08402711320962458,0.016833187945996954,0.002508524345233045,0.015477631210838054,0.059460960430045784
14.240317186372744,0.09369672560211059,0.4745232316266717,0.22524924399585936,0.07654449041654168,0.017171284060418093,0.005971707127526883,0.018572087527771904,0.08827122964309975
14.290459148296591,0.09466998911171533,0.4731659792156964,0.2666769046482923,0.07924868172180374,0.005450109133727182,0.0002870598360422234,0.0006509346783532641,0.07985034165436933
14.34060111022044,0.08736249808168434,0.4434528686008764,0.23433264784728056,0.08618220965507649,0.03420650201598004,0.002379199817295519,0.027195094603159962,0.08488897937864659
14.390743072144287,0.0864255586290407,0.46594746586187474,0.2668359864840454,0.08856817233388653,0.01777995737560799,0.0034982427130512486,0.018515980020778505,0.05242863658171504
14.440885034068135,0.07119532631429812,0.4402608851982305,0.1253212605655863,0.06519757275619713,0.06866539784466952,0.020932978350987515,0.06357599347487736,0.14485058549515362
14.491026995991984,0.0791207982210547,0.5131147013471821,0.23477873845719052,0.07660642342429112,0.012495494427838908,0.003747945335988275,0.016478077882121002,0.06365782090433336
14.541168957915831,0.07890841488316733,0.5182207870615919,0.2464339122724608,0.07669642608983429,0.0068706576765001515,0.0021689680022761205,0.010584314006481212,0.06011652000768808
14.591310919839678,0.07861998481761424,0.5168585456115559,0.2621830495386885,0.0760576907908972,0.001914200688129765,3.10393539612589e-05,5.811756860523734e-05,0.06427737163054803
14.641452881763525,0.07131766233603264,0.46834944962309744,0.2024073641536206,0.07938301134481215,0.042035150507855536,0.0019388202298617422,0.03635843536538548,0.09821010643933437
14.691594843687374,0.06763338740428382,0.5079594593104215,0.23408079189206332,0.07689186875553967,0.021511940149892363,0.006891315967849397,0.027101481026150592,0.057929755493799306
14.741736805611222,0.06285884213616032,0.4913735445259635,0.16159629947676482,0.06680083217042838,0.051897276301830636,0.009543681437366622,0.0517254781831653,0.10420404576832043
14.791878767535069,0.06210199040005535,0.5429650827933225,0.17711792011246327,0.06659367131840656,0.024964947316201153,0.008265718043868234,0.03134650131758668,0.08664416869809632
14.842020729458916,0.0651811901493931,0.5606863754853219,0.2503582728329831,0.07257138021909199,0.00039255148987123124,0.00018863466689905732,0.0023810646534628355,0.04824053050297683
14.892162691382765,0.06370915652201463,0.5552825216342137,0.25899781234570585,0.07442165831283198,0.0004990440550297818,0.00015280373288199123,0.0015091127566419162,0.04542789064068031
14.942304653306612,0.059658097722874816,0.5176008576279346,0.2138821141148598,0.07512056579960541,0.028632340864842933,0.0011639743082754905,0.02740731053620701,0.07653473902539998
14.99244661523046,0.052051290443242824,0.5185842167961714,0.1577084589606546,0.06254086274859749,0.04825961715225104,0.007873787097275356,0.05559371976025308,0.09738804704155424
15.042588577154307,0.05475078935013241,0.5630584419524534,0.21206707026391808,0.06903316218874035,0.02248736674561612,0.0012673631225954252,0.026291335239428507,0.05104447113711574
15.092730539078156,0.049327430039941916,0.5733729881438507,0.15339825138690455,0.06032039400971156,0.028528052943091905,0.00921507007863187,0.0394625291744047,0.08637528422346274
15.142872501002003,0.05239398726693111,0.5991797365493707,0.22727225634489567,0.06421994723198651,0.0019348566370946813,0.0002019282000250057,0.0016232324698739423,0.05317405529982233
15.19301446292585,0.05041563854082734,0.5828611592789508,0.23809568978281817,0.06989381169787362,0.006668227213859449,0.0005504847744740642,0.008129779326643969,0.0433852093845527
15.243156424849698,0.04891020239147951,0.5790558817437732,0.23643575126439287,0.07033905432205238,0.009959517188485216,0.001221519491633889,0.013432567090632098,0.040645506507550944
15.293298386773547,0.04115910837689811,0.5313181837929946,0.12235022398728995,0.05451775035179088,0.057529661046070185,0.00703510619151556,0.07412510156224643,0.11196486469119438
15.343440348697394,0.04276230110469275,0.617220059407156,0.20077850961842061,0.061907633976197016,0.011569558812707175,0.0028241816536188104,0.021313709880390767,0.04162404554681698
15.393582310621241,0.0406293783110085,0.6171646574638726,0.1700460960381839,0.05743469396067171,0.018798219357203307,0.005038757702074566,0.030442047878741014,0.06044614928824443
15.443724272545088,0.04180877216894611,0.6374002393174418,0.20391401055050895,0.0569005735795991,0.0037507205301178384,0.00039554223991763044,0.0038310509775704485,0.05199909063589814
15.493866234468937,0.03958203361924588,0.6084846577294986,0.20975103116065985,0.062284839170060814,0.013146298800851037,0.0006263996455651105,0.015125266936556954,0.05099947293756191
15.544008196392785,0.037617758849167196,0.6203410720569975,0.21776302907947076,0.061076864885306614,0.009872040071417936,0.0018950501244138491,0.01867882995250976,0.032755354980716356
15.594150158316632,0.034182874901757455,0.5786214404966344,0.14012260787586056,0.05250507534118424,0.04397231962733112,0.0032482336405596775,0.06346669134239549,0.08388075677427709
15.644292120240479,0.031828666843664984,0.6404285865627509,0.14370602952863135,0.04993837646949571,0.02364429982391011,0.006045117330356217,0.04142237640661404,0.06298654703457662
15.694434082164328,0.03347763524245793,0.6682709448899522,0.1904077817542899,0.05373364276177902,0.005880126410121957,0.0009875686591420522,0.012755040329874406,0.03448725995238244
15.744576044088175,0.03307968003128683,0.6754912836998614,0.1949233561023988,0.05190581068300552,0.0020301894388176232,0.00020450886500809,0.003395669770189006,0.03896950140943278
15.794718006012022,0.03138857933009714,0.646579779797834,0.19514991162248796,0.05476899081248414,0.011244454997706984,0.00041879388484075805,0.013545336562246452,0.04690415299230266
15.84485996793587,0.028479921608403323,0.6316283835317441,0.16475874247409855,0.05049986997547201,0.025986479184214276,0.0014896807041802594,0.04399717494689634,0.05315974757499131
15.895001929859719,0.028421910974753335,0.6531349609266432,0.1751166069347937,0.051284273658523685,0.019535688050303496,0.0003735236697173837,0.03352626015568019,0.03860677562958492
15.945143891783566,0.024166749145483335,0.6575054769813754,0.11007912901593056,0.041591422825801104,0.030861767507324778,0.006896826140428568,0.05794935767727433,0.07094927070638213
15.995285853707413,0.02616556295018186,0.7107698182130662,0.17895630883142788,0.046273095805525286,0.0020652244394670245,0.00024104033260345084,0.005648140422253155,0.029880809005475184
16.04542781563126,0.02565982343955961,0.7090570712927605,0.19004612446875055,0.04730583299638046,0.00017104477387051048,7.110791893325343e-05,0.001517250647201439,0.026171744462543556
16.09556977755511,0.0248494166861671,0.6948331361856879,0.19161723225765012,0.048446525468360764,0.004206756650981407,0.00022294448059904018,0.0060352754991915905,0.02978871277136208
16.14571173947896,0.021908935973926392,0.6403016838500611,0.1292937313345357,0.04303103355345442,0.03409772927685219,0.0010404163053836255,0.06392925498848785,0.06639721471729865
16.195853701402804,0.021369139628819974,0.7103933314120505,0.16843035016516186,0.04384827587352917,0.008388078607289445,0.0014373043609424618,0.022541298376781756,0.023592221575424954
16.245995663326653,0.019177227879399322,0.6942631102442883,0.11536278302264608,0.0372891334131476,0.024177667545336422,0.004280810815133865,0.05146581956294066,0.05398344751710771
16.2961376252505,0.019868731515909805,0.7419230593596557,0.14854430752947384,0.038406120545797534,0.005276834941431696,0.0006965948783553254,0.010836647125392932,0.03444770410398312
16.346279587174347,0.019539459272541602,0.7368104348597593,0.17584632655914073,0.04182822273950158,0.001081772880260544,9.375991207766923e-05,0.0017986374937958385,0.023001386282922698
16.396421549098196,0.01881040614097535,0.7323872116149734,0.17859472164213178,0.042205915559660426,0.0022585441073199016,0.00028638829208165725,0.006906743970432868,0.01855006867242459
16.446563511022042,0.017094855882390007,0.6779815885201412,0.12880027332871308,0.038767251887193314,0.026755011034256874,0.0004871125672927549,0.05725224579644256,0.05286166098357015
16.49670547294589,0.015311396576928742,0.7279809428640419,0.12181112965982373,0.03350052860888928,0.01705306191018493,0.0026794038329499923,0.043057085241002345,0.03860645130617901
16.54684743486974,0.015599940277123341,0.7494537733808146,0.13428814838397987,0.03423895337797132,0.010681005920588757,0.0009574524311304239,0.026842906525065827,0.027937819703325872
16.596989396793585,0.015147795584520351,0.7704813237603094,0.12812857601363178,0.032531933056094316,0.006389287799180128,0.0007213762437499122,0.01469335405081508,0.0319063534916989
16.647131358717434,0.01476217744759455,0.7645745970519076,0.15573081416003073,0.03581112291038829,0.0022671065857463677,8.387728175469433e-05,0.002938334235264465,0.023831970327313323
16.69727332064128,0.013865020903846066,0.7478774785558263,0.15014048794687246,0.03575880012284487,0.008126787062224446,0.00017858255846808736,0.021711613187667587,0.022341229662250273
16.74741528256513,0.013430680632447064,0.7416312595231733,0.14190122003073374,0.03492336743877261,0.011961529273407514,0.00010592359717821252,0.030944452233412467,0.02510156727087509
16.797557244488978,0.011362153525303866,0.7324306134928698,0.0880559839801047,0.02664503290860877,0.024127508443629413,0.0028442801025587994,0.06505143253987371,0.049482995007051
16.847699206412823,0.01190513300952889,0.7969738338502734,0.13020833232004056,0.029266398968953215,0.0030592124428291652,0.0001049515711749152,0.010973040597855168,0.017509097239344573
16.897841168336672,0.01145242458424646,0.8007939346507859,0.1225131856654317,0.028314916773873627,0.0035035698599484126,0.0003711045068139584,0.010565880276989558,0.02248498368191043
16.94798313026052,0.011179707705190948,0.7968319655296894,0.13865692710741526,0.030309909549479715,0.0013560749826155806,2.794245223435675e-05,0.0015406740122351765,0.02009679866113956
16.998125092184367,0.010297241046766084,0.7561589992058178,0.12343649346301767,0.030183680680196955,0.012953278035321654,5.233875877631347e-05,0.037242653139813134,0.02967531567029047
17.048267054108216,0.009825322724630457,0.792608146652577,0.13304299900648883,0.02828300132314081,0.004497627684947299,0.0004642848031304327,0.01814879449902524,0.01312982330605994
17.09840901603206,0.00863160196323422,0.7582489188309515,0.08400881259510953,0.0229757990193654,0.020266583222527064,0.0017486904412303732,0.06263782542759139,0.041481768499990634
17.14855097795591,0.008519394282521117,0.8221719176582849,0.10243846960042415,0.023302301063458562,0.0047763137528017115,0.0005865116558951675,0.016468083953572302,0.021737008033042016
17.19869293987976,0.00850669618202429,0.8298231365032355,0.11827787654154226,0.024932881150642048,0.0005724820331084028,8.104188601147984e-05,0.003154111173855099,0.014651774529580996
17.248834901803605,0.008286123633154998,0.8267401283514141,0.12476205201176001,0.02573094794842113,0.00013414460730249884,4.901018137204559e-06,0.0004333798522262468,0.013908322577583787
17.298976863727454,0.007609056004849038,0.7810571970027338,0.1108557200006848,0.02582725453928462,0.011061103870641839,4.7509897515852595e-05,0.03658376773238645,0.026958390951903555
17.349118825651303,0.006822162374969812,0.8068386066002984,0.10036100129077699,0.02131255977742884,0.008791537297829544,0.0006702295214001133,0.034331727559534925,0.02087217557776133
17.399260787575148,0.00668648081686001,0.8100271388401222,0.09322093553812458,0.02059728456701481,0.010004205208649933,0.0003892707069359982,0.03664941812928744,0.022425266193005
17.449402749498997,0.0061747905819159715,0.8375499266519699,0.0788054934632023,0.018745844830985625,0.0072199815990940394,0.0007961080779722893,0.026500188199462163,0.024207666595397637
17.499544711422843,0.006190516811035955,0.8538057202471484,0.10553631059940022,0.021342752749812136,7.966392536419633e-05,1.3778928757929666e-07,6.104313704251028e-05,0.012983854740909018
17.54968667334669,0.005935028820256323,0.8454666041224912,0.11010164905286453,0.021817625244000206,0.0008697798568484745,3.0883887499677945e-05,0.004658545270622912,0.011119883745416614
17.59982863527054,0.005657795451737065,0.825146610438539,0.10596380279171302,0.021843043795915285,0.005135043830282082,5.855419304356835e-05,0.020580033974856422,0.015615115523913592
17.649970597194386,0.004956483942162463,0.8050333393549438,0.07359862221159674,0.017023034133382714,0.013300483717292292,0.0006062582809945419,0.05631634015240794,0.029165438207219507
17.700112559118235,0.004934357659239849,0.8586161130966987,0.08936704597086256,0.01762016799661218,0.0028485862900988206,2.5527894082338393e-05,0.014964179456681935,0.011624021635723514
17.750254521042084,0.004520219548986649,0.8582903427611022,0.07020280341414109,0.01584302424238953,0.0057140226487303065,0.0005143255680129907,0.025249998938841334,0.01966526287779602
17.80039648296593,0.004446947896632362,0.874720364384689,0.08857595062038964,0.017712775460374523,0.0005474741525833807,3.702224704558188e-05,0.0009187315993555768,0.013040733638929769
17.85053844488978,0.004226754188399791,0.8559670392795644,0.09444040219822353,0.01845475029017383,0.0025234058173758678,2.4170298913767687e-05,0.012295653530046182,0.012067824397302696
17.900680406813628,0.004065426715073215,0.8634224549328433,0.09426860412611004,0.017388522028261872,0.0016542740657276944,8.154884532322518e-05,0.0104012579699403,0.008717911316720284
17.950822368737473,0.0036261703918931886,0.8205730195444156,0.0648219110077298,0.014517164275633276,0.011677103284858058,0.0003079192124183956,0.05790476022429864,0.026571952058752957
18.000964330661322,0.003332366925630016,0.8800875878479864,0.06833907460733872,0.013795943593190783,0.002996619847708579,0.0002910146474577054,0.018052773932350115,0.01310461859833767
18.051106292585168,0.0032616710386860325,0.8859036991526767,0.06865794857531078,0.0139036265970184,0.0022719215920953715,0.00018951107335039158,0.013406790548900859,0.01240483142196147
18.101248254509017,0.0031865502390040785,0.8948154605129908,0.07466497700282015,0.014629985265143934,0.0004440177896157271,2.917074509355241e-05,0.0011323248594350159,0.011097513585896723
18.151390216432866,0.002983168233832779,0.8706001243185396,0.08082499873010708,0.015554121393881714,0.00274040586928857,3.7314845849082185e-05,0.015095670909855537,0.012164195698645575
18.20153217835671,0.0027410034374384133,0.8761264868858405,0.07436809080358281,0.013392020285425348,0.0029807248606692595,8.358497806411354e-05,0.01980258779474961,0.010505500954229863
18.25167414028056,0.002611662881310803,0.861858626207574,0.06489566863803353,0.01267413918365861,0.00605868424876623,5.1850231465265005e-05,0.036408625745703097,0.01544074286348851
18.30181610220441,0.0022918573505346248,0.8850446489204791,0.049064182863982855,0.010673754611301657,0.005003831518064916,0.00045051947049187395,0.03158876152221648,0.015882443742928465
18.351958064128254,0.002317551306114644,0.9108185750822643,0.06273776415513196,0.011872014355075778,0.0003700079203915523,1.651750636809221e-05,0.0033965747177044036,0.008470994956949252
18.402100026052103,0.00223854547171415,0.9117746247929251,0.0650614248757047,0.0120739960009058,7.469860820154075e-05,2.8751534858872007e-06,0.00050975241646237,0.008264082680600526
18.45224198797595,0.002106903735115324,0.8952059024897875,0.0697233807807763,0.012778140158681988,0.00145191797581072,3.5583811489358106e-05,0.009544702317354532,0.009153468730984327
18.502383949899798,0.001909393348000821,0.874510247433941,0.057456473579003894,0.010731824572370962,0.004976709403618199,4.865080615576569e-05,0.03635123327472477,0.014015467582184638
18.552525911823647,0.0018517777691148688,0.9042995659509611,0.05895941642197032,0.010501804294778235,0.0017495562410243936,8.220341048915315e-06,0.015073114474537404,0.007556544506564844
18.602667873747492,0.001645072784824975,0.8955367648322631,0.040684708267556643,0.008676647697781478,0.0046106649220454396,0.00028305440971736635,0.03442459961748279,0.014138487468328353
18.65280983567134,0.0015947017425823292,0.9269821353222104,0.05098494534762716,0.009588041330502556,0.0003831963272386205,2.0757052264095115e-05,0.002466562259251012,0.00797966061832378
18.70295179759519,0.0015388051160844316,0.9237684635259618,0.056949465064518846,0.010013604000047926,8.38122267182354e-05,8.242004144490362e-07,0.0012328925787227416,0.006412133287531652
18.753093759519036,0.0014880408108082545,0.9194517778446364,0.058628089071566435,0.010062536224048513,0.0003748674344753167,5.478867340428472e-06,0.003930817071035845,0.006058392676088764
18.803235721442885,0.001360431930456253,0.8827758373634069,0.04856093182062639,0.008889525852082003,0.004590836565160724,1.3295599583715699e-05,0.040387749323718664,0.013421391544965355
18.85337768336673,0.001212793811244035,0.9225754054731438,0.04455245398351936,0.007837529210590648,0.001377625023489057,7.311404757118315e-05,0.015186813031162124,0.007184265419279856
18.90351964529058,0.001147625780933297,0.9187591274953646,0.03869467489655531,0.007294338224252029,0.002351805483483245,9.648508167797258e-05,0.022451376186411236,0.009204566851322316
18.95366160721443,0.0010879364936491824,0.9383701919274909,0.03980484091532886,0.007608007027544309,0.0006719074469145312,5.7569989787024264e-05,0.004917174554715395,0.007482371644569885
19.003803569138274,0.001046853448323809,0.9335399059679097,0.04830502418698668,0.008277149446685766,0.00027368960389232496,4.706028070626223e-06,0.0028207321215861364,0.005731939196544911
19.053945531062123,0.0009895482359226,0.9307343319176528,0.04737210718495794,0.007747609306058016,0.0005545600635571941,9.191011170016164e-06,0.007271142524539317,0.0053215097561422064
19.104087492985972,0.0009247488627051579,0.9099021844467808,0.04366865715848648,0.007331914941591977,0.0025020366344827684,2.09434912281139e-06,0.027058219907364834,0.008610143699465223
19.154229454909817,0.0007959807391703363,0.9224538485335462,0.03172729924309032,0.005776968117280963,0.002411693770217656,0.0001342825784253601,0.027937602389344486,0.008762324628924567
19.204371416833666,0.0007906301392498446,0.9438374144771383,0.035164364666401354,0.006009908528228409,0.0005868531028192326,1.6241674086022697e-05,0.008113492254101013,0.0054810951579759015
19.254513378757515,0.0007545616137950388,0.9493606227576015,0.03271866341466019,0.0060328528029515854,0.0004870391091717808,2.040275107436085e-05,0.004632532765912099,0.005993324784833276
19.30465534068136,0.0007089705238821393,0.9452089019106403,0.039550371659285724,0.006630882091302054,0.00024014794506504203,1.2644282786967863e-05,0.00255835219342629,0.0050897293936114085
19.35479730260521,0.0006533185078635276,0.9317914690844828,0.0382768877257767,0.005980342512365735,0.0011742469197352854,2.378354725555854e-06,0.01618754058156236,0.005933816313487772
19.404939264529055,0.0006314701868879224,0.9401039928961493,0.03683800667566736,0.005653704723432431,0.0007449148097745548,5.861597991977365e-06,0.011322705750687828,0.004699343359408581
19.455081226452904,0.0005691501031720114,0.9254963736630105,0.025361539481775004,0.004462685052375948,0.0023991232925950727,9.273088254081601e-05,0.03315036818752757,0.00846802933700308
19.505223188376753,0.0005322508476841616,0.958168872311753,0.027637234344140598,0.004687340275589594,0.00024453534288789005,3.6764263603135877e-06,0.0040769251589540785,0.004649165292630375
19.5553651503006,0.0005103240355157128,0.9596918169948347,0.028379323438988073,0.004795576684251569,0.00013815756445550802,2.291948211955493e-06,0.002023041887486343,0.004459467446256027
19.605507112224448,0.0004869178875649108,0.9576573799587069,0.031706107992728064,0.005082855537059609,6.131044705840761e-05,5.994797071855456e-06,0.0008167009803534773,0.004182732399456768
19.655649074148297,0.00045362291595651765,0.9355649279016949,0.03187194808680943,0.004632526770093758,0.0011905958935172084,2.5177617985642247e-06,0.0202934447494161,0.005990415920713588
19.705791036072142,0.000416219997716058,0.9536895986031405,0.027623627561098874,0.003917071668193543,0.0004638985760153405,4.55175074810294e-06,0.009713660050905107,0.00417137179218241
19.75593299799599,0.0003890408776958627,0.9418376728091248,0.022764760171893817,0.0034832642299533444,0.0013879090614352043,1.4133161886116134e-05,0.024009883697842203,0.006113335990168722
19.806074959919837,0.00034383769681676374,0.9634661323983331,0.020035763730934505,0.003485790870285606,0.00045694931888322403,3.9323833662745955e-05,0.007441881483357938,0.004730320667726162
19.856216921843686,0.0003365041893243566,0.9677764932128969,0.024204974168079547,0.0037469342653054056,2.4271950989693615e-06,2.5769588532170448e-06,0.00021447527929616952,0.0037156147311453447
19.906358883767535,0.00032537458034193143,0.9657866588224123,0.025457604208952024,0.00370089885438916,2.5400840170794482e-05,3.0184032521055718e-06,0.0010843794691098557,0.0036166648213716845
19.95650084569138,0.0003019377097257993,0.9493665025931894,0.0265517658390277,0.003508698737322489,0.0006903681994202113,1.3097339168999333e-05,0.014822769551853267,0.004744860030292064
20.00664280761523,0.0002621107290536573,0.9525832897259149,0.02018114616643082,0.0026752625528208953,0.0008298659691134383,1.2293392624161368e-05,0.018599214464591996,0.004856816999450064
20.056784769539078,0.0002532233818038438,0.9631015283395251,0.019632011159312145,0.0026631540043781845,0.00041241278812333577,2.0404358017610677e-06,0.010043227189493,0.0038924027015625473
20.106926731462924,0.00023378949501148762,0.9680451693515787,0.0152922163527328,0.0025281807611351012,0.0004496919202159412,3.510634743865307e-05,0.009080582987436506,0.004335262784450733
20.157068693386773,0.0002232463011580177,0.9739070059777903,0.019426462397109906,0.0027844180669592245,1.931089027185664e-05,1.0033314239977378e-06,0.0001411157446360907,0.0034974372906507734
20.207210655310618,0.00020875524925244624,0.9686563428046536,0.020880549170074453,0.002595943986646438,0.00013198883042201946,6.9011878506454745e-06,0.004051323302784772,0.0034681954683156713
20.257352617234467,0.00019957247412275532,0.966452143685595,0.020921810848308943,0.0024621340170302066,0.00021278109531995461,8.691867256680008e-06,0.006320111764507707,0.0034227542478587614
20.307494579158316,0.00018392414621089427,0.9524222923158012,0.01603462295544074,0.0018966764383436714,0.0008489322673211541,2.0924765538621323e-05,0.02366002555866536,0.004932601552678273
20.35763654108216,0.00016982738289945417,0.975569776940215,0.014641622629690449,0.001895938732026653,0.00011712602724269136,9.09865529252504e-09,0.0043754624714635384,0.003230236717806867
20.40777850300601,0.00016115229477935811,0.9751915531968443,0.012798986916691615,0.0018139730712935281,0.00022961743259740345,3.853979433870306e-06,0.006211808070083101,0.0035890550382768893
20.45792046492986,0.00014935921713695,0.9794208722049254,0.014901292927720633,0.0019698223577729237,2.669553557912171e-05,6.729202421597125e-06,0.0002576485547923306,0.0032675799996509935
20.508062426853705,0.00014070247480707805,0.9707534109895899,0.01719612077256063,0.0018155546855477876,0.00017855682578222322,5.563055249742302e-07,0.006532025514428413,0.003383072431758838
20.558204388777554,0.0001357183121392594,0.9752208637808583,0.015445988176862947,0.0015843232599867042,0.00010232797773439845,5.370247586862847e-07,0.0044930256184444965,0.0030172158492154377
20.6083463507014,0.00012865529748540798,0.9620849635601214,0.01348055461742507,0.0013419505261051496,0.0005193420742386487,8.99976316331431e-06,0.018388465050644284,0.004047069110816759
20.65848831262525,0.0001080670874967175,0.9780944564021428,0.009952089147738864,0.0012493911375227192,0.00019140504310849858,9.151016977814433e-06,0.007086751107674436,0.0033086890573381655
20.708630274549098,0.00010457477296510821,0.9826649141303897,0.010771615386083443,0.0012773594588886363,4.996820833905316e-05,2.782138209358306e-06,0.002066529589034922,0.0030622563160898064
20.758772236472943,0.0001009435092948916,0.9840477017688705,0.011455622141568906,0.0013297539093960584,6.927168574539644e-06,4.4998344785382196e-06,4.531598303322201e-05,0.0030092356847832846
20.808914198396792,9.538273900593338e-05,0.9761514501637532,0.013632003819632763,0.0012570862068837095,0.00011547347248060843,4.738678353172625e-06,0.005584832041582567,0.003159032878308099
20.85905616032064,8.546991503681018e-05,0.9751324206726151,0.011451006500496876,0.0009799226814904154,0.00019094074159907483,1.530763575307893e-06,0.00900332595119509,0.0031553827739913
20.909198122244486,8.081960236236933e-05,0.9767261232832306,0.010658394927937447,0.0009306574910967842,0.000172781329650485,2.7946466711601357e-06,0.0083322367551358,0.003096191963915307
20.959340084168335,7.199823754338177e-05,0.9788043240367472,0.00710913028976541,0.0008199575843873287,0.00020992575580743,2.3218405254096953e-05,0.009679443759516236,0.0032820019309788284
21.009482046092185,7.010838649015947e-05,0.9874732872932106,0.008379524875289706,0.0008945820008146744,7.3672373439462264e-06,1.6519871553601975e-06,0.0003116886509760877,0.0028617895687194084
21.05962400801603,6.744258229580242e-05,0.9868689521567187,0.009111395325303527,0.0008742586367382619,1.3475879406457981e-06,3.1884934251388696e-06,0.00024953801204677677,0.0028238772055311223
21.10976596993988,6.333602767159382e-05,0.9835608039609576,0.01013460408036606,0.0008405291216857587,3.7067676913059516e-05,8.076507770605485e-06,0.0025027085456688644,0.0028528740789665052
21.159907931863724,5.8051980922479776e-05,0.9745048636255177,0.008982969240837867,0.0006075438992984895,0.0002012923532501485,5.210420003876758e-07,0.012367638665600256,0.003277119192572675
21.210049893787573,5.5464886251814174e-05,0.9858627322215381,0.007369448860068613,0.0006084263268595341,4.093770937556623e-05,1.1947695403388935e-06,0.003318909392810691,0.0027428858335554196
21.260191855711422,5.360766854426714e-05,0.9827806518530531,0.005617536002467375,0.0005539862963800388,0.00012819860611887432,1.014009940144154e-05,0.007845784638281693,0.0030100948357532076
21.310333817635268,4.865493348583998e-05,0.9899094963818358,0.00600667561507663,0.0006310105141963913,1.596872838203344e-05,2.089108327601023e-06,0.0006073123403094705,0.0027787923783864077
21.360475779559117,4.618911715950554e-05,0.9884444710298605,0.007283275160675553,0.0005818215151928051,8.350460963800011e-06,2.9300009825380708e-06,0.0009149680770373432,0.0027179946381279407
21.410617741482966,4.547436014627625e-05,0.9881830834757084,0.007210517601252742,0.0005368058181407702,1.144964437456559e-05,2.158605656911213e-06,0.001349406556645265,0.00266110393807506
21.46075970340681,4.406916110918284e-05,0.9790511957102107,0.007073323819415562,0.00040159821537502643,0.00011962139632574077,6.661990498588675e-06,0.01026138936796669,0.0030421403390984425
21.51090166533066,3.861658940930345e-05,0.9873112221514054,0.004714682359151912,0.0004003005399272682,5.2571207181262416e-05,1.9959562183991604e-08,0.004768375052030736,0.0027142121413318288
21.561043627254506,3.690478183923529e-05,0.9888447184657244,0.004451108276315186,0.0004022279118533576,3.9894707154607516e-05,2.737208679963079e-07,0.0035482894701160746,0.0026765826661290237
21.611185589178355,3.4111826438008223e-05,0.9918179962023441,0.004217013635764009,0.00044812719743354845,1.4201774596464863e-05,7.129374473499112e-06,0.000815297515746468,0.002646122473203949
21.661327551102204,3.3406337401986645e-05,0.9902256737964099,0.005521830088846566,0.0004007511038290621,8.233810984366908e-06,2.4139988197056044e-07,0.0011659858717929167,0.002643877590853161
21.71146951302605,3.175471910538885e-05,0.9889046620474585,0.00522055116607694,0.00033414571083721585,2.358300566206286e-05,5.252106167414847e-06,0.0028839129524061424,0.002596138292286332
21.7616114749499,3.0065868577597566e-05,0.9869590142811859,0.005084670725171057,0.00029848672565168787,4.171316686526474e-05,7.93673952802103e-06,0.004920153861509639,0.0026579586315107484
21.811753436873747,2.6534876389236098e-05,0.986885754130448,0.0031962143359629378,0.00030026032929259786,5.8403764605866404e-05,4.053793952180509e-06,0.006890619768678439,0.002638159000670659
21.861895398797593,2.5996611226904278e-05,0.9931012658870112,0.003184932414618169,0.00032680096665570413,6.095518469458636e-06,1.9867867521150906e-06,0.000886427588053913,0.002466494227212568
21.912037360721442,2.5625579187777975e-05,0.9936110376351681,0.0030867252809388913,0.0003325257575393582,5.368231815728678e-06,3.327749361733242e-06,0.0004645238083757749,0.002470865957612589
21.962179322645287,2.4449540170933976e-05,0.9926796479180411,0.003865896353648306,0.00030035545566443943,3.247125428419196e-06,2.9838700336759513e-06,0.0006153399521635684,0.0025080797848495706
22.012321284569136,2.2406261361031903e-05,0.9888010427398273,0.0039295389969566975,0.00024104426663550062,2.793091339180832e-05,3.1551249198581206e-06,0.0044289126786969295,0.002545969018210803
22.062463246492985,2.2160489848952834e-05,0.9922948468772086,0.0032165830445768937,0.0002616235362655157,8.910377150387946e-06,3.1373789222785068e-06,0.0017997701234018278,0.002392968172625576
22.11260520841683,2.205558588614928e-05,0.9887930488502015,0.0023630242527199713,0.00026150028863041933,3.465788965162763e-05,9.055560395961864e-06,0.006052030135349787,0.0024646274371645793
22.16274717034068,2.0657834668737323e-05,0.9945344326501726,0.002021277302384104,0.0002839760547758207,5.063151918646175e-06,5.424238453068103e-07,0.0007723904467854903,0.0023616601354493616
22.21288913226453,1.9950854162344743e-05,0.9949326168618619,0.002311718713423119,0.0002677957927194967,5.066787997038973e-07,1.9222182678635597e-06,0.00010783027971873852,0.0023576586010467526
22.263031094188374,1.931078253514329e-05,0.994594761142886,0.002569880017009426,0.00025371652984868687,3.251134232184378e-07,3.216572197943264e-06,0.00019330844872245332,0.0023654813933771113
22.313173056112223,1.8967457070334258e-05,0.990447450573231,0.0028767861506923866,0.00022083382449798522,1.5396376556071233e-05,1.8056425035391825e-07,0.003988698392702659,0.0024316866609991328
22.36331501803607,1.8415326809912078e-05,0.9932377064233947,0.0019243332520278633,0.00025586112058496944,8.350757701288108e-06,2.9271236296990905e-06,0.0022551759238921406,0.0022972300719593663
22.413456979959918,1.8003246706905752e-05,0.992653560886317,0.0016894942176226189,0.00025492828723773845,1.2189691396849415e-05,4.401192981839441e-06,0.0030714177474059244,0.0022960047303312026
22.463598941883767,1.624311922021611e-05,0.9950266388152192,0.0012222781398507794,0.0002670848299600885,5.4768413597115225e-06,3.2916733094206296e-06,0.0011610477881186785,0.0022979387929619177
22.513740903807612,1.613645275262941e-05,0.9957385712376524,0.0016412834708126956,0.0002478597396121603,4.123585929102292e-08,2.2445103498725155e-06,4.7204533503208425e-05,0.0023066588194576854
22.56388286573146,1.606835979087278e-05,0.9952516315580797,0.0017289197300146292,0.00024419605332477745,8.92801020952373e-07,2.6367650489949484e-06,0.0004639394043748151,0.0022917153283451563
22.61402482765531,1.5728972135921098e-05,0.9935426132751511,0.0018796635820822532,0.00023513841094306655,4.961586526890026e-06,4.253021218869282e-06,0.002010707784719037,0.0023069333672228742
22.664166789579156,1.4421709236188765e-05,0.9929129129733539,0.0012339231335351513,0.0002569561858748016,9.387034876667721e-06,6.056759613173607e-07,0.003313192242011464,0.002258601045150632
22.714308751503005,1.4097659023956965e-05,0.9955784616778185,0.0010481016395464144,0.00026135612381697015,2.0987752040209873e-06,2.035134553059672e-06,0.0008675344384446753,0.00222631455159239
22.764450713426854,1.3858641523970346e-05,0.9957238961326224,0.0007813808203022241,0.00026899040179296016,2.700689719733894e-06,5.664415961054205e-06,0.0009600208834611478,0.0022434880146166014
22.8145926753507,1.3846816177079088e-05,0.9963415208208303,0.001054998910019878,0.00025567691316750877,1.9185041020696018e-07,1.1901042776725382e-06,6.573038755048657e-05,0.002266844197566731
22.864734637274548,1.3239459570879902e-05,0.9953738036524553,0.0012001985558430946,0.00025337329700593,1.61631529961209e-06,4.807445760427371e-06,0.0008998875163709424,0.002253073757693791
22.914876599198394,1.3072435841075573e-05,0.9957639213995118,0.001077268315456625,0.0002603773750651456,9.344087446243688e-07,3.798086255809319e-06,0.0006585783419998632,0.002222049637125134
22.965018561122243,1.2921394097031256e-05,0.9936547573761884,0.0008448895846693666,0.00026794376053543203,4.709444777997289e-06,1.6793110097457003e-06,0.0029900463725740616,0.0022230527561480917
23.01516052304609,1.2892526474323224e-05,0.9964354875305914,0.0005539217626743597,0.0002788805974339006,7.784217841544176e-07,2.069638156243195e-06,0.0005319853256299283,0.0021839841972558505
23.065302484969937,1.2832397615070514e-05,0.9965653711046956,0.0005258228181894487,0.0002803400679934299,7.336119053916413e-07,2.3527932625787175e-06,0.000415575501971866,0.0021969717043666126
23.115444446893786,1.2412926588607717e-05,0.9968576589660113,0.000625714230172857,0.0002734519307024662,9.32138629350766e-08,2.5969549894142203e-06,1.37833189420713e-05,0.0022142884587302847
23.165586408817635,1.2197271713336359e-05,0.9957716248928122,0.0008005771140222136,0.00026766885425951793,8.946532991245015e-07,1.9510699771913613e-06,0.0009325765601576686,0.002212509583758626
23.21572837074148,1.2411880817240506e-05,0.9962682969046516,0.0005910035946885318,0.00028014179627599867,5.603809077133492e-07,3.037400737519456e-06,0.0006794202400946595,0.0021651278018267606
23.26587033266533,1.2500349210937859e-05,0.9954368557750582,0.0005345965429828166,0.00028337968797918973,1.4041868394246153e-06,4.367613708923409e-06,0.001561351167683339,0.002165544676537068
23.316012294589175,1.1849886191930303e-05,0.9965225861779112,0.00027577661613967556,0.00029649023668601205,8.349089863177638e-07,7.264529785426094e-07,0.0007405504024409329,0.0021511853186654273
23.366154256513024,1.1699519685613125e-05,0.9971565950168597,0.00033467779568392686,0.00029326385359931736,7.026679528182888e-08,2.1073279849109086e-06,5.569714804452749e-05,0.0021458890713467182
23.416296218436873,1.164508494764637e-05,0.9971616581761117,0.0003691247173437947,0.00029024806817081275,7.859315437197208e-09,2.4724856125652445e-06,7.788912059221395e-06,0.002157054696438787
23.46643818036072,1.1732550000567905e-05,0.9965772394204345,0.00047012799015420785,0.00028539687126215394,1.9901036831447527e-07,1.054286829675552e-06,0.0004970293088979628,0.0021572205620525864
23.516580142284568,1.1414095804319411e-05,0.9962703942677924,0.0003507085276072822,0.0002959150620188561,6.326557783217281e-07,3.5068866179620887e-06,0.0009477682144152725,0.0021196602899655748
23.566722104208417,1.1229445563172375e-05,0.9968666277717851,0.00028170918037288573,0.0003004766932035545,2.6489800804814696e-07,3.115790344875913e-06,0.00042889479268707346,0.002107681428035302
23.616864066132262,1.0933250581899379e-05,0.9967770668520328,0.00015334082051081716,0.0003073848963947211,3.2527387706707546e-07,2.959586959155149e-06,0.0006383477964235436,0.0021096415232200183
23.66700602805611,1.1096417125520331e-05,0.9973729508478921,0.00018786707606482264,0.00030268075136796974,2.416972419362938e-08,2.115870715767792e-06,1.2071730660984827e-05,0.002111193136448697
23.717147989979956,1.1040524780960865e-05,0.9972975871812596,0.00022664270657827494,0.0003011338799492986,1.0109621367029543e-08,2.5564855371983e-06,5.493529725368587e-05,0.002106093815019694
23.767289951903805,1.0945964740039586e-05,0.9972043313054826,0.0002413649258991672,0.0003008424809473685,2.7053287784966952e-08,2.6751087559858935e-06,0.0001338776645110344,0.0021059354963759436
23.817431913827654,1.0702233799597604e-05,0.9965644284061008,0.00021874737367787037,0.00030739912756248225,2.8054382181922055e-07,1.2442445674626923e-06,0.0008071466626929973,0.0020900514077768495
23.8675738757515,1.0848429234049164e-05,0.9972877404939281,0.00012637064854629563,0.0003128482014471479,4.486270881466402e-08,2.7804225453828424e-06,0.00018675012809320072,0.002072616813497019
23.91771583767535,1.0934178801138899e-05,0.9971911890364749,9.479645408612113e-05,0.0003132415338485566,7.369523864835281e-08,3.4847967527792074e-06,0.0003099176085677316,0.0020763626962300163
23.967857799599198,1.0866684543799721e-05,0.9974756566567793,9.604384180083266e-05,0.00031011797069697164,1.9234851245976196e-08,1.7421751566962404e-06,2.313195789029951e-05,0.0020824214782808603
24.017999761523043,1.0731310047055285e-05,0.9973749485121712,0.00013625784760671632,0.0003096530132240016,1.5974167768058565e-08,2.9603103864043986e-06,8.62356150904893e-05,0.0020791974173063332
24.068141723446892,1.0792651837972888e-05,0.9973875842550385,0.00012187629967882637,0.0003122982180652056,7.139829950446112e-09,2.283857144689079e-06,9.717899320177255e-05,0.002067978585203023
24.11828368537074,1.0876679131189496e-05,0.9970991291464179,0.00012430453481354644,0.0003146108620661625,4.437016480295229e-08,1.7499942056445781e-06,0.00038177129760779083,0.002067513115592945
24.168425647294587,1.0847877205939997e-05,0.9973567770710082,5.9860092359623163e-05,0.00031632447930679796,3.819379306318327e-08,2.1293650351539976e-06,0.00019076192316818343,0.00206326099812304
24.218567609218436,1.0777129105365862e-05,0.9974954821208573,5.6956287733989583e-05,0.00031532223371928756,1.0714804532234465e-08,2.244616249631026e-06,5.9323810194434296e-05,0.0020598830873355123
24.26870957114228,1.0665580986519074e-05,0.9975475678252997,5.233169463865825e-05,0.00031493491004578537,2.8965549351571056e-09,2.509123535534068e-06,8.05830646232861e-06,0.0020639296624765935
24.31885153306613,1.0718145186305554e-05,0.9974842335148688,7.500145900538535e-05,0.00031546184696953515,3.155364268630882e-09,1.9808717844000834e-06,4.939339232049984e-05,0.0020632076145008504
24.36899349498998,1.0730736319715236e-05,0.9974467900823379,6.9884522778199e-05,0.00031760607451331626,9.107972968096464e-09,2.7563251388292432e-06,9.578847110453357e-05,0.002056434679834407
24.419135456913825,1.0697531682836407e-05,0.9974773322497399,6.271357765507981e-05,0.000317755752917424,7.662620751562926e-09,2.6297322661638754e-06,7.53093702484767e-05,0.00205355412286945
24.469277418837674,1.0547467849192547e-05,0.9974678186000883,3.805459526193245e-05,0.00031768069804270473,1.1416798189304309e-08,1.675378425800526e-06,0.0001091935190011109,0.002055018324532809
24.519419380761523,1.0576055740225436e-05,0.9975755187081298,3.415836612735619e-05,0.0003175711546544384,9.42756632640696e-10,2.3576113400515874e-06,5.346375031715692e-06,0.0020544707862198974
24.56956134268537,1.058750342990447e-05,0.9975795029522078,3.520537747470818e-05,0.00031803544098290215,1.7840508077388189e-10,2.378537217026617e-06,1.2783231931548447e-06,0.00205301168708949
24.619703304609217,1.060218526270296e-05,0.9975676340270084,4.144059183604597e-05,0.00031833977537374324,2.969634679921471e-10,2.117575772007107e-06,7.193017240132704e-06,0.00205267253054342
24.669845266533063,1.0525153928722938e-05,0.9975284957837767,4.425356377025182e-05,0.00031855265223642876,4.107400947608279e-09,2.5379893186025455e-06,4.469666291803863e-05,0.002050934086650247
24.71998722845691,1.0536584570233706e-05,0.997571078872974,3.5059651735734165e-05,0.00031835891917758065,8.230335043869212e-10,2.414689193201042e-06,1.2487128594992362e-05,0.002050063330720664
24.77012919038076,1.0540892925484808e-05,0.9975632876069158,3.0359470242135038e-05,0.00031855606749426897,7.013206051147675e-10,2.384839259057317e-06,2.5974932974344352e-05,0.0020488954888683297
24.820271152304606,1.056911853918081e-05,0.9975924129100269,2.6520968816553176e-05,0.0003190246720925932,1.2632534455337878e-10,2.227635758533363e-06,1.394360558199232e-06,0.0020478502078827843
24.870413114228455,1.0556260683972364e-05,0.9975900994061233,2.863635267424447e-05,0.0003191148794425255,3.29162943827843e-11,2.314142648223023e-06,1.514196897310097e-06,0.002047764728614121
24.920555076152304,1.0550385001497736e-05,0.997589220446448,2.9293869422009662e-05,0.00031907010927478005,4.8944468323503787e-11,2.3095919224666995e-06,2.3352783545409876e-06,0.0020472202706320886
24.97069703807615,1.0549932971097446e-05,0.9975857588471501,3.018621023344055e-05,0.0003189600159230121,7.09812472693889e-11,2.22860877948707e-06,5.1363417786256575e-06,0.0020471799721829553
25.020839,1.0553140368484126e-05,0.9975885170716263,2.9402149703389714e-05,0.0003189554454901719,3.9160442342644357e-11,2.2673803236758078e-06,3.183617937641295e-06,0.0020471211553898527
