tg,0,2,7,25,other
0.0,1.0,0.0,0.0,0.0,0.0
0.10048382730923694,0.9999980654094347,4.530496416115761e-16,3.2937877871010934e-09,3.597003599319782e-16,1.9312967782004038e-06
0.20096765461847388,0.9999996914064048,5.1831745329498944e-17,2.2157826381391735e-08,1.3883491958060943e-14,2.8643575652333023e-07
0.3014514819277108,0.999970449717022,3.9101646842776215e-14,2.39675233507104e-07,1.5968475928408135e-13,2.9310607549273872e-05
0.40193530923694776,0.99995455171216,1.7239576569618005e-13,6.426100230452088e-07,3.4390220875518692e-12,4.480567420791449e-05
0.5024191365461848,0.9999661716296009,9.746118553964438e-13,1.4397523027182659e-06,1.4189534813584985e-11,3.238860293473861e-05
0.6029029638554216,0.9997344789241511,1.4190894303409332e-11,3.5114464987748216e-06,3.792882021906501e-11,0.00026200957723311445
0.7033867911646585,0.9999206408220344,1.8422602098981536e-11,6.023165787091283e-06,2.0983036697888482e-10,7.333578392675621e-05
0.8038706184738955,0.9997778747232186,3.657650220087004e-11,1.050824236194344e-05,4.373691025945461e-10,0.00021161656047545319
0.9043544457831325,0.9994879065957171,2.7715426571695424e-10,1.6889769380052324e-05,9.722719400171247e-10,0.0004952023854797042
1.0048382730923695,0.999946242945904,2.4265374676152446e-10,2.7178479725647207e-05,3.4730581458273145e-09,2.65748586616353e-05
1.1053221004016063,0.9996214714945912,8.490990630632463e-11,3.796771324690811e-05,5.781435026223008e-09,0.0003405549258186066
1.2058059277108433,0.9994607774788264,1.5034559443746632e-09,5.56374528819468e-05,1.0843733369630643e-08,0.0004835727211068397
1.3062897550200803,0.9999025279485457,1.8367842386003428e-09,8.272434155778157e-05,2.9318223553717438e-08,1.4716554893350103e-05
1.406773582329317,0.9995765178646966,2.153027036574772e-10,0.00010118563950356453,4.072319497829705e-08,0.0003222555573014492
1.507257409638554,0.9993622861099931,7.607308950648e-09,0.00014957018029972257,7.965172438647228e-08,0.0004880564506790856
1.607741236947791,0.9997837845442717,1.1172197886610023e-08,0.0001943656569650798,1.5476280252564667e-07,2.1683863764557335e-05
1.708225064257028,0.999341725956801,6.114305875755948e-09,0.0002356224785150996,2.0673349912798526e-07,0.000422438716882658
1.808708891566265,0.9988288321433149,4.1776064379748756e-08,0.0003329417066192074,3.980536370321497e-07,0.0008377863203670162
1.9091927188755018,0.9995592613021428,4.56327488797519e-08,0.0003927154380160456,6.042485916198446e-07,4.737337850401291e-05
2.009676546184739,0.998392320109989,4.6558219638901566e-08,0.0004908860039497185,8.610113184161726e-07,0.0011158863165225822
2.110160373493976,0.9971066417139696,1.6940244025112502e-07,0.0006280280317263689,1.4309373295206598e-06,0.00226372991453462
2.2106442008032126,0.9991953991235684,1.3173726315414238e-07,0.0007353521745493379,2.037912706729507e-06,6.707905191462815e-05
2.3111280281124498,0.9958187452243211,1.700188470276681e-07,0.0008963020725341058,2.8823778768567733e-06,0.003281900306421445
2.4116118554216865,0.9950226480864968,4.861581718189257e-07,0.0010772326790800832,4.11618769670761e-06,0.0038955168885551994
2.5120956827309233,0.9985154321248818,3.044510790366454e-07,0.0012953829579624265,6.13757440668333e-06,0.00018274289167215596
2.6125795100401605,0.9930794013067371,4.0760064416362525e-07,0.001476591222203356,7.896087338517442e-06,0.00543570378307758
2.7130633373493973,0.9949169582332819,1.1121351065729238e-06,0.0017918856495126255,1.0894437399847547e-05,0.003279149544700892
2.813547164658634,0.997387044721425,7.077090142516718e-07,0.002118322621417977,1.5972613362696512e-05,0.00047795233477980145
2.9140309919678713,0.9931157166078219,8.75974329171027e-07,0.0023439504973469293,1.8865364040397575e-05,0.004520591556462704
3.014514819277108,0.9955200222513301,2.5236777351086585e-06,0.0029036551479666804,2.7767111802391096e-05,0.0015460318111662416
3.1149986465863453,0.9962887789698031,1.8323128614070033e-06,0.0032455540632077107,3.651925592977848e-05,0.0004273153982013331
3.215482473895582,0.9935071731583948,2.572243373851655e-06,0.0036904636405087413,4.334339915793501e-05,0.002756447558564124
3.315966301204819,0.9936059942446354,6.1724627154650805e-06,0.004434581860556136,6.372482406465975e-05,0.001889526608029232
3.416450128514056,0.9949135765018936,4.476998393988656e-06,0.004808686257413969,7.665496673944945e-05,0.00019660527555980886
3.516933955823293,0.9888853954931754,7.91278537003304e-06,0.005565231459535456,9.564866492853506e-05,0.005445811596991799
3.61741778313253,0.9892677101109769,1.4091898373043804e-05,0.006325256010751286,0.00012949933093971616,0.004263442648959909
3.717901610441767,0.991813752999759,9.080550696988945e-06,0.0069889899103498365,0.00015538816194823115,0.0010327883772433958
3.8183854377510036,0.9788091010505715,1.8843767596351324e-05,0.007718240678704057,0.0001932880437347759,0.013260526459395128
3.918869265060241,0.9846777586724567,2.742094236379591e-05,0.008736316327780824,0.00024155869149884972,0.006316945365900448
4.019353092369478,0.986125018408029,1.544748219182021e-05,0.009778144760777532,0.00030255675900162294,0.00377883259000142
4.119836919678715,0.9685870564742489,3.477287981409806e-05,0.010175026322668111,0.00035383484858824235,0.02084930947468027
4.220320746987952,0.9820429468305858,4.6900375259269596e-05,0.012100748056233764,0.0004401865014965258,0.005369218236422989
4.320804574297188,0.9790816384620946,2.5667141331922196e-05,0.013059741576595878,0.0005473570752358473,0.007285595744741952
4.421288401606425,0.9659687335918348,5.695737362977515e-05,0.01376182430743033,0.0006080413597642203,0.019604443367341733
4.521772228915662,0.9805052427119738,7.827735297581508e-05,0.016571642740488977,0.0007889038458710872,0.0020559333486914423
4.6222560562248995,0.9745297131066752,4.941448516480082e-05,0.017187063055414863,0.0009189234429886881,0.007314885909753032
4.722739883534136,0.9690652726815493,0.00010183464751517246,0.019159767205663907,0.0010428675616582245,0.010630257903611278
4.823223710843373,0.9755514005219057,0.000137268491508942,0.021687404363020454,0.0013231796850203105,0.0013007469385453675
4.92370753815261,0.9716339527059357,0.00010353695439200086,0.022763776275349812,0.001480979508879271,0.0040177545554438135
5.024191365461847,0.9618410776934794,0.00020340185735293498,0.02534150241160234,0.0017497994058360458,0.010864218631730564
5.124675192771084,0.9667180476099997,0.0002406185235520838,0.027233460942905734,0.0020639372426433456,0.003743935680897011
5.225159020080321,0.960616901355125,0.00019812288044662472,0.02925609380637716,0.0023603479854557405,0.007568533972595866
5.325642847389558,0.9387762847271041,0.00037955364687755155,0.030220382570008943,0.002720286779647925,0.02790349227636127
5.426126674698795,0.9577654304610388,0.00039050652102285766,0.03401195006982993,0.0031143039989584443,0.0047178089491510195
5.526610502008031,0.9383438182336686,0.0003209592708820185,0.03478865936912763,0.0036362242655630208,0.02291033886076168
5.627094329317268,0.9157441346764756,0.0006090475853201278,0.03468773786586212,0.003963690530562655,0.04499538934178067
5.727578156626506,0.9489396632228889,0.0005811344444007639,0.04270484216532746,0.00468320984428641,0.0030911503230969246
5.828061983935743,0.9164185084612873,0.00046472874127706303,0.039615846035319584,0.005312892761712217,0.03818802400040286
5.928545811244979,0.9070270958083798,0.0008874796020494702,0.042708820475771646,0.005679475278374918,0.043697128835423336
6.029029638554216,0.9375956304090786,0.000836811092822209,0.05232221852646642,0.006839425835911895,0.0024059141357230204
6.129513465863453,0.9060496682953556,0.0007015377964593084,0.0479034078445492,0.0074701313260276975,0.03787525473760962
6.229997293172691,0.9089613938702535,0.0013009156475492062,0.056112404596806456,0.008235157690788494,0.025390128194601767
6.330481120481927,0.9231727201836022,0.0012428193181958538,0.0616182873199168,0.009408925167439741,0.004557248010845184
6.430964947791164,0.9033476963891556,0.0011971528955225384,0.06231682644311817,0.010321766978012478,0.022816557294190444
6.531448775100401,0.9010220502261096,0.002016742236238745,0.06944585079494904,0.011502569392581638,0.016012787350120225
6.631932602409638,0.90744102992772,0.00189202619952111,0.07199675957352746,0.012422747951292733,0.006247436347940333
6.732416429718875,0.885581538918068,0.002074311530038748,0.07607844581300366,0.013908668948415213,0.02235703479047393
6.832900257028112,0.8700247928046088,0.003112562895417492,0.07553564546969702,0.014826994826939952,0.03650000400333758
6.933384084337349,0.8894612305499574,0.002778798857532414,0.08521639604561637,0.016356055993446108,0.00618751855344878
7.033867911646586,0.8394055957350779,0.0032100176030162553,0.07785601186306376,0.01760365520871541,0.0619247195901255
7.134351738955822,0.8336859110630486,0.004470131877415382,0.0796223328783072,0.01836967780324547,0.0638519463779843
7.23483556626506,0.864657475767427,0.003814669298463347,0.09853938119607902,0.02144820368766527,0.011540270050365236
7.335319393574297,0.791146840564181,0.004349549127238185,0.07411218587716137,0.02133222036715427,0.10905920406426446
7.435803220883534,0.8149907989832983,0.006067113047323577,0.09284113818008759,0.023165486951387773,0.06293546283790256
7.53628704819277,0.8346663384264492,0.005053588949759874,0.10773510410771074,0.026838084379260704,0.025706884136820544
7.636770875502007,0.771957532271315,0.005737533922058953,0.0836710361021966,0.0262815414297205,0.11235235627470977
7.737254702811244,0.8082089610075573,0.008148970652662992,0.11679793663607241,0.02957946181187782,0.03726466989182886
7.837738530120482,0.8081116306365294,0.006902998838008659,0.11724642827383436,0.03194620403692046,0.03579273821470732
7.938222357429718,0.773560519169981,0.008209152309911876,0.11402608048758438,0.03336517675085606,0.07083907128166649
8.038706184738956,0.7917066342987911,0.011057718665439652,0.13746581613628847,0.03553243460559624,0.0242373962938826
8.139190012048193,0.786085814064545,0.009822547008321953,0.13589520921144743,0.03761318167487963,0.03058324804080533
8.23967383935743,0.7560293324533207,0.01228389029498363,0.14421502816591059,0.040614352441744064,0.046857396644039845
8.340157666666666,0.7581959229505031,0.015018365240149715,0.1434037257815965,0.03970145319880878,0.04368053282894258
8.440641493975903,0.7568358587933888,0.013674810071609391,0.1590405346918094,0.044640067225054265,0.02580872921813804
8.54112532128514,0.6981325373434264,0.01734513417244577,0.13766133632994917,0.04411411475775316,0.10274687739642398
8.641609148594377,0.7190463590142252,0.01988402452007898,0.14861397349099428,0.044230156406713954,0.06822548656798474
8.742092975903613,0.7099412006667686,0.01766358750364726,0.16578396860436487,0.05177548627620319,0.05483575694901694
8.84257680321285,0.6293700923845806,0.022188853322175985,0.11344988792995603,0.04553623053384681,0.18945493582944176
8.943060630522087,0.6887922245877285,0.025537918028192993,0.17061662512221426,0.05122544161486555,0.06382779064699781
9.043544457831324,0.6564341723653753,0.021478712321660737,0.15445404906042298,0.05702790657046994,0.11060515968207124
9.144028285140562,0.5947339117461976,0.02736736671091931,0.11876870414994269,0.05001382995005234,0.20911618744288818
9.244512112449799,0.6639887403847375,0.03230488825900566,0.20318587002274566,0.059217454346047194,0.041303046987466174
9.344995939759036,0.6198608780617809,0.02689710614431148,0.15830859869818867,0.062130926996692495,0.13280249009902692
9.445479767068273,0.5959709267858884,0.03554426375062238,0.16789647240675792,0.06010173227090844,0.14048660478582276
9.54596359437751,0.6311779902813398,0.040599739545307295,0.22247269352624838,0.06358033054983296,0.04216924609727199
9.646447421686746,0.6003008915756606,0.03634469294185527,0.1989268035075876,0.06932966557530043,0.09509794639959467
9.746931248995983,0.583487208481741,0.0477941305609248,0.2239913904141052,0.07059390186357334,0.07413336867965424
9.84741507630522,0.5916081563387542,0.05108984308912488,0.2273597303481234,0.06511595906845,0.06482631115554753
9.947898903614457,0.5673256055470872,0.0491554904823672,0.24587902030062347,0.07629821916349841,0.06134166450642133
10.048382730923693,0.5295933514755959,0.061647369030275734,0.21564592295399937,0.07234142114108602,0.12077193539904249
10.14886655823293,0.5520963333148724,0.06394904628934214,0.2421645458788767,0.06908712840617386,0.0727029461107332
10.249350385542169,0.5068622101083599,0.06125694170122152,0.23095722153479425,0.07811651934908705,0.12280710730653632
10.349834212851405,0.46271881345525195,0.07481541492935706,0.170061180403457,0.06964662977511399,0.2227579614368192
10.450318040160642,0.5125991555675095,0.07829414637369352,0.27312931778307464,0.076805505253717,0.05917187502200558
10.550801867469879,0.4425143811057445,0.0702287175620075,0.17297475586136854,0.07617373096527282,0.23810841450560694
10.651285694779116,0.4188781522429682,0.08887752718759316,0.16658817014264596,0.07155186399696893,0.25410428642982386
10.751769522088352,0.47037593880957196,0.09350681684863621,0.29354774522020904,0.08319713637147319,0.05937236275010943
10.85225334939759,0.40074998005805795,0.08115504119350375,0.15829565794574146,0.07848439281703809,0.28131492798565844
10.952737176706826,0.40540779292285045,0.10853458498369759,0.2260697637721505,0.08057086241656342,0.179416995904739
11.053221004016063,0.4273003637721271,0.11061500521434389,0.29022552691118525,0.08390569321058158,0.08795341089176176
11.1537048313253,0.38494377312323547,0.10303501453386593,0.21881892679411782,0.08839322262505481,0.20480906292372772
11.254188658634536,0.3900385832204707,0.134665410656915,0.296302668563606,0.08842040699713428,0.09057293056187317
11.354672485943775,0.3889925313006,0.13243647795816293,0.2941148779869282,0.08341699147085706,0.10103912128345115
11.455156313253012,0.36190949080873924,0.13531682021572686,0.30178625179185364,0.09701959232093223,0.10396784486274858
11.555640140562248,0.3492121937241449,0.16132777969221576,0.2897120735664796,0.08605886149401595,0.11368909152314316
11.656123967871485,0.35244562033206117,0.1587636700041356,0.321419805625397,0.08752348529505401,0.07984741874335136
11.756607795180722,0.30872845232879875,0.1638150103974979,0.2782949294137538,0.09141150679619955,0.1577501010637496
11.857091622489959,0.30068400885899466,0.1860778428855204,0.2394010987536006,0.08160120538440313,0.19223584411747996
11.957575449799196,0.3106312011451807,0.18386506735614414,0.33741483775491465,0.09543603793183222,0.07265285581192796
12.058059277108432,0.2530303267388434,0.18060870810983015,0.18043515718726816,0.07962150788001712,0.3063043000840413
12.158543104417669,0.26376943533088654,0.21326354251032512,0.23142597745099847,0.08307036539188531,0.20847067931590227
12.259026931726906,0.267764454045857,0.20470138075522837,0.3076289500364006,0.09932430122824402,0.12058091393427049
12.359510759036144,0.21741865428274343,0.19746526537684944,0.14191513141130657,0.07603616611960586,0.367164782809495
12.459994586345381,0.23922422410255806,0.2468320108324912,0.2788968005572,0.08980547294760935,0.14524149156014324
12.560478413654618,0.23144668225215803,0.22807160576976557,0.27183764170517,0.09767351308673201,0.1709705571861752
12.660962240963855,0.20233473657947032,0.23291985886878097,0.1932084022659817,0.08469419264780093,0.2868428096379652
12.761446068273091,0.2154623605283262,0.28503207774008243,0.32101105834350335,0.09251331310292162,0.08598119028516679
12.861929895582328,0.203784265275935,0.2641920600985054,0.2827639262065143,0.09671572736042575,0.15254402105862092
12.962413722891565,0.18892461331160593,0.2885701412796572,0.28357120671155206,0.09727595807708737,0.14165808062009652
13.062897550200802,0.18654890683489403,0.3223524268071841,0.3036059232838253,0.08685146324167234,0.10064127983242353
13.163381377510039,0.1789328080694402,0.31055738797705024,0.32168847834126224,0.09806151908100173,0.09075980653124564
13.263865204819275,0.15804830579938112,0.337059899374489,0.2758028051267487,0.09427125376098869,0.1348177359383929
13.364349032128512,0.15816709719082458,0.35864253892110565,0.26844102747659915,0.08195660633625311,0.13279273007521827
13.46483285943775,0.14911152413471224,0.34734941566381317,0.30991404272170114,0.09747819592916838,0.09614682155060557
13.565316686746987,0.12322863667049519,0.3612289277630689,0.182981995077555,0.08015999655121141,0.25240044393766936
13.665800514056224,0.13474891584588441,0.39761061562675487,0.2658190043758772,0.08261399101008476,0.11920747314140077
13.766284341365461,0.12049375072900978,0.36485224804049765,0.2379615829584276,0.09137630128522746,0.1853161169868378
13.866768168674698,0.10048762894339983,0.38201336846747286,0.13666338510516718,0.07198440318797214,0.3088512142959881
13.967251995983935,0.1146785653448735,0.43836427466428746,0.28475248713105183,0.08515221082768791,0.0770524620320975
14.067735823293171,0.10007908369419596,0.38354004110101303,0.1899694479778576,0.08508679766808062,0.24132462955885348
14.168219650602408,0.08910912209510108,0.42482326653553437,0.1660626774080381,0.07370341560367227,0.2463015183576541
14.268703477911645,0.09577458435420909,0.4770099306319917,0.2835740022819356,0.08243461695180276,0.061206865780060446
14.369187305220882,0.08555492444573434,0.4283270872091709,0.20607466151055986,0.08401263630470915,0.19603069052982502
14.46967113253012,0.07996069353812442,0.48954744920404425,0.22998714321253869,0.07856229170429785,0.12194242234099563
14.570154959839357,0.07872855786741928,0.514783177669809,0.2592418487266389,0.07517311671576322,0.07207329902036946
14.670638787148594,0.07237827183806085,0.49466417459843554,0.2526329466394988,0.08340257395627253,0.09692203296773008
14.77112261445783,0.06593863096571909,0.5464554463483606,0.23323660056528966,0.07409420115506903,0.0802751209655601
14.871606441767067,0.06443359437949403,0.5558095191551446,0.2420311260853298,0.06948347280181526,0.06824228757821557
14.972090269076304,0.05735543390501023,0.5451118098067426,0.2432405558235104,0.07425555799490553,0.08003664246983212
15.07257409638554,0.05038498685784506,0.5766066260223699,0.17351175815930175,0.06266388400422207,0.13683274495626063
15.173057923694778,0.052014148190938365,0.5962239666989598,0.23855439387944682,0.0663442150766315,0.0468632761540236
15.273541751004014,0.04328897070493758,0.5583677349217833,0.17379566591328513,0.06051340684269245,0.16403422161730097
15.374025578313251,0.03876983638329561,0.6001975642319668,0.1362906906717385,0.05407786286391883,0.17066404584907982
15.474509405622488,0.04083258741705737,0.6280092259430082,0.2293866435342689,0.062370676306818223,0.03940086679884777
15.574993232931726,0.033625744858622145,0.5657328313001957,0.12878804395717336,0.05139280162271647,0.22046057826129345
15.675477060240963,0.031721921020584964,0.6406620266575725,0.1450127167741067,0.05007186157138815,0.13253147397634846
15.7759608875502,0.03167321007932853,0.6540273754142051,0.20647986666606807,0.0555497595034453,0.05226978833695401
15.876444714859437,0.027531138010072283,0.606492791206224,0.1349094081978537,0.0479224795695258,0.18314418301632385
15.976928542168674,0.026057348533726907,0.6942732928684455,0.1691566013023922,0.04699289011666291,0.06351986717877339
16.077412369477912,0.02470642072285616,0.6867525208102748,0.18603537459241284,0.04822245631823648,0.054283227556218894
16.17789619678715,0.022235248097694806,0.6782130009151163,0.16386956454423746,0.045790183265076,0.08989200317787627
16.278380024096386,0.020170904756564922,0.7402091342908947,0.16439929316723267,0.0406583677556524,0.0345623000296543
16.378863851405622,0.01914851806421074,0.7287328966016751,0.1757576118964142,0.04218316920761483,0.03417780423008625
16.47934767871486,0.01653326385157298,0.736835697476603,0.15961187409633182,0.03864654685864295,0.048372617716849545
16.579831506024096,0.015096865251270589,0.7696662513985094,0.13356006601578707,0.03318320610437546,0.048493611230058124
16.680315333333333,0.014411955985958203,0.7645555939945867,0.16326439061906944,0.03658839413338947,0.02117966526699863
16.78079916064257,0.011800603020623237,0.7531698761301229,0.11597216604835027,0.02914330251149135,0.08991405228941242
16.881282987951806,0.011203758541728087,0.7934918484682887,0.11073462552099042,0.027454805090969522,0.057114962378024645
16.981766815261043,0.010505618399682004,0.780698734718755,0.14014036757831297,0.031049882867728404,0.03760539643552117
17.08225064257028,0.00848686753326108,0.7538616511174637,0.08363301633552819,0.02316346956638864,0.1308549954473602
17.182734469879517,0.00833838277280867,0.8218208241057008,0.1049863590910995,0.023716214063252986,0.04113821996713929
17.283218297188753,0.00755365799901821,0.7888158413347156,0.11691180324876022,0.02623591956582695,0.06048277785167773
17.38370212449799,0.006385546943236795,0.7790551980274705,0.07930321668862328,0.019992956247005582,0.11526308209366405
17.484185951807227,0.0061620753368899755,0.85106972416742,0.10241429995326157,0.021036578986480578,0.019317321555949226
17.584669779116464,0.00552331743193725,0.8120507183026817,0.10364378891266937,0.02229273678374103,0.056489438568970055
17.6851536064257,0.004914614769567534,0.8308071836403156,0.08569477176233074,0.01784874668763044,0.06073468314015593
17.785637433734937,0.00438857871097208,0.87434912735234,0.09132154987814678,0.01800320311261302,0.011937540945928329
17.886121261044174,0.0040569860659788,0.8510733022606587,0.09562667370719807,0.018619213617723753,0.030623824348441613
17.98660508835341,0.0034323343497006413,0.8760117743419915,0.07897883735569747,0.01501991220557362,0.026557141747035946
18.087088915662648,0.0030819456374904866,0.8930345566981185,0.07551686284832868,0.014832143961288298,0.013534490854774829
18.187572742971884,0.0027918824851587663,0.8826025545883609,0.08261482964970505,0.01468692258446758,0.01730381069230812
18.288056570281125,0.0022727185143034427,0.8926580758292157,0.05842686060503024,0.011509939810928628,0.03513240524052096
18.38854039759036,0.002165565997388372,0.9104220505128449,0.06294056086006869,0.012116499833879713,0.012355322795817806
18.489024224899598,0.0018742529419293469,0.8910209748454578,0.06497963815434764,0.011359168681370562,0.030765965376896565
18.589508052208835,0.0015610065729422965,0.8947414082675411,0.04212670965435937,0.008878258660336613,0.05269261684482136
18.68999187951807,0.0014812989078239701,0.9254882402457789,0.05490729276189975,0.009908563877672544,0.008214604206826149
18.79047570682731,0.0012837713224574938,0.8892189885343845,0.05135602404682539,0.009135320337718722,0.049005895758613686
18.890959534136545,0.0010592909249635858,0.9065161174277746,0.036235364096338346,0.007235912714986305,0.04895331483593766
18.991443361445782,0.0009859799841064926,0.9364165207833121,0.048133494842094546,0.008212842122878927,0.00625116226760813
19.09192718875502,0.0008532819079895905,0.900764479618546,0.04416356499797158,0.007486488828196689,0.046732184647295054
19.192411016064256,0.0007262828748597258,0.9314971491779166,0.034521433987292245,0.006005294584136621,0.02724983937579661
19.292894843373492,0.0006461130620523065,0.9454235476135779,0.04052261686487254,0.006713051721369477,0.006694670738129445
19.39337867068273,0.0005764311442064351,0.9283045012976755,0.03875939841879753,0.005992951636213913,0.0263667175031063
19.493862497991966,0.00048788444407450233,0.9539325593299046,0.0299115090243353,0.004806641003729523,0.01086140619795597
19.594346325301203,0.000427257468145607,0.9557927036627376,0.03275191223115922,0.005241914775668885,0.005786211862288717
19.69483015261044,0.0003787005697183318,0.9519936233695311,0.031067200809314327,0.0043547995180489695,0.012205675733385707
19.795313979919676,0.00029995192023900524,0.9640353857146629,0.022356213749921312,0.003614987968675143,0.00969346064650245
19.895797807228913,0.0002798892961763377,0.9656985983731007,0.0261101962429737,0.003886192260057299,0.004025123827691857
19.99628163453815,0.00022491504518409026,0.9584200300203212,0.022805901079344316,0.0029077862118262483,0.015641367643324536
20.096765461847387,0.00019038282215328098,0.9673402338980767,0.01612903061674547,0.0025968229450054232,0.01374352971801972
20.197249289156623,0.00017332159072788413,0.9712950849902731,0.02119062784504845,0.002723259744486746,0.0046177058294647804
20.29773311646586,0.00014508757200439628,0.9556909162407297,0.017218250580234355,0.001979522718075512,0.024966222888955635
20.3982169437751,0.00012489520609516467,0.9721528122804516,0.012793548429050696,0.001837823822571939,0.01309092026183051
20.498700771084337,0.0001073759265469498,0.9731421134592102,0.017563425695663274,0.0018669790185800838,0.007320105899999484
20.599184598393574,9.575311372060843e-05,0.9589218354214947,0.014162503828476725,0.0013772698453720991,0.02544263779093685
20.69966842570281,7.488512368231695e-05,0.9798503067549259,0.0109137793283662,0.0012852988401105617,0.007875729952916135
20.800152253012048,6.603361583918638e-05,0.9759664822316798,0.014305513069421752,0.001288623774873923,0.00837334730818407
20.900636080321284,5.483917326464165e-05,0.9715325431164569,0.01164424762556633,0.0009502966700493416,0.015818073414664242
21.00111990763052,4.502340815045916e-05,0.9863054480361347,0.008907517479270781,0.000891629692779236,0.0038503813836676423
21.101603734939758,3.905410515049691e-05,0.9819566385013561,0.010985154405812202,0.0008696900805651809,0.006149462907115254
21.202087562248995,3.3444807284004124e-05,0.983612324241155,0.008544217318436407,0.0006310278302668125,0.007178985802857166
21.30257138955823,2.7617675187543052e-05,0.9895580746200099,0.006601975218888498,0.0006277052442806017,0.0031846272416345997
21.403055216867468,2.49276764138347e-05,0.9875987076285926,0.007944303524460093,0.000564557677639974,0.0038675034928943213
21.503539044176705,2.0248977098265938e-05,0.9879230231503423,0.005577275356338157,0.0004077260083720545,0.006071726507847884
21.60402287148594,1.639345746311025e-05,0.9913797710715468,0.004629652901306196,0.0004450090840575052,0.0035291734856267853
21.70450669879518,1.5105865167074606e-05,0.9897066760038079,0.0057056893548552345,0.00035126318500391116,0.004221265591164994
21.804990526104415,1.1317208812723623e-05,0.9875375188287551,0.003672814932590003,0.00029359523263263875,0.008484753797209331
21.905474353413652,1.0579438699858636e-05,0.9930979565282978,0.0033386068845560053,0.0003267337755926465,0.0032261233728541126
22.00595818072289,8.666871339463548e-06,0.9895665356111285,0.004280235993449501,0.00023857003357587075,0.005905991490504773
22.106442008032126,8.289771297108824e-06,0.9882113138085669,0.0026793879240853712,0.0002462511741232958,0.008854757321928676
22.206925835341362,7.007008574439077e-06,0.9946218298412851,0.002529728487800069,0.00025822940200815914,0.0025832052603339223
22.3074096626506,6.3144612237413706e-06,0.9903070058854653,0.0032278570238595786,0.00020693312194060764,0.006251889507509521
22.407893489959836,5.811816899423049e-06,0.9916138820477437,0.001990715881224053,0.00023635312891609052,0.006153237125215804
22.508377317269073,4.666324451401873e-06,0.9955896433624646,0.0018773484986964186,0.00023272804123580408,0.0022956137731530075
22.608861144578313,4.408998583245402e-06,0.9929420912164092,0.002233625448353502,0.00021529360337891216,0.00460458073327406
22.70934497188755,3.6000175113670824e-06,0.9950112780748699,0.001325968423628431,0.00024210185194579987,0.0034170516320442927
22.809828799196787,3.4133956670145053e-06,0.9962013066855383,0.0012795432721477095,0.00023807211044329913,0.0022776645362029956
22.910312626506023,3.06739077613148e-06,0.995427517203306,0.0013632613243186203,0.0002398346576195443,0.0029663194239807848
23.01079645381526,2.9823087743117044e-06,0.9963383418133832,0.0007611442549008277,0.00025930547179208114,0.0026382261511513497
23.111280281124497,2.7156181702156435e-06,0.9967275676077246,0.0008055202309386,0.0002551932644022718,0.002209003278764544
23.211764108433734,2.740614336997056e-06,0.9962646260374584,0.0007857411475654584,0.0002616557472168177,0.0026852364534224924
23.31224793574297,2.4405674869100175e-06,0.9965229343370263,0.00041060336440020885,0.00027875724488228885,0.002785264486206238
23.412731763052207,2.356472427615468e-06,0.9970912537875445,0.0005044703051788439,0.0002733469543094723,0.002128572480538193
23.513215590361444,2.2326120451215683e-06,0.9963159730759336,0.00048641627449539087,0.00027932605113255803,0.0029160519863915147
23.61369941767068,2.0607457713361414e-06,0.996727168952795,0.00024703921154025,0.0002912999587726422,0.0027324311311216994
23.714183244979917,2.093677248314188e-06,0.9972655245798113,0.0003344946614026157,0.00028598513323325065,0.002111901948302015
23.814667072289154,1.967795981918904e-06,0.9965345062505171,0.00032644233088076184,0.0002925005683598375,0.00284458305426025
23.91515089959839,2.0749401068757883e-06,0.9971388300426711,0.0001703149523716727,0.00029879209876155263,0.002389987966089302
24.015634726907628,1.968747321873948e-06,0.997352454668212,0.00022571679053479192,0.00029575478594679296,0.00212410500798504
24.116118554216865,2.0371016601170083e-06,0.9970530291700193,0.00021126941619912167,0.00030087219691002484,0.002432792115208846
24.2166023815261,1.965918741443301e-06,0.9974779030136632,0.00011993279434114674,0.00030223212349275984,0.002097966149762503
24.317086208835338,1.942944758767238e-06,0.9974689963711507,0.000146413477331347,0.00030263647535473296,0.0020800107314035616
24.417570036144575,1.918250880749491e-06,0.9974610690721731,0.00012854910201445078,0.0003051250881125542,0.0021033384868197834
24.51805386345381,1.8717693537756833e-06,0.9975778006546862,8.603448946420403e-05,0.0003052954241705942,0.0020289976623245193
24.61853769076305,1.876897711324913e-06,0.9975658040721604,9.756552154292715e-05,0.0003061972898344566,0.0020285562187507076
24.71902151807229,1.8546054472976268e-06,0.9975741332970824,8.642729064562849e-05,0.00030638012211207504,0.0020312046847118406
24.819505345381526,1.8646798498335551e-06,0.9976001936282255,7.300696458623673e-05,0.0003071688131860242,0.002017765914149495
24.919989172690762,1.8563727621699584e-06,0.9975952695090646,7.758000696232484e-05,0.0003072513914863727,0.0020180427197244335
25.020473,1.8581966504815871e-06,0.9975947922923698,7.748944193938606e-05,0.0003071601553864874,0.002018699913652645
