Xgate_noise.py
Current Mountain Time: 2025-06-07 23:58:11.306965-06:00
drive_phi= True ; drive_theta =  False ; truc =  1000
hspace_len= 1000
params =
[20.000087, 0.249753, 0.216297, 0.43883, 0.490612] ,
[30.002512, 0.222626, 0.201971, 0.389445, 0.425332] ,
[40.006173, 0.223179, 0.160035, 0.358809, 0.386917] ,
[50.000191, 0.215248, 0.148153, 0.354356, 0.376483] ,
[60.000967, 0.213711, 0.14419, 0.358967, 0.378127] ,
[70.001044, 0.209788, 0.131851, 0.353189, 0.36997] ,
[80.007155, 0.210573, 0.122946, 0.355789, 0.37113] ,
[90.009744, 0.219753, 0.113433, 0.351332, 0.376525] ,
[100.001683, 0.212233, 0.113924, 0.340021, 0.36258] ,
[110.009928, 0.211658, 0.106989, 0.341806, 0.362874] ,
[120.004766, 0.209273, 0.104767, 0.341188, 0.360503] ,
[130.002315, 0.201238, 0.098495, 0.3428, 0.353056] ,
[140.008725, 0.211735, 0.099358, 0.338134, 0.362321] ,
[150.002399, 0.205268, 0.094552, 0.339607, 0.355509] ,
[160.000656, 0.209132, 0.090941, 0.337889, 0.359183] ,
[170.00663, 0.212306, 0.087921, 0.33633, 0.362475] ,
[180.006237, 0.21108, 0.084566, 0.335734, 0.36059] ,
[190.009275, 0.209698, 0.083495, 0.335382, 0.359146] ,
[200.005395, 0.208582, 0.081626, 0.335171, 0.357777] ,
num_cpus =  4 ;   n_job =  38

f_ideal = [
-0.6057323832758779, -0.7648379325845436, -0.8846122589644132, -1.1334949842959803 ,
-1.4857357963408786, -1.640145726010865, -1.6643838607496646, -1.6713755484886672 ,
-1.8636620464256, -1.8645474247675335, -2.063025161396365, -2.2130576829994446 ,
-2.277054843597738, -2.4801946955862233, -2.5129564605211776, -2.4725849196266836 ,
-2.679513309174722, -2.615894494350491, -2.7088402862403655 ,
]
Current Mountain Time: 2025-06-08 00:14:55.178797-06:00
22723.82user 39.70system 16:46.19elapsed 2262%CPU (0avgtext+0avgdata 859780maxresident)k
0inputs+16outputs (2273major+11537680minor)pagefaults 0swaps
