Xgate_noise.py
Current Mountain Time: 2025-06-08 00:00:59.983045-06:00
drive_phi= True ; drive_theta =  False ; truc =  300
hspace_len= 160
params =
[20.000087, 0.249753, 0.216297, 0.43883, 0.490612] ,
[30.002512, 0.222626, 0.201971, 0.389445, 0.425332] ,
[40.006173, 0.223179, 0.160035, 0.358809, 0.386917] ,
[50.000191, 0.215248, 0.148153, 0.354356, 0.376483] ,
[60.000967, 0.213711, 0.14419, 0.358967, 0.378127] ,
[70.001044, 0.209788, 0.131851, 0.353189, 0.36997] ,
[80.007155, 0.210573, 0.122946, 0.355789, 0.37113] ,
[90.009744, 0.219753, 0.113433, 0.351332, 0.376525] ,
[100.001683, 0.212233, 0.113924, 0.340021, 0.36258] ,
[110.009928, 0.211658, 0.106989, 0.341806, 0.362874] ,
[120.004766, 0.209273, 0.104767, 0.341188, 0.360503] ,
[130.002315, 0.201238, 0.098495, 0.3428, 0.353056] ,
[140.008725, 0.211735, 0.099358, 0.338134, 0.362321] ,
[150.002399, 0.205268, 0.094552, 0.339607, 0.355509] ,
[160.000656, 0.209132, 0.090941, 0.337889, 0.359183] ,
[170.00663, 0.212306, 0.087921, 0.33633, 0.362475] ,
[180.006237, 0.21108, 0.084566, 0.335734, 0.36059] ,
[190.009275, 0.209698, 0.083495, 0.335382, 0.359146] ,
[200.005395, 0.208582, 0.081626, 0.335171, 0.357777] ,
num_cpus =  4 ;   n_job =  38

f_ideal = [
-0.6054424764027033, -0.7521624851391502, -0.8853137397196846, -1.122802399694723 ,
-1.4868985161023662, -1.6381383776465905, -1.699658138072829, -1.7407043566777372 ,
-1.8449862316044818, -1.9048422420549642, -2.0722114061602985, -2.1923070134285134 ,
-2.279858786386205, -2.45625606019829, -2.5341223549667378, -2.4549604304082835 ,
-2.640586762989791, -2.6204783082010006, -2.6726405931905726 ,
]
Current Mountain Time: 2025-06-08 00:01:35.700494-06:00
712.85user 30.83system 0:39.00elapsed 1906%CPU (0avgtext+0avgdata 862004maxresident)k
0inputs+16outputs (1289major+5547090minor)pagefaults 0swaps
