Xgate_noise.py
Current Mountain Time: 2025-06-10 13:44:14.279880-06:00
drive_phi= True ; drive_theta =  False ; truc =  800
hspace_len= 800
params =
[20.000087, 0.249753, 0.216297, 0.43883, 0.490612] ,
[30.002512, 0.222626, 0.201971, 0.389445, 0.425332] ,
[40.006173, 0.223179, 0.160035, 0.358809, 0.386917] ,
[50.000191, 0.215248, 0.148153, 0.354356, 0.376483] ,
[60.000967, 0.213711, 0.14419, 0.358967, 0.378127] ,
[70.001044, 0.209788, 0.131851, 0.353189, 0.36997] ,
[80.007155, 0.210573, 0.122946, 0.355789, 0.37113] ,
[90.009744, 0.219753, 0.113433, 0.351332, 0.376525] ,
[100.001683, 0.212233, 0.113924, 0.340021, 0.36258] ,
[110.009928, 0.211658, 0.106989, 0.341806, 0.362874] ,
[120.004766, 0.209273, 0.104767, 0.341188, 0.360503] ,
[130.002315, 0.201238, 0.098495, 0.3428, 0.353056] ,
[140.008725, 0.211735, 0.099358, 0.338134, 0.362321] ,
[150.002399, 0.205268, 0.094552, 0.339607, 0.355509] ,
[160.000656, 0.209132, 0.090941, 0.337889, 0.359183] ,
[170.00663, 0.212306, 0.087921, 0.33633, 0.362475] ,
[180.006237, 0.21108, 0.084566, 0.335734, 0.36059] ,
[190.009275, 0.209698, 0.083495, 0.335382, 0.359146] ,
[200.005395, 0.208582, 0.081626, 0.335171, 0.357777] ,
num_cpus =  4 ;   n_job =  38

f_ideal = [
-0.6057494035385135, -0.764837361578364, -0.8846236988014182, -1.132885782036475 ,
-1.483975394518838, -1.6392077774195024, -1.6633977459200362, -1.6693164231519653 ,
-1.8611061501612853, -1.861734774349343, -2.05987930825754, -2.210606079253962 ,
-2.2737845006503736, -2.4747795302654643, -2.5059922529461556, -2.4635684952036314 ,
-2.6581362934574138, -2.6118839157769975, -2.6885026447068325 ,
]
Current Mountain Time: 2025-06-10 14:15:16.926847-06:00
56226.48user 120.09system 31:06.17elapsed 3019%CPU (0avgtext+0avgdata 845656maxresident)k
0inputs+16outputs (109major+11454457minor)pagefaults 0swaps
