Xgate_noise.py
Current Mountain Time: 2025-06-08 00:00:19.680499-06:00
drive_phi= False ; drive_theta =  True ; truc =  300
hspace_len= 157
params =
[10.108462, 0.41212, 0.073451, -0.084451, -0.044706] ,
[15.074864, 0.303821, 0.065666, -0.036206, -0.016563] ,
[20.041257, 0.241329, 0.059044, -0.019402, -0.009802] ,
[25.020473, 0.180208, 0.046132, -0.003789, 0.001544] ,
[30.008342, 0.14538, 0.037985, 0.000555, 0.004004] ,
[34.999249, 0.121737, 0.032287, 0.001883, 0.004348] ,
[39.991616, 0.105045, 0.028058, 0.002171, 0.003988] ,
[45.572873, 0.091013, 0.02446, 0.002106, 0.003479] ,
[50.273181, 0.081831, 0.022089, 0.001944, 0.003051] ,
[55.267933, 0.073988, 0.020007, 0.001756, 0.002668] ,
[59.087483, 0.068953, 0.018674, 0.001617, 0.002406] ,
[64.670376, 0.062708, 0.017016, 0.001421, 0.002077] ,
[69.959457, 0.05777, 0.0157, 0.001257, 0.001811] ,
[79.950621, 0.050323, 0.013699, 0.001008, 0.001432] ,
[89.941952, 0.044576, 0.012149, 0.000826, 0.001154] ,
[99.933664, 0.040022, 0.010918, 0.000683, 0.000949] ,
[109.925465, 0.036325, 0.009915, 0.000575, 0.000792] ,
[119.917464, 0.033248, 0.00908, 0.000489, 0.000672] ,
num_cpus =  4 ;   n_job =  36

f_ideal = [
-0.4769665205690432, -0.8906454796863686, -1.9396157166295647, -2.7913424676472243 ,
-3.363615836700351, -3.7728852130070125, -4.121033621434866, -4.514847540881955 ,
-4.795048142024415, -5.041233712069963, -5.2062556170918315, -5.386372041153106 ,
-5.569902019112673, -5.826554357610929, -6.026896878998535, -6.170914179923723 ,
-6.2021670080445555, -6.304700284172778 ,
]
Current Mountain Time: 2025-06-08 00:00:46.008192-06:00
455.23user 32.02system 0:29.81elapsed 1634%CPU (0avgtext+0avgdata 857700maxresident)k
0inputs+16outputs (1621major+5217792minor)pagefaults 0swaps
