Xgate_noise.py
Current Mountain Time: 2025-06-07 22:21:22.326451-06:00
drive_phi= False ; drive_theta =  True ; truc =  300
hspace_len= 300
params =
[10.108462, 0.41212, 0.073451, -0.084451, -0.044706] ,
[15.074864, 0.303821, 0.065666, -0.036206, -0.016563] ,
[20.041257, 0.241329, 0.059044, -0.019402, -0.009802] ,
[25.020473, 0.180208, 0.046132, -0.003789, 0.001544] ,
[30.008342, 0.14538, 0.037985, 0.000555, 0.004004] ,
[34.999249, 0.121737, 0.032287, 0.001883, 0.004348] ,
[39.991616, 0.105045, 0.028058, 0.002171, 0.003988] ,
[45.572873, 0.091013, 0.02446, 0.002106, 0.003479] ,
[50.273181, 0.081831, 0.022089, 0.001944, 0.003051] ,
[55.267933, 0.073988, 0.020007, 0.001756, 0.002668] ,
[59.087483, 0.068953, 0.018674, 0.001617, 0.002406] ,
[64.670376, 0.062708, 0.017016, 0.001421, 0.002077] ,
[69.959457, 0.05777, 0.0157, 0.001257, 0.001811] ,
[79.950621, 0.050323, 0.013699, 0.001008, 0.001432] ,
[89.941952, 0.044576, 0.012149, 0.000826, 0.001154] ,
[99.933664, 0.040022, 0.010918, 0.000683, 0.000949] ,
[109.925465, 0.036325, 0.009915, 0.000575, 0.000792] ,
[119.917464, 0.033248, 0.00908, 0.000489, 0.000672] ,
num_cpus =  4 ;   n_job =  18

f_ideal = [
-0.4769724123318365, -0.8906554296291009, -1.939666733978983, -2.791347630571905 ,
-3.363776600630818, -3.77568000516498, -4.155708944499208, -4.525270905643186 ,
-4.764465282050462, -4.971751395496353, -5.135825173539602, -5.338129690950968 ,
-5.502148609729635, -5.719784175228551, -5.872505786011782, -5.973357461566571 ,
-5.983605297097397, -6.039945270350499 ,
]
Current Mountain Time: 2025-06-07 22:21:59.377850-06:00
631.23user 23.47system 0:39.53elapsed 1656%CPU (0avgtext+0avgdata 862456maxresident)k
72inputs+16outputs (1880major+4843653minor)pagefaults 0swaps
