get_fidelity_cnot.py
NUMEXPR_NUM_THREADS = 1
MKL_NUM_THREADS = 1

Current China Time: 2025-08-06 21:51:08.791000+08:00
Using CNOT gate with W_0_2 = 45.54630239175544, W_1_2 = 23.752520877272232

mid_state =  8-2
calculate_ideal = True, calculate_noise = False
apply_decay=True, apply_dephase=True
Ideal: max_step = 0.001, nsteps = 1000.0
Noisy: max_step = 0.001, nsteps = 1000.0
filter_ratio = 0.3, decay_enlarge = 1
use_truc_model = False, truc_model_name = cz_short_200_detune1
t1_tphi_other = 170, import_2000=True
if import_2000=True, use 300_2000_False, else, use 300_1000_True
num_cpus= 16 , n_job= 5

params = np.array([
[50.008813, 0.090273, 0.046546, -0.027498, -0.025767] ,
[119.999923, 0.046969, 0.027146, -0.010649, -0.010409] ,
[189.997344, 0.030915, 0.019755, -0.006194, -0.005848] ,
[260.000623, 0.021992, 0.014066, -0.003138, -0.002978] ,
[330.004173, 0.017153, 0.010944, -0.001891, -0.001804] ,
])
n_truc_list = [1000, 1100, 1200, 1300, 1400, 1500, 1600, 1700, 1800, 1900, 2000]

f_ideal_1000 = np.array([
-0.48115027340687966, -1.282133780673735, -2.0486011443123253, -2.813346607459468 ,
-3.40296553927037 ,
])

Current China Time: 2025-08-06 22:07:30.104307+08:00

fidelity_list = np.array([
[-0.48115027340687966, -1.282133780673735, -2.0486011443123253, -2.813346607459468, -3.40296553927037] ,
])

f_ideal_1100 = np.array([
-0.485817901466427, -1.2841948449476788, -2.077487020048273, -2.817738481049265 ,
-3.3966569295407933 ,
])

Current China Time: 2025-08-06 22:27:48.274610+08:00

fidelity_list = np.array([
[-0.48115027340687966, -1.282133780673735, -2.0486011443123253, -2.813346607459468, -3.40296553927037] ,
[-0.485817901466427, -1.2841948449476788, -2.077487020048273, -2.817738481049265, -3.3966569295407933] ,
])

f_ideal_1200 = np.array([
-0.4860485081576281, -1.2831307858444851, -2.08047215663054, -2.8227775172260916 ,
-3.4087648628565392 ,
])

Current China Time: 2025-08-06 22:51:40.779735+08:00

fidelity_list = np.array([
[-0.48115027340687966, -1.282133780673735, -2.0486011443123253, -2.813346607459468, -3.40296553927037] ,
[-0.485817901466427, -1.2841948449476788, -2.077487020048273, -2.817738481049265, -3.3966569295407933] ,
[-0.4860485081576281, -1.2831307858444851, -2.08047215663054, -2.8227775172260916, -3.4087648628565392] ,
])

f_ideal_1300 = np.array([
-0.48311892022058234, -1.2824404448861362, -2.0843361451974887, -2.8210531145444864 ,
-3.4090583228795848 ,
])

Current China Time: 2025-08-06 23:19:31.031633+08:00

fidelity_list = np.array([
[-0.48115027340687966, -1.282133780673735, -2.0486011443123253, -2.813346607459468, -3.40296553927037] ,
[-0.485817901466427, -1.2841948449476788, -2.077487020048273, -2.817738481049265, -3.3966569295407933] ,
[-0.4860485081576281, -1.2831307858444851, -2.08047215663054, -2.8227775172260916, -3.4087648628565392] ,
[-0.48311892022058234, -1.2824404448861362, -2.0843361451974887, -2.8210531145444864, -3.4090583228795848] ,
])

f_ideal_1400 = np.array([
-0.48320465550818237, -1.2845930933425043, -2.0877009510325673, -2.813015685030185 ,
-3.406916660740409 ,
])

Current China Time: 2025-08-06 23:52:59.699344+08:00

fidelity_list = np.array([
[-0.48115027340687966, -1.282133780673735, -2.0486011443123253, -2.813346607459468, -3.40296553927037] ,
[-0.485817901466427, -1.2841948449476788, -2.077487020048273, -2.817738481049265, -3.3966569295407933] ,
[-0.4860485081576281, -1.2831307858444851, -2.08047215663054, -2.8227775172260916, -3.4087648628565392] ,
[-0.48311892022058234, -1.2824404448861362, -2.0843361451974887, -2.8210531145444864, -3.4090583228795848] ,
[-0.48320465550818237, -1.2845930933425043, -2.0877009510325673, -2.813015685030185, -3.406916660740409] ,
])

f_ideal_1500 = np.array([
-0.4829726075166196, -1.294319015285345, -2.109824305254066, -2.7427162344178786 ,
-3.389553911563065 ,
])

Current China Time: 2025-08-07 00:30:10.835946+08:00

fidelity_list = np.array([
[-0.48115027340687966, -1.282133780673735, -2.0486011443123253, -2.813346607459468, -3.40296553927037] ,
[-0.485817901466427, -1.2841948449476788, -2.077487020048273, -2.817738481049265, -3.3966569295407933] ,
[-0.4860485081576281, -1.2831307858444851, -2.08047215663054, -2.8227775172260916, -3.4087648628565392] ,
[-0.48311892022058234, -1.2824404448861362, -2.0843361451974887, -2.8210531145444864, -3.4090583228795848] ,
[-0.48320465550818237, -1.2845930933425043, -2.0877009510325673, -2.813015685030185, -3.406916660740409] ,
[-0.4829726075166196, -1.294319015285345, -2.109824305254066, -2.7427162344178786, -3.389553911563065] ,
])

f_ideal_1600 = np.array([
-0.48177073862051145, -1.2912427371648871, -2.2259667965679406, -3.0788348006859514 ,
-3.2447476592865567 ,
])

Current China Time: 2025-08-07 01:22:45.641736+08:00

fidelity_list = np.array([
[-0.48115027340687966, -1.282133780673735, -2.0486011443123253, -2.813346607459468, -3.40296553927037] ,
[-0.485817901466427, -1.2841948449476788, -2.077487020048273, -2.817738481049265, -3.3966569295407933] ,
[-0.4860485081576281, -1.2831307858444851, -2.08047215663054, -2.8227775172260916, -3.4087648628565392] ,
[-0.48311892022058234, -1.2824404448861362, -2.0843361451974887, -2.8210531145444864, -3.4090583228795848] ,
[-0.48320465550818237, -1.2845930933425043, -2.0877009510325673, -2.813015685030185, -3.406916660740409] ,
[-0.4829726075166196, -1.294319015285345, -2.109824305254066, -2.7427162344178786, -3.389553911563065] ,
[-0.48177073862051145, -1.2912427371648871, -2.2259667965679406, -3.0788348006859514, -3.2447476592865567] ,
])

f_ideal_1700 = np.array([
-0.48492974661480825, -1.2897533030791355, -2.2274765549881987, -3.07830742829429 ,
-3.2438618340406915 ,
])

Current China Time: 2025-08-07 02:22:29.697992+08:00

fidelity_list = np.array([
[-0.48115027340687966, -1.282133780673735, -2.0486011443123253, -2.813346607459468, -3.40296553927037] ,
[-0.485817901466427, -1.2841948449476788, -2.077487020048273, -2.817738481049265, -3.3966569295407933] ,
[-0.4860485081576281, -1.2831307858444851, -2.08047215663054, -2.8227775172260916, -3.4087648628565392] ,
[-0.48311892022058234, -1.2824404448861362, -2.0843361451974887, -2.8210531145444864, -3.4090583228795848] ,
[-0.48320465550818237, -1.2845930933425043, -2.0877009510325673, -2.813015685030185, -3.406916660740409] ,
[-0.4829726075166196, -1.294319015285345, -2.109824305254066, -2.7427162344178786, -3.389553911563065] ,
[-0.48177073862051145, -1.2912427371648871, -2.2259667965679406, -3.0788348006859514, -3.2447476592865567] ,
[-0.48492974661480825, -1.2897533030791355, -2.2274765549881987, -3.07830742829429, -3.2438618340406915] ,
])

f_ideal_1800 = np.array([
-0.48491026245265256, -1.287605838113106, -2.2196649046543073, -3.0863984636511814 ,
-3.2627750208919575 ,
])

Current China Time: 2025-08-07 03:30:47.689049+08:00

fidelity_list = np.array([
[-0.48115027340687966, -1.282133780673735, -2.0486011443123253, -2.813346607459468, -3.40296553927037] ,
[-0.485817901466427, -1.2841948449476788, -2.077487020048273, -2.817738481049265, -3.3966569295407933] ,
[-0.4860485081576281, -1.2831307858444851, -2.08047215663054, -2.8227775172260916, -3.4087648628565392] ,
[-0.48311892022058234, -1.2824404448861362, -2.0843361451974887, -2.8210531145444864, -3.4090583228795848] ,
[-0.48320465550818237, -1.2845930933425043, -2.0877009510325673, -2.813015685030185, -3.406916660740409] ,
[-0.4829726075166196, -1.294319015285345, -2.109824305254066, -2.7427162344178786, -3.389553911563065] ,
[-0.48177073862051145, -1.2912427371648871, -2.2259667965679406, -3.0788348006859514, -3.2447476592865567] ,
[-0.48492974661480825, -1.2897533030791355, -2.2274765549881987, -3.07830742829429, -3.2438618340406915] ,
[-0.48491026245265256, -1.287605838113106, -2.2196649046543073, -3.0863984636511814, -3.2627750208919575] ,
])

f_ideal_1900 = np.array([
-0.48465337531581837, -1.2872015875938472, -2.2177586715424833, -3.0861629845268586 ,
-3.262492679513859 ,
])

Current China Time: 2025-08-07 04:44:17.353049+08:00

fidelity_list = np.array([
[-0.48115027340687966, -1.282133780673735, -2.0486011443123253, -2.813346607459468, -3.40296553927037] ,
[-0.485817901466427, -1.2841948449476788, -2.077487020048273, -2.817738481049265, -3.3966569295407933] ,
[-0.4860485081576281, -1.2831307858444851, -2.08047215663054, -2.8227775172260916, -3.4087648628565392] ,
[-0.48311892022058234, -1.2824404448861362, -2.0843361451974887, -2.8210531145444864, -3.4090583228795848] ,
[-0.48320465550818237, -1.2845930933425043, -2.0877009510325673, -2.813015685030185, -3.406916660740409] ,
[-0.4829726075166196, -1.294319015285345, -2.109824305254066, -2.7427162344178786, -3.389553911563065] ,
[-0.48177073862051145, -1.2912427371648871, -2.2259667965679406, -3.0788348006859514, -3.2447476592865567] ,
[-0.48492974661480825, -1.2897533030791355, -2.2274765549881987, -3.07830742829429, -3.2438618340406915] ,
[-0.48491026245265256, -1.287605838113106, -2.2196649046543073, -3.0863984636511814, -3.2627750208919575] ,
[-0.48465337531581837, -1.2872015875938472, -2.2177586715424833, -3.0861629845268586, -3.262492679513859] ,
])

f_ideal_2000 = np.array([
-0.4842470843389519, -1.2858384296910772, -2.2126574209486822, -3.0875986889355866 ,
-3.271183253109729 ,
])

Current China Time: 2025-08-07 06:02:22.727986+08:00

fidelity_list = np.array([
[-0.48115027340687966, -1.282133780673735, -2.0486011443123253, -2.813346607459468, -3.40296553927037] ,
[-0.485817901466427, -1.2841948449476788, -2.077487020048273, -2.817738481049265, -3.3966569295407933] ,
[-0.4860485081576281, -1.2831307858444851, -2.08047215663054, -2.8227775172260916, -3.4087648628565392] ,
[-0.48311892022058234, -1.2824404448861362, -2.0843361451974887, -2.8210531145444864, -3.4090583228795848] ,
[-0.48320465550818237, -1.2845930933425043, -2.0877009510325673, -2.813015685030185, -3.406916660740409] ,
[-0.4829726075166196, -1.294319015285345, -2.109824305254066, -2.7427162344178786, -3.389553911563065] ,
[-0.48177073862051145, -1.2912427371648871, -2.2259667965679406, -3.0788348006859514, -3.2447476592865567] ,
[-0.48492974661480825, -1.2897533030791355, -2.2274765549881987, -3.07830742829429, -3.2438618340406915] ,
[-0.48491026245265256, -1.287605838113106, -2.2196649046543073, -3.0863984636511814, -3.2627750208919575] ,
[-0.48465337531581837, -1.2872015875938472, -2.2177586715424833, -3.0861629845268586, -3.262492679513859] ,
[-0.4842470843389519, -1.2858384296910772, -2.2126574209486822, -3.0875986889355866, -3.271183253109729] ,
])
n_truc_list = [1000, 1100, 1200, 1300, 1400, 1500, 1600, 1700, 1800, 1900, 2000]

fidelity_list = np.array([
[-0.48115027340687966, -1.282133780673735, -2.0486011443123253, -2.813346607459468, -3.40296553927037] ,
[-0.485817901466427, -1.2841948449476788, -2.077487020048273, -2.817738481049265, -3.3966569295407933] ,
[-0.4860485081576281, -1.2831307858444851, -2.08047215663054, -2.8227775172260916, -3.4087648628565392] ,
[-0.48311892022058234, -1.2824404448861362, -2.0843361451974887, -2.8210531145444864, -3.4090583228795848] ,
[-0.48320465550818237, -1.2845930933425043, -2.0877009510325673, -2.813015685030185, -3.406916660740409] ,
[-0.4829726075166196, -1.294319015285345, -2.109824305254066, -2.7427162344178786, -3.389553911563065] ,
[-0.48177073862051145, -1.2912427371648871, -2.2259667965679406, -3.0788348006859514, -3.2447476592865567] ,
[-0.48492974661480825, -1.2897533030791355, -2.2274765549881987, -3.07830742829429, -3.2438618340406915] ,
[-0.48491026245265256, -1.287605838113106, -2.2196649046543073, -3.0863984636511814, -3.2627750208919575] ,
[-0.48465337531581837, -1.2872015875938472, -2.2177586715424833, -3.0861629845268586, -3.262492679513859] ,
[-0.4842470843389519, -1.2858384296910772, -2.2126574209486822, -3.0875986889355866, -3.271183253109729] ,
])
307243.77user 273.83system 8:11:15elapsed 1043%CPU (0avgtext+0avgdata 3554312maxresident)k
0inputs+112outputs (8226major+66800673minor)pagefaults 0swaps
