get_fidelity_cnot.py
NUMEXPR_NUM_THREADS = 1
MKL_NUM_THREADS = 1

Current China Time: 2025-08-16 11:36:03.762927+08:00
Using CNOT gate with W_0_2 = 45.54630239175544, W_1_2 = 23.752520877272232

mid_state =  8-2
calculate_ideal = True, calculate_noise = False
apply_decay=True, apply_dephase=True
Ideal: max_step = 0.001, nsteps = 1000.0
Noisy: max_step = 0.001, nsteps = 1000.0
filter_ratio = 0.3, decay_enlarge = 1
use_truc_model = True, truc_model_name = cnot_short_1000
t1_tphi_other = 170, import_2000=True
if import_2000=True, use 300_2000_False, else, use 300_1000_True
num_cpus= 16 , n_job= 5

params = np.array([
[50.008813, 0.090273, 0.046546, -0.027498, -0.025767] ,
[119.999923, 0.046969, 0.027146, -0.010649, -0.010409] ,
[189.997344, 0.030915, 0.019755, -0.006194, -0.005848] ,
[260.000623, 0.021992, 0.014066, -0.003138, -0.002978] ,
[330.004173, 0.017153, 0.010944, -0.001891, -0.001804] ,
])
n_truc_list = [50, 100, 150, 200, 250, 300, 350, 400, 450, 500, 550, 600, 650, 700, 750, 800, 850, 900, 950, 1000]

f_ideal_50 = np.array([
-0.3257791356849946, -1.2696639893403516, -2.169630111569193, -2.6533846421350216 ,
-2.933379254087753 ,
])

Current China Time: 2025-08-16 11:36:13.188918+08:00

fidelity_list = np.array([
[-0.3257791356849946, -1.2696639893403516, -2.169630111569193, -2.6533846421350216, -2.933379254087753] ,
])

f_ideal_100 = np.array([
-0.5651497073947309, -1.3562721247939546, -2.5432633611435, -3.1264038486210968 ,
-3.453419753450277 ,
])

Current China Time: 2025-08-16 11:36:24.521538+08:00

fidelity_list = np.array([
[-0.3257791356849946, -1.2696639893403516, -2.169630111569193, -2.6533846421350216, -2.933379254087753] ,
[-0.5651497073947309, -1.3562721247939546, -2.5432633611435, -3.1264038486210968, -3.453419753450277] ,
])

f_ideal_150 = np.array([
-0.5431962220215698, -1.3528164802519282, -2.5364854131597823, -3.1236676298493835 ,
-3.453095834453336 ,
])

Current China Time: 2025-08-16 11:36:43.434853+08:00

fidelity_list = np.array([
[-0.3257791356849946, -1.2696639893403516, -2.169630111569193, -2.6533846421350216, -2.933379254087753] ,
[-0.5651497073947309, -1.3562721247939546, -2.5432633611435, -3.1264038486210968, -3.453419753450277] ,
[-0.5431962220215698, -1.3528164802519282, -2.5364854131597823, -3.1236676298493835, -3.453095834453336] ,
])

f_ideal_200 = np.array([
-0.505953070025871, -1.311945749882299, -2.3028106142109124, -3.1230125031098286 ,
-3.4524077292070623 ,
])

Current China Time: 2025-08-16 11:37:12.586862+08:00

fidelity_list = np.array([
[-0.3257791356849946, -1.2696639893403516, -2.169630111569193, -2.6533846421350216, -2.933379254087753] ,
[-0.5651497073947309, -1.3562721247939546, -2.5432633611435, -3.1264038486210968, -3.453419753450277] ,
[-0.5431962220215698, -1.3528164802519282, -2.5364854131597823, -3.1236676298493835, -3.453095834453336] ,
[-0.505953070025871, -1.311945749882299, -2.3028106142109124, -3.1230125031098286, -3.4524077292070623] ,
])

f_ideal_250 = np.array([
-0.5147278481112056, -1.310661632393269, -2.298497446925318, -3.121365292388197 ,
-3.4515597630762356 ,
])

Current China Time: 2025-08-16 11:37:55.713260+08:00

fidelity_list = np.array([
[-0.3257791356849946, -1.2696639893403516, -2.169630111569193, -2.6533846421350216, -2.933379254087753] ,
[-0.5651497073947309, -1.3562721247939546, -2.5432633611435, -3.1264038486210968, -3.453419753450277] ,
[-0.5431962220215698, -1.3528164802519282, -2.5364854131597823, -3.1236676298493835, -3.453095834453336] ,
[-0.505953070025871, -1.311945749882299, -2.3028106142109124, -3.1230125031098286, -3.4524077292070623] ,
[-0.5147278481112056, -1.310661632393269, -2.298497446925318, -3.121365292388197, -3.4515597630762356] ,
])

f_ideal_300 = np.array([
-0.5104257361951093, -1.3138066042393968, -2.2973546742222952, -3.121275310901654 ,
-3.4515094699037094 ,
])

Current China Time: 2025-08-16 11:38:54.690505+08:00

fidelity_list = np.array([
[-0.3257791356849946, -1.2696639893403516, -2.169630111569193, -2.6533846421350216, -2.933379254087753] ,
[-0.5651497073947309, -1.3562721247939546, -2.5432633611435, -3.1264038486210968, -3.453419753450277] ,
[-0.5431962220215698, -1.3528164802519282, -2.5364854131597823, -3.1236676298493835, -3.453095834453336] ,
[-0.505953070025871, -1.311945749882299, -2.3028106142109124, -3.1230125031098286, -3.4524077292070623] ,
[-0.5147278481112056, -1.310661632393269, -2.298497446925318, -3.121365292388197, -3.4515597630762356] ,
[-0.5104257361951093, -1.3138066042393968, -2.2973546742222952, -3.121275310901654, -3.4515094699037094] ,
])

f_ideal_350 = np.array([
-0.4906238368535566, -1.2782613304504726, -2.058070505484196, -2.7577163766460853 ,
-3.3952924820008374 ,
])

Current China Time: 2025-08-16 11:40:17.821150+08:00

fidelity_list = np.array([
[-0.3257791356849946, -1.2696639893403516, -2.169630111569193, -2.6533846421350216, -2.933379254087753] ,
[-0.5651497073947309, -1.3562721247939546, -2.5432633611435, -3.1264038486210968, -3.453419753450277] ,
[-0.5431962220215698, -1.3528164802519282, -2.5364854131597823, -3.1236676298493835, -3.453095834453336] ,
[-0.505953070025871, -1.311945749882299, -2.3028106142109124, -3.1230125031098286, -3.4524077292070623] ,
[-0.5147278481112056, -1.310661632393269, -2.298497446925318, -3.121365292388197, -3.4515597630762356] ,
[-0.5104257361951093, -1.3138066042393968, -2.2973546742222952, -3.121275310901654, -3.4515094699037094] ,
[-0.4906238368535566, -1.2782613304504726, -2.058070505484196, -2.7577163766460853, -3.3952924820008374] ,
])

f_ideal_400 = np.array([
-0.48041146118719874, -1.2801765302255954, -2.052918761929276, -2.7664963164258607 ,
-3.4105198005485664 ,
])

Current China Time: 2025-08-16 11:42:06.178190+08:00

fidelity_list = np.array([
[-0.3257791356849946, -1.2696639893403516, -2.169630111569193, -2.6533846421350216, -2.933379254087753] ,
[-0.5651497073947309, -1.3562721247939546, -2.5432633611435, -3.1264038486210968, -3.453419753450277] ,
[-0.5431962220215698, -1.3528164802519282, -2.5364854131597823, -3.1236676298493835, -3.453095834453336] ,
[-0.505953070025871, -1.311945749882299, -2.3028106142109124, -3.1230125031098286, -3.4524077292070623] ,
[-0.5147278481112056, -1.310661632393269, -2.298497446925318, -3.121365292388197, -3.4515597630762356] ,
[-0.5104257361951093, -1.3138066042393968, -2.2973546742222952, -3.121275310901654, -3.4515094699037094] ,
[-0.4906238368535566, -1.2782613304504726, -2.058070505484196, -2.7577163766460853, -3.3952924820008374] ,
[-0.48041146118719874, -1.2801765302255954, -2.052918761929276, -2.7664963164258607, -3.4105198005485664] ,
])

f_ideal_450 = np.array([
-0.4819971947004036, -1.2808648869555836, -2.05482744140091, -2.737671748940472 ,
-3.412089280021602 ,
])

Current China Time: 2025-08-16 11:44:17.432152+08:00

fidelity_list = np.array([
[-0.3257791356849946, -1.2696639893403516, -2.169630111569193, -2.6533846421350216, -2.933379254087753] ,
[-0.5651497073947309, -1.3562721247939546, -2.5432633611435, -3.1264038486210968, -3.453419753450277] ,
[-0.5431962220215698, -1.3528164802519282, -2.5364854131597823, -3.1236676298493835, -3.453095834453336] ,
[-0.505953070025871, -1.311945749882299, -2.3028106142109124, -3.1230125031098286, -3.4524077292070623] ,
[-0.5147278481112056, -1.310661632393269, -2.298497446925318, -3.121365292388197, -3.4515597630762356] ,
[-0.5104257361951093, -1.3138066042393968, -2.2973546742222952, -3.121275310901654, -3.4515094699037094] ,
[-0.4906238368535566, -1.2782613304504726, -2.058070505484196, -2.7577163766460853, -3.3952924820008374] ,
[-0.48041146118719874, -1.2801765302255954, -2.052918761929276, -2.7664963164258607, -3.4105198005485664] ,
[-0.4819971947004036, -1.2808648869555836, -2.05482744140091, -2.737671748940472, -3.412089280021602] ,
])

f_ideal_500 = np.array([
-0.4809793316784924, -1.2813269355944363, -2.0540143685936427, -2.71738049478828 ,
-3.4101565321674454 ,
])

Current China Time: 2025-08-16 11:47:01.627607+08:00

fidelity_list = np.array([
[-0.3257791356849946, -1.2696639893403516, -2.169630111569193, -2.6533846421350216, -2.933379254087753] ,
[-0.5651497073947309, -1.3562721247939546, -2.5432633611435, -3.1264038486210968, -3.453419753450277] ,
[-0.5431962220215698, -1.3528164802519282, -2.5364854131597823, -3.1236676298493835, -3.453095834453336] ,
[-0.505953070025871, -1.311945749882299, -2.3028106142109124, -3.1230125031098286, -3.4524077292070623] ,
[-0.5147278481112056, -1.310661632393269, -2.298497446925318, -3.121365292388197, -3.4515597630762356] ,
[-0.5104257361951093, -1.3138066042393968, -2.2973546742222952, -3.121275310901654, -3.4515094699037094] ,
[-0.4906238368535566, -1.2782613304504726, -2.058070505484196, -2.7577163766460853, -3.3952924820008374] ,
[-0.48041146118719874, -1.2801765302255954, -2.052918761929276, -2.7664963164258607, -3.4105198005485664] ,
[-0.4819971947004036, -1.2808648869555836, -2.05482744140091, -2.737671748940472, -3.412089280021602] ,
[-0.4809793316784924, -1.2813269355944363, -2.0540143685936427, -2.71738049478828, -3.4101565321674454] ,
])

f_ideal_550 = np.array([
-0.4811465358942301, -1.2822248859182377, -2.0555624126524545, -2.751033502917931 ,
-3.4127917066133477 ,
])

Current China Time: 2025-08-16 11:50:16.134090+08:00

fidelity_list = np.array([
[-0.3257791356849946, -1.2696639893403516, -2.169630111569193, -2.6533846421350216, -2.933379254087753] ,
[-0.5651497073947309, -1.3562721247939546, -2.5432633611435, -3.1264038486210968, -3.453419753450277] ,
[-0.5431962220215698, -1.3528164802519282, -2.5364854131597823, -3.1236676298493835, -3.453095834453336] ,
[-0.505953070025871, -1.311945749882299, -2.3028106142109124, -3.1230125031098286, -3.4524077292070623] ,
[-0.5147278481112056, -1.310661632393269, -2.298497446925318, -3.121365292388197, -3.4515597630762356] ,
[-0.5104257361951093, -1.3138066042393968, -2.2973546742222952, -3.121275310901654, -3.4515094699037094] ,
[-0.4906238368535566, -1.2782613304504726, -2.058070505484196, -2.7577163766460853, -3.3952924820008374] ,
[-0.48041146118719874, -1.2801765302255954, -2.052918761929276, -2.7664963164258607, -3.4105198005485664] ,
[-0.4819971947004036, -1.2808648869555836, -2.05482744140091, -2.737671748940472, -3.412089280021602] ,
[-0.4809793316784924, -1.2813269355944363, -2.0540143685936427, -2.71738049478828, -3.4101565321674454] ,
[-0.4811465358942301, -1.2822248859182377, -2.0555624126524545, -2.751033502917931, -3.4127917066133477] ,
])

f_ideal_600 = np.array([
-0.48108792184781735, -1.2822621054145544, -2.0545241398909635, -2.7662236517122496 ,
-3.4117285326329885 ,
])

Current China Time: 2025-08-16 11:54:05.768303+08:00

fidelity_list = np.array([
[-0.3257791356849946, -1.2696639893403516, -2.169630111569193, -2.6533846421350216, -2.933379254087753] ,
[-0.5651497073947309, -1.3562721247939546, -2.5432633611435, -3.1264038486210968, -3.453419753450277] ,
[-0.5431962220215698, -1.3528164802519282, -2.5364854131597823, -3.1236676298493835, -3.453095834453336] ,
[-0.505953070025871, -1.311945749882299, -2.3028106142109124, -3.1230125031098286, -3.4524077292070623] ,
[-0.5147278481112056, -1.310661632393269, -2.298497446925318, -3.121365292388197, -3.4515597630762356] ,
[-0.5104257361951093, -1.3138066042393968, -2.2973546742222952, -3.121275310901654, -3.4515094699037094] ,
[-0.4906238368535566, -1.2782613304504726, -2.058070505484196, -2.7577163766460853, -3.3952924820008374] ,
[-0.48041146118719874, -1.2801765302255954, -2.052918761929276, -2.7664963164258607, -3.4105198005485664] ,
[-0.4819971947004036, -1.2808648869555836, -2.05482744140091, -2.737671748940472, -3.412089280021602] ,
[-0.4809793316784924, -1.2813269355944363, -2.0540143685936427, -2.71738049478828, -3.4101565321674454] ,
[-0.4811465358942301, -1.2822248859182377, -2.0555624126524545, -2.751033502917931, -3.4127917066133477] ,
[-0.48108792184781735, -1.2822621054145544, -2.0545241398909635, -2.7662236517122496, -3.4117285326329885] ,
])

f_ideal_650 = np.array([
-0.48111942532082885, -1.2820678296116157, -2.053253714856526, -2.7715381442073648 ,
-3.4100562003322055 ,
])

Current China Time: 2025-08-16 11:58:33.902515+08:00

fidelity_list = np.array([
[-0.3257791356849946, -1.2696639893403516, -2.169630111569193, -2.6533846421350216, -2.933379254087753] ,
[-0.5651497073947309, -1.3562721247939546, -2.5432633611435, -3.1264038486210968, -3.453419753450277] ,
[-0.5431962220215698, -1.3528164802519282, -2.5364854131597823, -3.1236676298493835, -3.453095834453336] ,
[-0.505953070025871, -1.311945749882299, -2.3028106142109124, -3.1230125031098286, -3.4524077292070623] ,
[-0.5147278481112056, -1.310661632393269, -2.298497446925318, -3.121365292388197, -3.4515597630762356] ,
[-0.5104257361951093, -1.3138066042393968, -2.2973546742222952, -3.121275310901654, -3.4515094699037094] ,
[-0.4906238368535566, -1.2782613304504726, -2.058070505484196, -2.7577163766460853, -3.3952924820008374] ,
[-0.48041146118719874, -1.2801765302255954, -2.052918761929276, -2.7664963164258607, -3.4105198005485664] ,
[-0.4819971947004036, -1.2808648869555836, -2.05482744140091, -2.737671748940472, -3.412089280021602] ,
[-0.4809793316784924, -1.2813269355944363, -2.0540143685936427, -2.71738049478828, -3.4101565321674454] ,
[-0.4811465358942301, -1.2822248859182377, -2.0555624126524545, -2.751033502917931, -3.4127917066133477] ,
[-0.48108792184781735, -1.2822621054145544, -2.0545241398909635, -2.7662236517122496, -3.4117285326329885] ,
[-0.48111942532082885, -1.2820678296116157, -2.053253714856526, -2.7715381442073648, -3.4100562003322055] ,
])

f_ideal_700 = np.array([
-0.4811627960600249, -1.2820740235307253, -2.052563804533161, -2.7737659447595346 ,
-3.4093597551852133 ,
])

Current China Time: 2025-08-16 12:03:56.237747+08:00

fidelity_list = np.array([
[-0.3257791356849946, -1.2696639893403516, -2.169630111569193, -2.6533846421350216, -2.933379254087753] ,
[-0.5651497073947309, -1.3562721247939546, -2.5432633611435, -3.1264038486210968, -3.453419753450277] ,
[-0.5431962220215698, -1.3528164802519282, -2.5364854131597823, -3.1236676298493835, -3.453095834453336] ,
[-0.505953070025871, -1.311945749882299, -2.3028106142109124, -3.1230125031098286, -3.4524077292070623] ,
[-0.5147278481112056, -1.310661632393269, -2.298497446925318, -3.121365292388197, -3.4515597630762356] ,
[-0.5104257361951093, -1.3138066042393968, -2.2973546742222952, -3.121275310901654, -3.4515094699037094] ,
[-0.4906238368535566, -1.2782613304504726, -2.058070505484196, -2.7577163766460853, -3.3952924820008374] ,
[-0.48041146118719874, -1.2801765302255954, -2.052918761929276, -2.7664963164258607, -3.4105198005485664] ,
[-0.4819971947004036, -1.2808648869555836, -2.05482744140091, -2.737671748940472, -3.412089280021602] ,
[-0.4809793316784924, -1.2813269355944363, -2.0540143685936427, -2.71738049478828, -3.4101565321674454] ,
[-0.4811465358942301, -1.2822248859182377, -2.0555624126524545, -2.751033502917931, -3.4127917066133477] ,
[-0.48108792184781735, -1.2822621054145544, -2.0545241398909635, -2.7662236517122496, -3.4117285326329885] ,
[-0.48111942532082885, -1.2820678296116157, -2.053253714856526, -2.7715381442073648, -3.4100562003322055] ,
[-0.4811627960600249, -1.2820740235307253, -2.052563804533161, -2.7737659447595346, -3.4093597551852133] ,
])

f_ideal_750 = np.array([
-0.4811811698802261, -1.282124565101849, -2.048688176846963, -2.777431600074001 ,
-3.408751477574632 ,
])

Current China Time: 2025-08-16 12:09:48.767424+08:00

fidelity_list = np.array([
[-0.3257791356849946, -1.2696639893403516, -2.169630111569193, -2.6533846421350216, -2.933379254087753] ,
[-0.5651497073947309, -1.3562721247939546, -2.5432633611435, -3.1264038486210968, -3.453419753450277] ,
[-0.5431962220215698, -1.3528164802519282, -2.5364854131597823, -3.1236676298493835, -3.453095834453336] ,
[-0.505953070025871, -1.311945749882299, -2.3028106142109124, -3.1230125031098286, -3.4524077292070623] ,
[-0.5147278481112056, -1.310661632393269, -2.298497446925318, -3.121365292388197, -3.4515597630762356] ,
[-0.5104257361951093, -1.3138066042393968, -2.2973546742222952, -3.121275310901654, -3.4515094699037094] ,
[-0.4906238368535566, -1.2782613304504726, -2.058070505484196, -2.7577163766460853, -3.3952924820008374] ,
[-0.48041146118719874, -1.2801765302255954, -2.052918761929276, -2.7664963164258607, -3.4105198005485664] ,
[-0.4819971947004036, -1.2808648869555836, -2.05482744140091, -2.737671748940472, -3.412089280021602] ,
[-0.4809793316784924, -1.2813269355944363, -2.0540143685936427, -2.71738049478828, -3.4101565321674454] ,
[-0.4811465358942301, -1.2822248859182377, -2.0555624126524545, -2.751033502917931, -3.4127917066133477] ,
[-0.48108792184781735, -1.2822621054145544, -2.0545241398909635, -2.7662236517122496, -3.4117285326329885] ,
[-0.48111942532082885, -1.2820678296116157, -2.053253714856526, -2.7715381442073648, -3.4100562003322055] ,
[-0.4811627960600249, -1.2820740235307253, -2.052563804533161, -2.7737659447595346, -3.4093597551852133] ,
[-0.4811811698802261, -1.282124565101849, -2.048688176846963, -2.777431600074001, -3.408751477574632] ,
])

f_ideal_800 = np.array([
-0.48116381458114876, -1.2820507825506624, -2.0429391574200904, -2.7816877651933583 ,
-3.4088319391944797 ,
])

Current China Time: 2025-08-16 12:16:43.632085+08:00

fidelity_list = np.array([
[-0.3257791356849946, -1.2696639893403516, -2.169630111569193, -2.6533846421350216, -2.933379254087753] ,
[-0.5651497073947309, -1.3562721247939546, -2.5432633611435, -3.1264038486210968, -3.453419753450277] ,
[-0.5431962220215698, -1.3528164802519282, -2.5364854131597823, -3.1236676298493835, -3.453095834453336] ,
[-0.505953070025871, -1.311945749882299, -2.3028106142109124, -3.1230125031098286, -3.4524077292070623] ,
[-0.5147278481112056, -1.310661632393269, -2.298497446925318, -3.121365292388197, -3.4515597630762356] ,
[-0.5104257361951093, -1.3138066042393968, -2.2973546742222952, -3.121275310901654, -3.4515094699037094] ,
[-0.4906238368535566, -1.2782613304504726, -2.058070505484196, -2.7577163766460853, -3.3952924820008374] ,
[-0.48041146118719874, -1.2801765302255954, -2.052918761929276, -2.7664963164258607, -3.4105198005485664] ,
[-0.4819971947004036, -1.2808648869555836, -2.05482744140091, -2.737671748940472, -3.412089280021602] ,
[-0.4809793316784924, -1.2813269355944363, -2.0540143685936427, -2.71738049478828, -3.4101565321674454] ,
[-0.4811465358942301, -1.2822248859182377, -2.0555624126524545, -2.751033502917931, -3.4127917066133477] ,
[-0.48108792184781735, -1.2822621054145544, -2.0545241398909635, -2.7662236517122496, -3.4117285326329885] ,
[-0.48111942532082885, -1.2820678296116157, -2.053253714856526, -2.7715381442073648, -3.4100562003322055] ,
[-0.4811627960600249, -1.2820740235307253, -2.052563804533161, -2.7737659447595346, -3.4093597551852133] ,
[-0.4811811698802261, -1.282124565101849, -2.048688176846963, -2.777431600074001, -3.408751477574632] ,
[-0.48116381458114876, -1.2820507825506624, -2.0429391574200904, -2.7816877651933583, -3.4088319391944797] ,
])

f_ideal_850 = np.array([
-0.4811625583557052, -1.282069294633402, -2.0393677043096914, -2.791030846199546 ,
-3.408591951729321 ,
])

Current China Time: 2025-08-16 12:24:11.214475+08:00

fidelity_list = np.array([
[-0.3257791356849946, -1.2696639893403516, -2.169630111569193, -2.6533846421350216, -2.933379254087753] ,
[-0.5651497073947309, -1.3562721247939546, -2.5432633611435, -3.1264038486210968, -3.453419753450277] ,
[-0.5431962220215698, -1.3528164802519282, -2.5364854131597823, -3.1236676298493835, -3.453095834453336] ,
[-0.505953070025871, -1.311945749882299, -2.3028106142109124, -3.1230125031098286, -3.4524077292070623] ,
[-0.5147278481112056, -1.310661632393269, -2.298497446925318, -3.121365292388197, -3.4515597630762356] ,
[-0.5104257361951093, -1.3138066042393968, -2.2973546742222952, -3.121275310901654, -3.4515094699037094] ,
[-0.4906238368535566, -1.2782613304504726, -2.058070505484196, -2.7577163766460853, -3.3952924820008374] ,
[-0.48041146118719874, -1.2801765302255954, -2.052918761929276, -2.7664963164258607, -3.4105198005485664] ,
[-0.4819971947004036, -1.2808648869555836, -2.05482744140091, -2.737671748940472, -3.412089280021602] ,
[-0.4809793316784924, -1.2813269355944363, -2.0540143685936427, -2.71738049478828, -3.4101565321674454] ,
[-0.4811465358942301, -1.2822248859182377, -2.0555624126524545, -2.751033502917931, -3.4127917066133477] ,
[-0.48108792184781735, -1.2822621054145544, -2.0545241398909635, -2.7662236517122496, -3.4117285326329885] ,
[-0.48111942532082885, -1.2820678296116157, -2.053253714856526, -2.7715381442073648, -3.4100562003322055] ,
[-0.4811627960600249, -1.2820740235307253, -2.052563804533161, -2.7737659447595346, -3.4093597551852133] ,
[-0.4811811698802261, -1.282124565101849, -2.048688176846963, -2.777431600074001, -3.408751477574632] ,
[-0.48116381458114876, -1.2820507825506624, -2.0429391574200904, -2.7816877651933583, -3.4088319391944797] ,
[-0.4811625583557052, -1.282069294633402, -2.0393677043096914, -2.791030846199546, -3.408591951729321] ,
])

f_ideal_900 = np.array([
-0.48116006837049513, -1.2820410457979974, -2.041061477329766, -2.801456377131205 ,
-3.408539265486091 ,
])

Current China Time: 2025-08-16 12:33:00.606755+08:00

fidelity_list = np.array([
[-0.3257791356849946, -1.2696639893403516, -2.169630111569193, -2.6533846421350216, -2.933379254087753] ,
[-0.5651497073947309, -1.3562721247939546, -2.5432633611435, -3.1264038486210968, -3.453419753450277] ,
[-0.5431962220215698, -1.3528164802519282, -2.5364854131597823, -3.1236676298493835, -3.453095834453336] ,
[-0.505953070025871, -1.311945749882299, -2.3028106142109124, -3.1230125031098286, -3.4524077292070623] ,
[-0.5147278481112056, -1.310661632393269, -2.298497446925318, -3.121365292388197, -3.4515597630762356] ,
[-0.5104257361951093, -1.3138066042393968, -2.2973546742222952, -3.121275310901654, -3.4515094699037094] ,
[-0.4906238368535566, -1.2782613304504726, -2.058070505484196, -2.7577163766460853, -3.3952924820008374] ,
[-0.48041146118719874, -1.2801765302255954, -2.052918761929276, -2.7664963164258607, -3.4105198005485664] ,
[-0.4819971947004036, -1.2808648869555836, -2.05482744140091, -2.737671748940472, -3.412089280021602] ,
[-0.4809793316784924, -1.2813269355944363, -2.0540143685936427, -2.71738049478828, -3.4101565321674454] ,
[-0.4811465358942301, -1.2822248859182377, -2.0555624126524545, -2.751033502917931, -3.4127917066133477] ,
[-0.48108792184781735, -1.2822621054145544, -2.0545241398909635, -2.7662236517122496, -3.4117285326329885] ,
[-0.48111942532082885, -1.2820678296116157, -2.053253714856526, -2.7715381442073648, -3.4100562003322055] ,
[-0.4811627960600249, -1.2820740235307253, -2.052563804533161, -2.7737659447595346, -3.4093597551852133] ,
[-0.4811811698802261, -1.282124565101849, -2.048688176846963, -2.777431600074001, -3.408751477574632] ,
[-0.48116381458114876, -1.2820507825506624, -2.0429391574200904, -2.7816877651933583, -3.4088319391944797] ,
[-0.4811625583557052, -1.282069294633402, -2.0393677043096914, -2.791030846199546, -3.408591951729321] ,
[-0.48116006837049513, -1.2820410457979974, -2.041061477329766, -2.801456377131205, -3.408539265486091] ,
])

f_ideal_950 = np.array([
-0.4811565141780635, -1.2820945300008932, -2.046074199499627, -2.807571454350813 ,
-3.4072744231518857 ,
])

Current China Time: 2025-08-16 12:42:30.192098+08:00

fidelity_list = np.array([
[-0.3257791356849946, -1.2696639893403516, -2.169630111569193, -2.6533846421350216, -2.933379254087753] ,
[-0.5651497073947309, -1.3562721247939546, -2.5432633611435, -3.1264038486210968, -3.453419753450277] ,
[-0.5431962220215698, -1.3528164802519282, -2.5364854131597823, -3.1236676298493835, -3.453095834453336] ,
[-0.505953070025871, -1.311945749882299, -2.3028106142109124, -3.1230125031098286, -3.4524077292070623] ,
[-0.5147278481112056, -1.310661632393269, -2.298497446925318, -3.121365292388197, -3.4515597630762356] ,
[-0.5104257361951093, -1.3138066042393968, -2.2973546742222952, -3.121275310901654, -3.4515094699037094] ,
[-0.4906238368535566, -1.2782613304504726, -2.058070505484196, -2.7577163766460853, -3.3952924820008374] ,
[-0.48041146118719874, -1.2801765302255954, -2.052918761929276, -2.7664963164258607, -3.4105198005485664] ,
[-0.4819971947004036, -1.2808648869555836, -2.05482744140091, -2.737671748940472, -3.412089280021602] ,
[-0.4809793316784924, -1.2813269355944363, -2.0540143685936427, -2.71738049478828, -3.4101565321674454] ,
[-0.4811465358942301, -1.2822248859182377, -2.0555624126524545, -2.751033502917931, -3.4127917066133477] ,
[-0.48108792184781735, -1.2822621054145544, -2.0545241398909635, -2.7662236517122496, -3.4117285326329885] ,
[-0.48111942532082885, -1.2820678296116157, -2.053253714856526, -2.7715381442073648, -3.4100562003322055] ,
[-0.4811627960600249, -1.2820740235307253, -2.052563804533161, -2.7737659447595346, -3.4093597551852133] ,
[-0.4811811698802261, -1.282124565101849, -2.048688176846963, -2.777431600074001, -3.408751477574632] ,
[-0.48116381458114876, -1.2820507825506624, -2.0429391574200904, -2.7816877651933583, -3.4088319391944797] ,
[-0.4811625583557052, -1.282069294633402, -2.0393677043096914, -2.791030846199546, -3.408591951729321] ,
[-0.48116006837049513, -1.2820410457979974, -2.041061477329766, -2.801456377131205, -3.408539265486091] ,
[-0.4811565141780635, -1.2820945300008932, -2.046074199499627, -2.807571454350813, -3.4072744231518857] ,
])

f_ideal_1000 = np.array([
-0.48115027340086414, -1.2821337806721247, -2.048601144313679, -2.8133466074581506 ,
-3.4029655392469573 ,
])

Current China Time: 2025-08-16 12:53:29.974447+08:00

fidelity_list = np.array([
[-0.3257791356849946, -1.2696639893403516, -2.169630111569193, -2.6533846421350216, -2.933379254087753] ,
[-0.5651497073947309, -1.3562721247939546, -2.5432633611435, -3.1264038486210968, -3.453419753450277] ,
[-0.5431962220215698, -1.3528164802519282, -2.5364854131597823, -3.1236676298493835, -3.453095834453336] ,
[-0.505953070025871, -1.311945749882299, -2.3028106142109124, -3.1230125031098286, -3.4524077292070623] ,
[-0.5147278481112056, -1.310661632393269, -2.298497446925318, -3.121365292388197, -3.4515597630762356] ,
[-0.5104257361951093, -1.3138066042393968, -2.2973546742222952, -3.121275310901654, -3.4515094699037094] ,
[-0.4906238368535566, -1.2782613304504726, -2.058070505484196, -2.7577163766460853, -3.3952924820008374] ,
[-0.48041146118719874, -1.2801765302255954, -2.052918761929276, -2.7664963164258607, -3.4105198005485664] ,
[-0.4819971947004036, -1.2808648869555836, -2.05482744140091, -2.737671748940472, -3.412089280021602] ,
[-0.4809793316784924, -1.2813269355944363, -2.0540143685936427, -2.71738049478828, -3.4101565321674454] ,
[-0.4811465358942301, -1.2822248859182377, -2.0555624126524545, -2.751033502917931, -3.4127917066133477] ,
[-0.48108792184781735, -1.2822621054145544, -2.0545241398909635, -2.7662236517122496, -3.4117285326329885] ,
[-0.48111942532082885, -1.2820678296116157, -2.053253714856526, -2.7715381442073648, -3.4100562003322055] ,
[-0.4811627960600249, -1.2820740235307253, -2.052563804533161, -2.7737659447595346, -3.4093597551852133] ,
[-0.4811811698802261, -1.282124565101849, -2.048688176846963, -2.777431600074001, -3.408751477574632] ,
[-0.48116381458114876, -1.2820507825506624, -2.0429391574200904, -2.7816877651933583, -3.4088319391944797] ,
[-0.4811625583557052, -1.282069294633402, -2.0393677043096914, -2.791030846199546, -3.408591951729321] ,
[-0.48116006837049513, -1.2820410457979974, -2.041061477329766, -2.801456377131205, -3.408539265486091] ,
[-0.4811565141780635, -1.2820945300008932, -2.046074199499627, -2.807571454350813, -3.4072744231518857] ,
[-0.48115027340086414, -1.2821337806721247, -2.048601144313679, -2.8133466074581506, -3.4029655392469573] ,
])
n_truc_list = [50, 100, 150, 200, 250, 300, 350, 400, 450, 500, 550, 600, 650, 700, 750, 800, 850, 900, 950, 1000]

fidelity_list = np.array([
[-0.3257791356849946, -1.2696639893403516, -2.169630111569193, -2.6533846421350216, -2.933379254087753] ,
[-0.5651497073947309, -1.3562721247939546, -2.5432633611435, -3.1264038486210968, -3.453419753450277] ,
[-0.5431962220215698, -1.3528164802519282, -2.5364854131597823, -3.1236676298493835, -3.453095834453336] ,
[-0.505953070025871, -1.311945749882299, -2.3028106142109124, -3.1230125031098286, -3.4524077292070623] ,
[-0.5147278481112056, -1.310661632393269, -2.298497446925318, -3.121365292388197, -3.4515597630762356] ,
[-0.5104257361951093, -1.3138066042393968, -2.2973546742222952, -3.121275310901654, -3.4515094699037094] ,
[-0.4906238368535566, -1.2782613304504726, -2.058070505484196, -2.7577163766460853, -3.3952924820008374] ,
[-0.48041146118719874, -1.2801765302255954, -2.052918761929276, -2.7664963164258607, -3.4105198005485664] ,
[-0.4819971947004036, -1.2808648869555836, -2.05482744140091, -2.737671748940472, -3.412089280021602] ,
[-0.4809793316784924, -1.2813269355944363, -2.0540143685936427, -2.71738049478828, -3.4101565321674454] ,
[-0.4811465358942301, -1.2822248859182377, -2.0555624126524545, -2.751033502917931, -3.4127917066133477] ,
[-0.48108792184781735, -1.2822621054145544, -2.0545241398909635, -2.7662236517122496, -3.4117285326329885] ,
[-0.48111942532082885, -1.2820678296116157, -2.053253714856526, -2.7715381442073648, -3.4100562003322055] ,
[-0.4811627960600249, -1.2820740235307253, -2.052563804533161, -2.7737659447595346, -3.4093597551852133] ,
[-0.4811811698802261, -1.282124565101849, -2.048688176846963, -2.777431600074001, -3.408751477574632] ,
[-0.48116381458114876, -1.2820507825506624, -2.0429391574200904, -2.7816877651933583, -3.4088319391944797] ,
[-0.4811625583557052, -1.282069294633402, -2.0393677043096914, -2.791030846199546, -3.408591951729321] ,
[-0.48116006837049513, -1.2820410457979974, -2.041061477329766, -2.801456377131205, -3.408539265486091] ,
[-0.4811565141780635, -1.2820945300008932, -2.046074199499627, -2.807571454350813, -3.4072744231518857] ,
[-0.48115027340086414, -1.2821337806721247, -2.048601144313679, -2.8133466074581506, -3.4029655392469573] ,
])
53586.72user 370.82system 1:17:28elapsed 1160%CPU (0avgtext+0avgdata 3106080maxresident)k
0inputs+112outputs (32357major+43747223minor)pagefaults 0swaps
