get_fidelity_xgate.py
NUMEXPR_NUM_THREADS = 1
MKL_NUM_THREADS = 1

Current China Time: 2025-09-15 20:48:22.264060+08:00
drive_phi= True ; drive_theta = False ; n_full = 300 ; charge_truc = True
T1 = Tphi = 170 μs, num_cpus = 4
calculate_ideal = True, calculate_noise = True
Ideal: max_step = 0.001, nsteps = 1000.0
Noisy: max_step = 0.001, nsteps = 1000.0
apply_decay = True, apply_dephase = True
n_hspace = 160 ;   n_job =  19

hspace (300\160) = np.array([
0, 2, 3, 4, 8, 9, 10, 11, 15, 16 ,
18, 19, 20, 23, 24, 25, 28, 31, 33, 35 ,
37, 39, 40, 42, 43, 46, 47, 49, 51, 53 ,
55, 56, 57, 60, 62, 64, 66, 67, 69, 70 ,
73, 76, 77, 79, 81, 83, 85, 86, 88, 91 ,
92, 95, 96, 98, 100, 101, 102, 104, 106, 108 ,
110, 112, 113, 116, 118, 120, 121, 123, 126, 128 ,
130, 132, 133, 136, 137, 139, 141, 143, 145, 146 ,
148, 151, 153, 154, 156, 158, 159, 162, 164, 166 ,
167, 169, 170, 173, 174, 176, 179, 181, 183, 185 ,
186, 188, 190, 192, 194, 196, 198, 200, 202, 205 ,
206, 208, 209, 212, 213, 216, 218, 220, 222, 223 ,
226, 227, 229, 230, 232, 234, 237, 239, 241, 242 ,
245, 246, 248, 250, 252, 253, 255, 257, 259, 262 ,
264, 265, 267, 269, 271, 273, 275, 277, 279, 281 ,
282, 283, 286, 288, 290, 291, 293, 294, 297, 299 ,
])

params = np.array([
[20.000087, 0.249753, 0.216297, 0.43883, 0.490612] ,
[30.002512, 0.222626, 0.201971, 0.389445, 0.425332] ,
[40.006173, 0.223179, 0.160035, 0.358809, 0.386917] ,
[50.000191, 0.215248, 0.148153, 0.354356, 0.376483] ,
[60.000967, 0.213711, 0.14419, 0.358967, 0.378127] ,
[70.001044, 0.209788, 0.131851, 0.353189, 0.36997] ,
[80.007155, 0.210573, 0.122946, 0.355789, 0.37113] ,
[90.009744, 0.219753, 0.113433, 0.351332, 0.376525] ,
[100.001683, 0.212233, 0.113924, 0.340021, 0.36258] ,
[110.009928, 0.211658, 0.106989, 0.341806, 0.362874] ,
[120.004766, 0.209273, 0.104767, 0.341188, 0.360503] ,
[130.002315, 0.201238, 0.098495, 0.3428, 0.353056] ,
[140.008725, 0.211735, 0.099358, 0.338134, 0.362321] ,
[150.002399, 0.205268, 0.094552, 0.339607, 0.355509] ,
[160.000656, 0.209132, 0.090941, 0.337889, 0.359183] ,
[170.00663, 0.212306, 0.087921, 0.33633, 0.362475] ,
[180.006237, 0.21108, 0.084566, 0.335734, 0.36059] ,
[190.009275, 0.209698, 0.083495, 0.335382, 0.359146] ,
[200.005395, 0.208582, 0.081626, 0.335171, 0.357777] ,
])

f_ideal_160 = np.array([
-0.60543872, -0.75216502, -0.88531733, -1.12280287 ,
-1.48691618, -1.63816143, -1.69969521, -1.74075134 ,
-1.84497786, -1.90482151, -2.07223404, -2.19235225 ,
-2.27990349, -2.45649266, -2.53430458, -2.45509559 ,
-2.64076878, -2.62086952, -2.67313777 ,
])

Current China Time: 2025-09-15 20:48:47.757658+08:00
np.shape(jump_t1)= (12720, 160, 160) ; np.shape(jump_tphi)= (160, 160, 160)

f_170us_160 = np.array([
-0.60749255, -0.75613411, -0.88645740, -1.11395821 ,
-1.46088038, -1.60455364, -1.65783388, -1.67831710 ,
-1.76877662, -1.81850397, -1.92319924, -2.01305812 ,
-2.04794425, -2.12946590, -2.14301370, -2.09567201 ,
-2.15015545, -2.13545840, -2.13351896 ,
])

Current China Time: 2025-09-16 09:32:43.709290+08:00
2016663.11user 1460.26system 12:44:23elapsed 4400%CPU (0avgtext+0avgdata 7280536maxresident)k
16inputs+16outputs (1846major+48820352minor)pagefaults 0swaps
