get_fidelity_xgate.py
NUMEXPR_NUM_THREADS = 1
MKL_NUM_THREADS = 1

Current China Time: 2025-09-16 08:54:00.034329+08:00
drive_phi= True ; drive_theta = False ; n_full = 1000 ; charge_truc = False
T1 = Tphi = 3 μs, num_cpus = 4
calculate_ideal = True, calculate_noise = False
Ideal: max_step = 0.001, nsteps = 1000.0
Noisy: max_step = 0.001, nsteps = 1000.0
apply_decay = True, apply_dephase = True
n_hspace = 1000 ;   n_job =  19

hspace (1000\1000) = np.array([
0, 1, 2, 3, 4, 5, 6, 7, 8, 9 ,
10, 11, 12, 13, 14, 15, 16, 17, 18, 19 ,
20, 21, 22, 23, 24, 25, 26, 27, 28, 29 ,
30, 31, 32, 33, 34, 35, 36, 37, 38, 39 ,
40, 41, 42, 43, 44, 45, 46, 47, 48, 49 ,
50, 51, 52, 53, 54, 55, 56, 57, 58, 59 ,
60, 61, 62, 63, 64, 65, 66, 67, 68, 69 ,
70, 71, 72, 73, 74, 75, 76, 77, 78, 79 ,
80, 81, 82, 83, 84, 85, 86, 87, 88, 89 ,
90, 91, 92, 93, 94, 95, 96, 97, 98, 99 ,
100, 101, 102, 103, 104, 105, 106, 107, 108, 109 ,
110, 111, 112, 113, 114, 115, 116, 117, 118, 119 ,
120, 121, 122, 123, 124, 125, 126, 127, 128, 129 ,
130, 131, 132, 133, 134, 135, 136, 137, 138, 139 ,
140, 141, 142, 143, 144, 145, 146, 147, 148, 149 ,
150, 151, 152, 153, 154, 155, 156, 157, 158, 159 ,
160, 161, 162, 163, 164, 165, 166, 167, 168, 169 ,
170, 171, 172, 173, 174, 175, 176, 177, 178, 179 ,
180, 181, 182, 183, 184, 185, 186, 187, 188, 189 ,
190, 191, 192, 193, 194, 195, 196, 197, 198, 199 ,
200, 201, 202, 203, 204, 205, 206, 207, 208, 209 ,
210, 211, 212, 213, 214, 215, 216, 217, 218, 219 ,
220, 221, 222, 223, 224, 225, 226, 227, 228, 229 ,
230, 231, 232, 233, 234, 235, 236, 237, 238, 239 ,
240, 241, 242, 243, 244, 245, 246, 247, 248, 249 ,
250, 251, 252, 253, 254, 255, 256, 257, 258, 259 ,
260, 261, 262, 263, 264, 265, 266, 267, 268, 269 ,
270, 271, 272, 273, 274, 275, 276, 277, 278, 279 ,
280, 281, 282, 283, 284, 285, 286, 287, 288, 289 ,
290, 291, 292, 293, 294, 295, 296, 297, 298, 299 ,
300, 301, 302, 303, 304, 305, 306, 307, 308, 309 ,
310, 311, 312, 313, 314, 315, 316, 317, 318, 319 ,
320, 321, 322, 323, 324, 325, 326, 327, 328, 329 ,
330, 331, 332, 333, 334, 335, 336, 337, 338, 339 ,
340, 341, 342, 343, 344, 345, 346, 347, 348, 349 ,
350, 351, 352, 353, 354, 355, 356, 357, 358, 359 ,
360, 361, 362, 363, 364, 365, 366, 367, 368, 369 ,
370, 371, 372, 373, 374, 375, 376, 377, 378, 379 ,
380, 381, 382, 383, 384, 385, 386, 387, 388, 389 ,
390, 391, 392, 393, 394, 395, 396, 397, 398, 399 ,
400, 401, 402, 403, 404, 405, 406, 407, 408, 409 ,
410, 411, 412, 413, 414, 415, 416, 417, 418, 419 ,
420, 421, 422, 423, 424, 425, 426, 427, 428, 429 ,
430, 431, 432, 433, 434, 435, 436, 437, 438, 439 ,
440, 441, 442, 443, 444, 445, 446, 447, 448, 449 ,
450, 451, 452, 453, 454, 455, 456, 457, 458, 459 ,
460, 461, 462, 463, 464, 465, 466, 467, 468, 469 ,
470, 471, 472, 473, 474, 475, 476, 477, 478, 479 ,
480, 481, 482, 483, 484, 485, 486, 487, 488, 489 ,
490, 491, 492, 493, 494, 495, 496, 497, 498, 499 ,
500, 501, 502, 503, 504, 505, 506, 507, 508, 509 ,
510, 511, 512, 513, 514, 515, 516, 517, 518, 519 ,
520, 521, 522, 523, 524, 525, 526, 527, 528, 529 ,
530, 531, 532, 533, 534, 535, 536, 537, 538, 539 ,
540, 541, 542, 543, 544, 545, 546, 547, 548, 549 ,
550, 551, 552, 553, 554, 555, 556, 557, 558, 559 ,
560, 561, 562, 563, 564, 565, 566, 567, 568, 569 ,
570, 571, 572, 573, 574, 575, 576, 577, 578, 579 ,
580, 581, 582, 583, 584, 585, 586, 587, 588, 589 ,
590, 591, 592, 593, 594, 595, 596, 597, 598, 599 ,
600, 601, 602, 603, 604, 605, 606, 607, 608, 609 ,
610, 611, 612, 613, 614, 615, 616, 617, 618, 619 ,
620, 621, 622, 623, 624, 625, 626, 627, 628, 629 ,
630, 631, 632, 633, 634, 635, 636, 637, 638, 639 ,
640, 641, 642, 643, 644, 645, 646, 647, 648, 649 ,
650, 651, 652, 653, 654, 655, 656, 657, 658, 659 ,
660, 661, 662, 663, 664, 665, 666, 667, 668, 669 ,
670, 671, 672, 673, 674, 675, 676, 677, 678, 679 ,
680, 681, 682, 683, 684, 685, 686, 687, 688, 689 ,
690, 691, 692, 693, 694, 695, 696, 697, 698, 699 ,
700, 701, 702, 703, 704, 705, 706, 707, 708, 709 ,
710, 711, 712, 713, 714, 715, 716, 717, 718, 719 ,
720, 721, 722, 723, 724, 725, 726, 727, 728, 729 ,
730, 731, 732, 733, 734, 735, 736, 737, 738, 739 ,
740, 741, 742, 743, 744, 745, 746, 747, 748, 749 ,
750, 751, 752, 753, 754, 755, 756, 757, 758, 759 ,
760, 761, 762, 763, 764, 765, 766, 767, 768, 769 ,
770, 771, 772, 773, 774, 775, 776, 777, 778, 779 ,
780, 781, 782, 783, 784, 785, 786, 787, 788, 789 ,
790, 791, 792, 793, 794, 795, 796, 797, 798, 799 ,
800, 801, 802, 803, 804, 805, 806, 807, 808, 809 ,
810, 811, 812, 813, 814, 815, 816, 817, 818, 819 ,
820, 821, 822, 823, 824, 825, 826, 827, 828, 829 ,
830, 831, 832, 833, 834, 835, 836, 837, 838, 839 ,
840, 841, 842, 843, 844, 845, 846, 847, 848, 849 ,
850, 851, 852, 853, 854, 855, 856, 857, 858, 859 ,
860, 861, 862, 863, 864, 865, 866, 867, 868, 869 ,
870, 871, 872, 873, 874, 875, 876, 877, 878, 879 ,
880, 881, 882, 883, 884, 885, 886, 887, 888, 889 ,
890, 891, 892, 893, 894, 895, 896, 897, 898, 899 ,
900, 901, 902, 903, 904, 905, 906, 907, 908, 909 ,
910, 911, 912, 913, 914, 915, 916, 917, 918, 919 ,
920, 921, 922, 923, 924, 925, 926, 927, 928, 929 ,
930, 931, 932, 933, 934, 935, 936, 937, 938, 939 ,
940, 941, 942, 943, 944, 945, 946, 947, 948, 949 ,
950, 951, 952, 953, 954, 955, 956, 957, 958, 959 ,
960, 961, 962, 963, 964, 965, 966, 967, 968, 969 ,
970, 971, 972, 973, 974, 975, 976, 977, 978, 979 ,
980, 981, 982, 983, 984, 985, 986, 987, 988, 989 ,
990, 991, 992, 993, 994, 995, 996, 997, 998, 999 ,
])

params = np.array([
[20.000087, 0.249753, 0.216297, 0.43883, 0.490612] ,
[30.002512, 0.222626, 0.201971, 0.389445, 0.425332] ,
[40.006173, 0.223179, 0.160035, 0.358809, 0.386917] ,
[50.000191, 0.215248, 0.148153, 0.354356, 0.376483] ,
[60.000967, 0.213711, 0.14419, 0.358967, 0.378127] ,
[70.001044, 0.209788, 0.131851, 0.353189, 0.36997] ,
[80.007155, 0.210573, 0.122946, 0.355789, 0.37113] ,
[90.009744, 0.219753, 0.113433, 0.351332, 0.376525] ,
[100.001683, 0.212233, 0.113924, 0.340021, 0.36258] ,
[110.009928, 0.211658, 0.106989, 0.341806, 0.362874] ,
[120.004766, 0.209273, 0.104767, 0.341188, 0.360503] ,
[130.002315, 0.201238, 0.098495, 0.3428, 0.353056] ,
[140.008725, 0.211735, 0.099358, 0.338134, 0.362321] ,
[150.002399, 0.205268, 0.094552, 0.339607, 0.355509] ,
[160.000656, 0.209132, 0.090941, 0.337889, 0.359183] ,
[170.00663, 0.212306, 0.087921, 0.33633, 0.362475] ,
[180.006237, 0.21108, 0.084566, 0.335734, 0.36059] ,
[190.009275, 0.209698, 0.083495, 0.335382, 0.359146] ,
[200.005395, 0.208582, 0.081626, 0.335171, 0.357777] ,
])

f_ideal_1000 = np.array([
-0.60575133, -0.76485051, -0.88467931, -1.13351455 ,
-1.48595991, -1.64029432, -1.66464015, -1.67163776 ,
-1.86396264, -1.86461959, -2.06315702, -2.21340621 ,
-2.27732384, -2.47968218, -2.51228746, -2.47339256 ,
-2.68291732, -2.62150207, -2.72060903 ,
])

Current China Time: 2025-09-16 09:06:11.356114+08:00

Current China Time: 2025-09-16 09:06:11.358869+08:00
16916.99user 48.11system 12:13.89elapsed 2311%CPU (0avgtext+0avgdata 853992maxresident)k
0inputs+280outputs (1624major+8142495minor)pagefaults 0swaps
