tg,0,2,7,25,other
0.0,1.0,0.0,0.0,0.0,0.0
0.20177800806451612,0.9999997613273439,1.42970666915105e-14,2.2915145243417106e-08,1.9273906215480758e-14,2.1575747844292386e-07
0.40355601612903225,0.9999550984198439,7.566140221059115e-13,6.435285972224972e-07,3.0215113299410726e-12,4.425804778371908e-05
0.6053340241935483,0.999726182249029,1.7830606678834777e-11,3.519568555735386e-06,3.477263306078369e-11,0.00027029812981664336
0.8071120322580645,0.9997569760300352,5.417232828437693e-11,1.0641284438732081e-05,4.269552212694216e-10,0.00023238220440379364
1.0088900403225807,0.9999598491246491,2.544425158861214e-10,2.787787541214651e-05,3.51684872544939e-09,1.2269228653088368e-05
1.2106680483870966,0.999570430982771,1.5036695112942245e-09,5.74850428939974e-05,1.1465276851224474e-08,0.0003720710053954729
1.4124460564516128,0.9996320401505477,5.371185983442729e-10,0.00010270411805381784,4.0413707089405614e-08,0.00026521478058071183
1.614224064516129,0.9997819231190328,1.150654973972228e-08,0.00019437469197917403,1.521948224341442e-07,2.35384876248106e-05
1.8160020725806452,0.9985484325078369,4.79639862184308e-08,0.00033809838035678936,4.128461506484458e-07,0.0011130083016791532
2.0177800806451613,0.9976977262978166,6.027437805548756e-08,0.0005048921518358945,8.973116596797659e-07,0.0017964239643206272
2.2195580887096775,0.9991746478943594,1.0835474912548644e-07,0.0007532268882902804,2.12099824505277e-06,6.989586436866496e-05
2.4213360967741933,0.9958715946699522,4.593739536938548e-07,0.0010929688451218763,4.1605905810595075e-06,0.003030816520406204
2.6231141048387094,0.9937739220087097,4.1022218493541407e-07,0.00148510791901881,7.78054177906638e-06,0.004732779308321799
2.8248921129032256,0.9971989536347545,6.715771248314407e-07,0.0021227363814332496,1.6063565806705574e-05,0.0006615748409013976
3.026670120967742,0.9960168412049369,2.73615926274314e-06,0.0029895052337999776,2.9800785188057306e-05,0.000961116616832476
3.228448129032258,0.9925607095482437,3.712165918818404e-06,0.0038482767547407,4.6512869772782244e-05,0.003540788661343137
3.430226137096774,0.994052259445719,4.241404984390572e-06,0.004906733305990236,7.885252263337708e-05,0.0009579133206888562
3.6320041451612903,0.9894041724091647,1.4019448284367557e-05,0.006330673116307112,0.00013042072247225817,0.004120714303787846
3.8337821532258065,0.9752390772926665,2.0141972333495125e-05,0.007609447524045285,0.00019823179296659955,0.016933101418003308
4.035560161290323,0.9825366894824368,1.2826320273091777e-05,0.009713378552605406,0.0003130666901671026,0.007424038954532137
4.237338169354839,0.9859185156515121,4.24781288097239e-05,0.01259179385468032,0.0004730999393614931,0.0009741124256508925
4.439116177419355,0.9758754984251135,6.275625385371072e-05,0.014930730456598328,0.0006432445499713782,0.008487770314479426
4.640894185483871,0.9769035357945307,6.04817389659918e-05,0.01782002311132833,0.0009220277124932539,0.004293931642694884
4.8426721935483865,0.9751221803952924,0.00013966792512787763,0.021581988036779277,0.0013397651848239143,0.0018163984579902311
5.044450201612903,0.9493527640878461,0.00024709340998886923,0.02434122321346811,0.001845179846958801,0.024213739441751876
5.246228209677419,0.9425542562485691,0.0002092356305288882,0.0276591988688376,0.0024662608334905817,0.02711104841858703
5.448006217741935,0.9594821337357808,0.00033641711560474354,0.03535290999581914,0.0033043042537839054,0.0015242348990269613
5.649784225806451,0.9313142385668666,0.0005860585222943601,0.03794941902307583,0.0041507485250120695,0.02599953536276671
5.851562233870967,0.9235888846462325,0.0004970527461857491,0.04197188446475519,0.005336205356940738,0.028605972785902673
6.053340241935484,0.9361887332647406,0.000788187862642179,0.05193985207343295,0.006854464212543897,0.004228762586657542
6.25511825,0.9159606611016633,0.0014469671467170066,0.05912987319212582,0.008647821483731409,0.01481467707577956
6.456896258064516,0.8893503809135337,0.0016143847816697519,0.06372660282207404,0.010434357627045842,0.03487427385569336
6.658674266129032,0.9021277693668615,0.0018058668438821698,0.07530091778676135,0.012792677218172378,0.007972768784341187
6.860452274193548,0.867902334286233,0.003166758821141419,0.07614403644660576,0.01479737988834676,0.03798949055769104
7.0622302822580645,0.8131921760145627,0.003288957149056699,0.06842868055404704,0.01698423143664398,0.0981059548457082
7.264008290322581,0.8461471506680863,0.003345032011307043,0.09262281233489299,0.02078757005503189,0.03709743493070211
7.465786298387097,0.8452712967632013,0.005962075912646193,0.11484714205973132,0.023539832869503945,0.010379652394937277
7.667564306451613,0.8111593696926372,0.0071271612648673485,0.12298329857693857,0.026952744863892878,0.03177742560168364
7.869342314516129,0.8070135983954428,0.007564282522731744,0.13671458126692368,0.030255053187983206,0.018452484626937434
8.071120322580645,0.78670953412859,0.011535546923681993,0.13993163460913405,0.031263682386462016,0.030559601952149393
8.27289833064516,0.6968963118397451,0.014259848968399632,0.11274490602980382,0.034263010693028215,0.14183592246904073
8.474676338709678,0.6997073163083762,0.012727357456319952,0.1302793058540733,0.039728399262139114,0.11755762111910856
8.676454346774193,0.7290251324799961,0.019438956736046904,0.19291558132656972,0.04162821095431954,0.01699211850308391
8.87823235483871,0.6672911365512418,0.02421088165015524,0.17823438696891053,0.04444982545946792,0.08581376937024142
9.080010362903225,0.6566076087837229,0.023464033903824014,0.19660063597363303,0.04970947758087443,0.07361824375796122
9.281788370967742,0.6559103500288096,0.03271178462550671,0.22654616148958484,0.04724988463562434,0.03758181922049106
9.483566379032258,0.5929886968894992,0.04339431749767694,0.21034400282495266,0.0527386125245984,0.10053437026328924
9.685344387096773,0.5440688868082418,0.04297000681959354,0.1985021877449109,0.05546993703975715,0.15898898158751493
9.88712239516129,0.5683169361896206,0.05139320250669875,0.28075183439365126,0.061168202653640875,0.03836982425640545
10.088900403225805,0.502907695726383,0.06664753855762984,0.22748077802939562,0.06189346058254135,0.14107052710406684
10.290678411290322,0.4528913094046697,0.06183811473321546,0.17869365527529832,0.06407403018514939,0.24250289040168238
10.492456419354838,0.47600476126052416,0.07549582106663828,0.2811709078944063,0.06945304353095791,0.09787546624748834
10.694234427419355,0.44792657159654664,0.10242049960902436,0.3211067783685031,0.07121565638813572,0.057330494037804214
10.89601243548387,0.39997971393126547,0.11007789089380221,0.3156606267574085,0.07983992332950535,0.09444184508803201
11.097790443548387,0.3916867459163924,0.11704356525054992,0.3502226143944494,0.08579105529407292,0.0552560191445485
11.299568451612902,0.35693220245832646,0.14665453530779415,0.29865795507707044,0.0774834056733194,0.120271901483502
11.50134645967742,0.27801843485020256,0.14603722018064452,0.16308471453054008,0.07659410173086655,0.33626552870775894
11.703124467741935,0.2895942121304913,0.14681676206016295,0.24310948866253498,0.09560562013569354,0.22487391701112963
11.904902475806452,0.28672086699710886,0.20036556786405535,0.3722277032349413,0.08821640067968702,0.052469461224220464
12.106680483870967,0.24854465029233228,0.2164458232430635,0.32908275100550494,0.09415291937252403,0.1117738560865879
12.308458491935484,0.23326806454608703,0.22152511232789457,0.3656949456358935,0.10065027571729683,0.07886160177284084
12.5102365,0.2149591244306348,0.26603288056462854,0.3523538029451729,0.08131345510815025,0.0853407369514255
12.712014508064517,0.16713190116746038,0.2873836648801249,0.23440066098558346,0.08388573811499465,0.22719803485184994
12.913792516129032,0.15022379951395354,0.27237457837294304,0.22236119704253215,0.08585828625260059,0.2691821388179847
13.115570524193547,0.15169914646329077,0.3338919092066769,0.3725491708715248,0.08649979598192632,0.05535997747659534
13.317348532258064,0.12164956055778689,0.362348805398234,0.2668406549133514,0.07935876857577844,0.16980221055486272
13.51912654032258,0.10901052237202127,0.344456112701989,0.24578577372171292,0.08300177817438524,0.21774581302990503
13.720904548387097,0.1020870537181001,0.40762146303863356,0.33082296414744683,0.07444849872212682,0.08502002037370532
13.922682556451612,0.0843654010862815,0.46380607437716614,0.2982674458403528,0.0682571349825818,0.08530394371362998
14.124460564516129,0.06768509499579485,0.46172508403370827,0.26421019849172156,0.0676812336641292,0.13869838881465785
14.326238572580644,0.06346625684239311,0.4907178669652828,0.31697120440206,0.07298518110188482,0.05585949068839298
14.528016580645161,0.05080859619612035,0.5406814920907601,0.2344792677202898,0.059900666380658586,0.11412997761218432
14.729794588709677,0.03801505431870969,0.4994348593507098,0.13945282659134525,0.05523592775189235,0.26786133198735573
14.931572596774194,0.03631956910302987,0.5392998918968694,0.2234957227204013,0.06618092410149132,0.13470389217822135
15.133350604838709,0.02988396384564618,0.6312456804481776,0.24981453478185725,0.05514970952433499,0.03390611139999783
15.335128612903226,0.023475829733909524,0.6429229708097658,0.22126941263335742,0.05445674164021943,0.057875045182760695
15.536906620967741,0.01948178269966315,0.6546456698814596,0.23347327538760543,0.055418531175220484,0.03698074085606516
15.738684629032258,0.01537460306966538,0.7068044558396118,0.19130064180248446,0.04462722674886399,0.04189307253938728
15.940462637096774,0.010035964118372607,0.6888827960597502,0.11001866286646454,0.038214363801608406,0.15284821315381728
16.14224064516129,0.008659468000335069,0.6744567036409174,0.12990306282141575,0.04192670821333187,0.14505405732401347
16.344018653225806,0.006754113334568221,0.7685109896037181,0.16845985064480073,0.03804236761883075,0.01823267879809646
16.54579666129032,0.00466068084109002,0.7769297697245854,0.12407157240482083,0.031027195101268314,0.0633107819282503
16.747574669354837,0.003598903327287747,0.7714542848284233,0.1327564708581255,0.031754169218957316,0.06043617176721944
16.949352677419355,0.0024399420477725837,0.825670187750316,0.12825778075435113,0.026550636279144696,0.01708145316842785
17.15113068548387,0.0013815813724754296,0.8481693242023808,0.08951119933157752,0.01982367316983385,0.04111422192374529
17.352908693548386,0.0008307327501788461,0.8263301898268003,0.08334195846169846,0.01717003564551654,0.0723270833158171
17.5546867016129,0.0005530155640148017,0.8664737342703012,0.09725701752246836,0.01732252819290452,0.018393704450324254
17.75646470967742,0.00029019122921819084,0.8870629560168948,0.06450133011803774,0.012021315984218997,0.036124206651642045
17.958242717741935,0.00018048303664065522,0.8518286955721829,0.05795501461683658,0.01045859993065098,0.07957720684369984
18.16002072580645,0.00016183714484842716,0.8934406423184909,0.06910143803700632,0.010558749690125196,0.02673733280953936
18.361798733870966,0.00020862351289874858,0.9336876395003579,0.05148930072260458,0.007254135729955455,0.007360300534191917
18.563576741935485,0.00029620124653209287,0.9311567630827084,0.043479334314385124,0.0053434884601358465,0.019724212896247446
18.76535475,0.00040664098704348405,0.9372533278033691,0.04486857066035407,0.0051559096595556134,0.012315550889687365
18.967132758064515,0.0005805206985168431,0.9562429110316252,0.030685076739200186,0.0038539581992882944,0.008637533331378464
19.16891076612903,0.0007214556214341708,0.9314649918061129,0.020362664576205863,0.0024827000988143747,0.04496818789744134
19.370688774193546,0.0008543314856202837,0.9363052631523769,0.026470310607428178,0.002793244355415166,0.03357685039916898
19.572466782258065,0.0010485421101617816,0.972677111231448,0.02053492078058724,0.00220412666412761,0.0035352992136830678
19.77424479032258,0.001176524980702694,0.971397111681004,0.013918664994740834,0.0014245103901628837,0.012083187953396109
19.976022798387095,0.0012981503581480749,0.9726571848996475,0.014744825977905229,0.0013884609389894168,0.009911377825317353
20.17780080645161,0.0014279643156798602,0.9838950978248465,0.01059669405001391,0.0011877088738269199,0.002892534935639984
20.37957881451613,0.0015201083565089086,0.9808093196498914,0.005102527034774504,0.0007274457918669412,0.011840599166966972
20.581356822580645,0.0015710287320969056,0.9734156769211694,0.005674865052017845,0.0005945499435500474,0.01874387935117273
20.78313483064516,0.0016809182959285716,0.98813390171217,0.0051855436372386385,0.0006349080689682406,0.004364728285702884
20.984912838709675,0.001742750427425578,0.9883297878468268,0.0022855778120174403,0.00043726528353026204,0.007204618630208506
21.186690846774194,0.0017680736638605464,0.9834255129052819,0.0025440937837171488,0.0003686428717708989,0.011893676775380474
21.38846885483871,0.0018218744187253918,0.9915389585349376,0.0022362435481971072,0.00040247947833995393,0.004000444019810295
21.590246862903225,0.0018564930151010392,0.9942319414844657,0.00108296718596733,0.00034505801928511097,0.002483540295191203
21.79202487096774,0.0018713319360690434,0.9919864818579869,0.0007661967067851553,0.0002787391714442002,0.005097250327722439
21.99380287903226,0.0018823456543018249,0.9937645948869824,0.0008360946358370902,0.0002801322127996836,0.00323683261008586
22.195580887096774,0.0018836055683292617,0.9944637544678073,0.0009130413150255075,0.00029718904123044853,0.0024424096076162316
22.39735889516129,0.0018695008539001718,0.9903182588641728,0.0008536113646724039,0.0002661695375966477,0.006692459379669549
22.599136903225805,0.0018793778183971664,0.9927568851817958,0.0008248914464757324,0.000261365182709262,0.0042774803706361565
22.80091491129032,0.0018851315007909271,0.9948860611795924,0.0013374971258520928,0.00028452797962961275,0.00160678221414902
23.00269291935484,0.0018774890166064222,0.9941799264843534,0.0015519513346685554,0.0002764672852713123,0.00211416587911506
23.204470927419354,0.0018712348141045711,0.9943781805721944,0.001563378743392497,0.0002703701300163345,0.0019168357403081728
23.40624893548387,0.001867417112315023,0.9942974118602874,0.0020647702842305515,0.0002743618439524265,0.0014960388992324935
23.608026943548385,0.001861665008053715,0.9932856208647302,0.0024716518778453867,0.0002698668135049309,0.0021111954358835794
23.809804951612904,0.0018550788395714844,0.9934186453013262,0.002285863233490115,0.0002582538441874493,0.002182158781442539
24.01158295967742,0.001848602214176158,0.9938178199488273,0.002586628489338634,0.00025114213252298037,0.001495807215153578
24.213360967741934,0.0018414576065584726,0.993490054339482,0.00290496898254219,0.0002460300156040244,0.001517489055833288
24.41513897580645,0.0018382809201047392,0.9935429570726529,0.0028593913462984506,0.00023986214042605666,0.0015195085205391688
24.61691698387097,0.001836502795300285,0.9934852153893966,0.0030197098003012387,0.00023538596815209743,0.0014231860468714528
24.818694991935484,0.0018347027892295785,0.993383800270512,0.0031423345742649334,0.00023225534425610044,0.0014069070217590078
25.020473,0.0018344031978076076,0.9934098309970355,0.003117029084706426,0.00023136648438184935,0.0014073702360902982
