tg,0,2,7,25,other
0.0,1.0,0.0,0.0,0.0,0.0
0.20177800806451612,0.9999997613273439,1.429706669151052e-14,2.2915145243417146e-08,1.9273906215480755e-14,2.157574784429234e-07
0.40355601612903225,0.9999550984198439,7.566140221059126e-13,6.435285972224989e-07,3.021511329941073e-12,4.4258047783719075e-05
0.6053340241935483,0.999726182249029,1.783060667883478e-11,3.5195685557353878e-06,3.477263306078363e-11,0.00027029812981664347
0.8071120322580645,0.9997569760300351,5.417232828437681e-11,1.0641284438732083e-05,4.269552212694226e-10,0.00023238220440379405
1.0088900403225807,0.999959849124649,2.544425158861215e-10,2.787787541214646e-05,3.5168487254493914e-09,1.2269228653088185e-05
1.2106680483870966,0.9995704309827607,1.503669511256601e-09,5.748504289418386e-05,1.1465276851647693e-08,0.00037207100540499104
1.4124460564516128,0.999632040150535,5.371185983723013e-10,0.00010270411805403767,4.041370708870327e-08,0.000265214780592328
1.614224064516129,0.9997819231190328,1.1506549739699124e-08,0.00019437469197887953,1.5219482243423428e-07,2.3538487623534386e-05
1.8160020725806452,0.9985484325078583,4.796398621767439e-08,0.00033809838035609574,4.1284615065121826e-07,0.0011130083016568394
2.0177800806451613,0.997697726297837,6.02743780546144e-08,0.0005048921518352337,8.973116596712763e-07,0.00179642396429881
2.2195580887096775,0.9991746478943815,1.0835474912496789e-07,0.0007532268882898363,2.1209982450435692e-06,6.98958643454254e-05
2.4213360967741933,0.9958715946699757,4.593739536938994e-07,0.0010929688451214409,4.160590581035805e-06,0.003030816520381293
2.6231141048387094,0.9937739220087334,4.1022218493549893e-07,0.0014851079190182314,7.780541779031233e-06,0.004732779308296776
2.8248921129032256,0.9971989536347766,6.715771248301887e-07,0.002122736381433045,1.6063565806663005e-05,0.0006615748408774624
3.026670120967742,0.9960168412049577,2.736159262741476e-06,0.002989505233800089,2.9800785188000382e-05,0.000961116616809204
3.228448129032258,0.9925607095482653,3.7121659188176973e-06,0.003848276754740643,4.651286977268595e-05,0.003540788661319741
3.430226137096774,0.9940522594457408,4.241404984389665e-06,0.004906733305990448,7.885252263327071e-05,0.0009579133206648599
3.6320041451612903,0.9894041724091837,1.4019448284361135e-05,0.0063306731163080944,0.00013042072247211855,0.004120714303765225
3.8337821532258065,0.9752390772926856,2.0141972333488186e-05,0.007609447524046548,0.0001982317929665356,0.01693310141798287
4.035560161290323,0.9825366894824574,1.2826320273084448e-05,0.009713378552605475,0.00031306669016697037,0.007424038954512014
4.237338169354839,0.9859185156515354,4.2478128809721904e-05,0.012591793854681526,0.00047309993936136413,0.000974112425626541
4.439116177419355,0.9758754984251378,6.27562538537132e-05,0.014930730456600138,0.0006432445499712178,0.008487770314453911
4.640894185483871,0.9769035357945537,6.0481738965989744e-05,0.017820023111330376,0.0009220277124931721,0.004293931642670405
4.8426721935483865,0.9751221803953132,0.00013966792512789194,0.02158198803678158,0.0013397651848240054,0.0018163984579663193
5.044450201612903,0.9493527640878666,0.000247093409988918,0.02434122321347075,0.0018451798469587405,0.0242137394417274
5.246228209677419,0.9425542562485903,0.0002092356305289359,0.02765919886884208,0.002466260833490591,0.027111048418560012
5.448006217741935,0.9594821337357987,0.00033641711560476853,0.03535290999582219,0.0033043042537840256,0.0015242348990038288
5.649784225806451,0.9313142385668779,0.0005860585222943846,0.03794941902308117,0.004150748525012158,0.02599953536274658
5.851562233870967,0.9235888846462432,0.0004970527461857779,0.04197188446475873,0.005336205356940883,0.028605972785885374
6.053340241935484,0.9361887332647549,0.0007881878626422166,0.05193985207343863,0.006854464212543237,0.0042287625866350405
6.25511825,0.9159606611016781,0.0014469671467171132,0.05912987319213301,0.008647821483730807,0.014814677075754946
6.456896258064516,0.8893503809135476,0.0016143847816698944,0.06372660282208008,0.010434357627045289,0.034874273855672044
6.658674266129032,0.9021277693668742,0.001805866843882375,0.07530091778676921,0.012792677218171405,0.007972768784319286
6.860452274193548,0.867902334286246,0.0031667588211417045,0.07614403644661435,0.014797379888346406,0.037989490557667614
7.0622302822580645,0.8131921760145729,0.0032889571490569073,0.06842868055406064,0.01698423143664152,0.09810595484568475
7.264008290322581,0.8461471506680976,0.0033450320113073712,0.09262281233490607,0.020787570055029292,0.0370974349306782
7.465786298387097,0.8452712967632087,0.0059620759126467774,0.11484714205974897,0.023539832869498522,0.0103796523949158
7.667564306451613,0.8111593696926397,0.007127161264868039,0.12298329857696003,0.02695274486388645,0.031777425601663904
7.869342314516129,0.8070135983954461,0.007564282522732444,0.1367145812669496,0.030255053187974827,0.01845248462691607
8.071120322580645,0.7867095341285941,0.011535546923683571,0.13993163460915534,0.031263682386454335,0.030559601952132212
8.27289833064516,0.6968963118397419,0.014259848968401703,0.11274490602982186,0.034263010693025626,0.14183592246902826
8.474676338709678,0.6997073163083705,0.012727357456321552,0.13027930585409656,0.03972839926213631,0.11755762111909503
8.676454346774193,0.7290251324799909,0.01943895673604908,0.19291558132659706,0.04162821095432008,0.01699211850306145
8.87823235483871,0.6672911365512381,0.024210881650158222,0.17823438696892752,0.044449825459465166,0.08581376937023102
9.080010362903225,0.6566076087837185,0.02346403390382681,0.19660063597365499,0.04970947758087957,0.07361824375793886
9.281788370967742,0.6559103500287987,0.03271178462551036,0.22654616148960827,0.04724988463562879,0.03758181922047309
9.483566379032258,0.5929886968894861,0.04339431749768233,0.2103440028249589,0.052738612524608,0.10053437026328516
9.685344387096773,0.5440688868082284,0.04297000681959895,0.19850218774492168,0.055469937039777914,0.15898898158749375
9.88712239516129,0.5683169361896091,0.05139320250670486,0.28075183439365803,0.06116820265366784,0.0383698242563806
10.088900403225805,0.5029076957263701,0.06664753855763703,0.22748077802939415,0.06189346058256989,0.14107052710404885
10.290678411290322,0.4528913094046582,0.061838114733222545,0.17869365527528222,0.06407403018516837,0.2425028904016884
10.492456419354838,0.47600476126051405,0.07549582106664607,0.2811709078944063,0.06945304353097992,0.09787546624747465
10.694234427419355,0.4479265715965381,0.10242049960903547,0.3211067783685055,0.07121565638815297,0.0573304940377889
10.89601243548387,0.3999797139312598,0.11007789089381556,0.3156606267574098,0.07983992332951952,0.09444184508801698
11.097790443548387,0.3916867459163863,0.11704356525056366,0.35022261439446317,0.08579105529408422,0.055256019144524625
11.299568451612902,0.35693220245831675,0.14665453530780762,0.2986579550770979,0.07748340567333156,0.12027190148346689
11.50134645967742,0.27801843485018907,0.1460372201806571,0.16308471453055776,0.07659410173085998,0.33626552870775767
11.703124467741935,0.2895942121304809,0.1468167620601757,0.24310948866255283,0.0956056201356781,0.22487391701113357
11.904902475806452,0.28672086699709776,0.20036556786407456,0.3722277032349889,0.08821640067966068,0.05246946122419948
12.106680483870967,0.24854465029231804,0.21644582324308465,0.32908275100555145,0.09415291937250293,0.11177385608656498
12.308458491935484,0.23326806454607057,0.2215251123279169,0.3656949456359388,0.100650275717269,0.07886160177282668
12.5102365,0.2149591244306197,0.26603288056465435,0.352353802945204,0.0813134551081375,0.08534073695140522
12.712014508064517,0.16713190116744694,0.28738366488015266,0.23440066098561124,0.08388573811499685,0.22719803485181497
12.913792516129032,0.15022379951393933,0.2723745783729698,0.22236119704253818,0.08585828625258944,0.26918213881798647
13.115570524193547,0.15169914646327448,0.33389190920670436,0.37254917087153416,0.08649979598192832,0.055359977476581425
13.317348532258064,0.12164956055776856,0.3623488053982649,0.26684065491334147,0.07935876857577871,0.1698022105548691
13.51912654032258,0.10901052237200307,0.3444561127020227,0.24578577372171725,0.08300177817441126,0.2177458130298686
13.720904548387097,0.10208705371808457,0.4076214630386712,0.3308229641474282,0.07444849872214125,0.08502002037369756
13.922682556451612,0.08436540108626937,0.46380607437719906,0.2982674458403267,0.06825713498261024,0.085303943713617
14.124460564516129,0.06768509499578108,0.46172508403373935,0.26421019849170635,0.0676812336641643,0.13869838881463142
14.326238572580644,0.06346625684238114,0.4907178669653182,0.3169712044020346,0.07298518110190898,0.05585949068838078
14.528016580645161,0.05080859619611395,0.5406814920908002,0.23447926772026398,0.05990066638066726,0.11412997761217837
14.729794588709677,0.03801505431870641,0.4994348593507407,0.1394528265913346,0.055235927751908206,0.2678613319873346
14.931572596774194,0.036319569103025376,0.5392998918969085,0.22349572272039891,0.06618092410149741,0.13470389217819356
15.133350604838709,0.0298839638456384,0.631245680448225,0.24981453478184643,0.05514970952434162,0.033906111399973876
15.335128612903226,0.023475829733902154,0.6429229708098095,0.22126941263335492,0.0544567416402134,0.057875045182744105
15.536906620967741,0.019481782699656856,0.654645669881499,0.23347327538761103,0.05541853117521656,0.03698074085603949
15.738684629032258,0.015374603069658389,0.7068044558396555,0.1913006418024976,0.044627226748849454,0.04189307253936166
15.940462637096774,0.01003596411836341,0.6888827960597975,0.11001866286646148,0.0382143638015769,0.15284821315382355
16.14224064516129,0.008659468000326874,0.6744567036409631,0.1299030628214252,0.04192670821331366,0.14505405732399532
16.344018653225806,0.00675411333456314,0.7685109896037707,0.16845985064480826,0.03804236761880978,0.018232678798073113
16.54579666129032,0.00466068084108749,0.7769297697246389,0.12407157240482372,0.031027195101262502,0.06331078192821421
16.747574669354837,0.0035989033272852532,0.7714542848284754,0.13275647085811446,0.0317541692189444,0.06043617176720582
16.949352677419355,0.002439942047770429,0.8256701877503644,0.1282577807543386,0.02655063627914186,0.017081453168408436
17.15113068548387,0.0013815813724741028,0.8481693242024315,0.0895111993315656,0.019823673169835018,0.041114221923718046
17.352908693548386,0.0008307327501787999,0.8263301898268537,0.0833419584616741,0.017170035645517463,0.0723270833157994
17.5546867016129,0.0005530155640149979,0.8664737342703541,0.09725701752244693,0.01732252819290712,0.018393704450301487
17.75646470967742,0.00029019122921636526,0.8870629560169496,0.06450133011801369,0.012021315984222132,0.03612420665162213
17.958242717741935,0.00018048303663811843,0.8518286955722402,0.05795501461682286,0.010458599930662615,0.07957720684365978
18.16002072580645,0.0001618371448471038,0.8934406423185469,0.06910143803697583,0.010558749690134496,0.02673733280951833
18.361798733870966,0.0002086235128988897,0.9336876395004061,0.05148930072257927,0.0072541357299618255,0.007360300534175565
18.563576741935485,0.0002962012465314614,0.9311567630827565,0.04347933431436573,0.005343488460142968,0.01972421289622546
18.76535475,0.00040664098704258964,0.9372533278034205,0.04486857066033088,0.00515590965956059,0.012315550889669567
18.967132758064515,0.0005805206985168139,0.9562429110316739,0.03068507673918158,0.0038539581992928485,0.008637533331358372
19.16891076612903,0.0007214556214349088,0.9314649918061569,0.020362664576191493,0.002482700098813094,0.04496818789742768
19.370688774193546,0.0008543314856208037,0.9363052631524243,0.02647031060742531,0.0027932443554183326,0.03357685039913566
19.572466782258065,0.0010485421101611339,0.9726771112314982,0.020534920780575044,0.00220412666413121,0.003535299213657767
19.77424479032258,0.0011765249807010136,0.9713971116810483,0.013918664994735147,0.0014245103901644543,0.012083187953373292
19.976022798387095,0.0012981503581465906,0.9726571848996892,0.014744825977898052,0.0013884609389886856,0.009911377825299425
20.17780080645161,0.001427964315678886,0.983895097824888,0.010596694050008817,0.0011877088738246012,0.002892534935620482
20.37957881451613,0.0015201083565074814,0.9808093196499331,0.005102527034772757,0.000727445791865346,0.011840599166942729
20.581356822580645,0.0015710287320949644,0.9734156769212106,0.005674865052010566,0.000594549943548031,0.018743879351155308
20.78313483064516,0.0016809182959271192,0.9881339017122115,0.005185543637234104,0.0006349080689668128,0.004364728285680928
20.984912838709675,0.0017427504274248587,0.9883297878468682,0.002285577812009516,0.0004372652835321218,0.007204618630185763
21.186690846774194,0.0017680736638611447,0.9834255129054894,0.00254409378371718,0.0003686428717756409,0.011893676775178592
21.38846885483871,0.0018218744187254983,0.9915389585351009,0.0022362435481933386,0.000402479478358849,0.0040004440196452625
21.590246862903225,0.0018564930151014204,0.9942319414846313,0.0010829671859561268,0.0003450580192997527,0.002483540295033753
21.79202487096774,0.00187133193607008,0.9919864818581695,0.0007661967067782446,0.00027873917144414996,0.005097250327557793
21.99380287903226,0.001882345654302963,0.9937645948871651,0.0008360946358272579,0.0002801322128096415,0.003236832609913218
22.195580887096774,0.0018836055683306052,0.9944637544679178,0.0009130413150036541,0.000297189041238252,0.0024424096075277846
22.39735889516129,0.0018695008539016582,0.9903182588642452,0.0008536113646539158,0.00026616953760203485,0.006692459379616796
22.599136903225805,0.0018793778183985284,0.9927568851818868,0.0008248914464599752,0.00026136518271035553,0.004277480370567503
22.80091491129032,0.00188513150079308,0.994886061179696,0.0013374971258228868,0.0002845279796302293,0.0016067822140817716
23.00269291935484,0.0018774890166090958,0.9941799264844497,0.001551951334637,0.0002764672852835073,0.0021141658790461964
23.204470927419354,0.0018712348141074811,0.9943781805722859,0.0015633787433605626,0.0002703701300310467,0.0019168357402416002
23.40624893548387,0.001867417112317801,0.9942974118603993,0.0020647702841930958,0.00027436184397030286,0.0014960388991484036
23.608026943548385,0.0018616650080566226,0.993285620864853,0.0024716518778040947,0.0002698668135223877,0.002111195435791798
23.809804951612904,0.0018550788395747925,0.993418645301442,0.002285863233448603,0.0002582538442050887,0.0021821587813569206
24.01158295967742,0.0018486022141794064,0.9938178199489408,0.0025866284892964576,0.000251142132546051,0.0014958072150639135
24.213360967741934,0.0018414576065616647,0.9934900543395966,0.0029049689824984675,0.00024603001562605487,0.0015174890557450743
24.41513897580645,0.0018382809201079027,0.9935429570727685,0.0028593913462545365,0.0002398621404476223,0.001519508520450401
24.61691698387097,0.0018365027953035917,0.9934852153895094,0.003019709800255897,0.0002353859681722789,0.0014231860467879846
24.818694991935484,0.0018347027892329907,0.9933838002706235,0.0031423345742194846,0.0002322553442766562,0.0014069070216767
25.020473,0.0018344031978295534,0.9934098309979003,0.0031170290835995412,0.00023136648441831885,0.0014073702362800368
