[Parallel(n_jobs=6)]: Using backend LokyBackend with 6 concurrent workers.
sigmaX_fidelity_import_paras.py
Current Mountain Time: 2024-11-15 16:04:58.330670-07:00
para_tot =
[20.0, 0.236014, 0.210179, 0.325496, 0.377853, 0.0]
[25.0, 0.221721, 0.211883, 0.329296, 0.371963, 0.0]
[30.0, 0.213381, 0.20848, 0.33484, 0.370759, 0.0]
[35.0, 0.23764, 0.174945, 0.323456, 0.383149, 0.0]
[40.0, 0.198725, 0.196598, 0.322698, 0.35027, 0.0]
[45.0, 0.191642, 0.193185, 0.312935, 0.337679, 0.0]
truc1= 300 , n_job= 6 , n_cpu= 20
drive_phi= True ; drive_theta =  False
num of truncation = 159
0, 2, 3, 4, 8, 9, 10, 11, 15, 16 ,
18, 19, 20, 23, 24, 25, 28, 31, 33, 35 ,
37, 39, 40, 42, 43, 46, 47, 49, 51, 53 ,
55, 56, 57, 60, 62, 64, 66, 67, 69, 70 ,
73, 76, 77, 79, 81, 83, 85, 86, 88, 91 ,
92, 95, 96, 98, 100, 101, 102, 104, 106, 108 ,
110, 112, 113, 116, 118, 120, 121, 123, 126, 128 ,
130, 132, 133, 136, 137, 139, 141, 143, 145, 146 ,
148, 151, 153, 154, 156, 158, 159, 162, 164, 166 ,
167, 169, 170, 173, 174, 176, 179, 181, 183, 185 ,
186, 188, 190, 191, 194, 196, 198, 200, 202, 205 ,
206, 208, 209, 212, 213, 216, 218, 220, 222, 223 ,
226, 227, 229, 230, 232, 234, 237, 239, 241, 242 ,
245, 246, 248, 250, 252, 253, 255, 257, 259, 262 ,
264, 265, 267, 269, 271, 273, 275, 276, 279, 281 ,
282, 283, 286, 288, 290, 291, 292, 294, 297 ,
[Parallel(n_jobs=6)]: Done   3 out of   6 | elapsed: 10.9min remaining: 10.9min
[Parallel(n_jobs=6)]: Done   6 out of   6 | elapsed: 11.1min finished

log of gate error = 
-0.29728462, -0.34541384, -0.39114753, -0.44038518 ,
-0.52528591, -0.70397332 ,

fidelity = 
0.49566933, 0.54857443, 0.59369471, 0.63724382 ,
0.70165821, 0.80229089 ,
Current Mountain Time: 2024-11-15 16:16:50.049840-07:00
52006.86user 1293.71system 11:59.54elapsed 7407%CPU (0avgtext+0avgdata 36685364maxresident)k
0inputs+104outputs (164major+142922548minor)pagefaults 0swaps


tg =  [20.0, 25, 30.0, 35.0, 40.0, 45.0]
log of gate error = 
-0.84089321, -1.3118481 , -1.78659532, -2.16511551, -2.44944238 ,
-2.83137781 ,
fidelity = 
0.855753, 0.9512301 , 0.98365426, 0.9931627, 0.99644731 ,
0.99852558 ,