Single Qubit Data Summary:
scqubits version: 4.3.1
First 10 Eigenvalues (GHz): [ 6.4101942   8.91739128  9.75537403  9.89385987 11.2555757  12.17069141
 12.32276447 13.39276607 14.20640679 14.52022001]
hspace theta size: 1000
hspace phi size: 1000
hspace mixed size: 1000
n_theta matrix elements for bottom 10 states (GHz):
 [[-0.     1.304 -0.    -0.     0.    -0.013 -0.008  0.052  0.    -0.   ]
 [ 1.304  0.     0.027 -0.024 -1.777 -0.    -0.     0.    -0.124 -0.023]
 [-0.     0.027  0.     0.     0.     1.252 -0.237  0.139 -0.     0.   ]
 [-0.    -0.024  0.    -0.     0.    -0.211 -1.258 -0.132  0.     0.   ]
 [ 0.    -1.777  0.     0.    -0.     0.365  0.229 -1.996 -0.     0.   ]
 [-0.013 -0.     1.252 -0.211  0.365  0.    -0.     0.    -1.357  0.639]
 [-0.008 -0.    -0.237 -1.258  0.229 -0.    -0.    -0.    -0.398 -1.585]
 [ 0.052  0.     0.139 -0.132 -1.996  0.    -0.     0.    -1.647 -0.35 ]
 [ 0.    -0.124 -0.     0.    -0.    -1.357 -0.398 -1.647 -0.     0.   ]
 [-0.    -0.023  0.     0.     0.     0.639 -1.585 -0.35   0.     0.   ]]
