0
0
1
2
4
5
8
9
12
13
16
18
20
21
24
25
26
28
30
33
34
35
36
39
42
44
45
46
52
53
54
55
57
59
60
64
65
66
68
70
73
76
77
78
81
82
83
86
89
90
92
93
97
98
100
102
103
105
106
109
111
112
114
116
121
123
124
125
128
129
131
132
135
136
138
140
141
144
145
147
151
152
153
155
160
161
162
165
168
169
170
171
174
175
178
179
180
183
184
192
193
194
195
196
197
202
203
204
205
206
207
210
213
214
216
217
222
223
224
225
230
231
232
235
238
241
244
245
248
249
250
252
253
254
256
260
261
262
263
264
265
267
270
271
275
276
283
284
285
289
290
293
294
295
298
299
301
303
305
306
307
310
311
314
315
317
318
319
322
324
327
329
333
334
337
338
339
342
346
348
350
351
352
353
356
358
361
362
363
364
366
369
370
372
373
378
379
381
384
385
389
390
391
393
395
398
399
403
404
405
406
409
413
414
416
417
418
419
420
421
422
428
429
430
432
436
437
444
445
449
453
454
455
456
457
458
459
462
463
464
465
466
469
470
471
472
479
480
484
485
486
487
490
491
494
495
498
499
