tg,2-2,0-2,8-2,5-2,other
0.0,1.0,0.0,0.0,0.0,0.0
1.011872255952381,0.9999998836663613,5.127513259642885e-17,1.0139601353120259e-08,6.505205648905772e-08,4.1141980759282226e-08
2.023744511904762,0.9999955948544829,1.2710197926359738e-14,1.6794520178966714e-07,3.847044602490702e-06,3.9015569986819406e-07
3.035616767857143,0.9999971977142389,2.6340741045152155e-13,8.707025306280593e-07,1.4198626849630836e-06,5.117202823418007e-07
4.047489023809524,0.9999832441709317,2.2693639311212316e-12,2.5091721130354157e-06,1.259197174095812e-05,1.6546829452106843e-06
5.059361279761905,0.9999870273902736,1.3965216773801257e-11,6.914248166967157e-06,4.278835370057659e-06,1.7795122240288865e-06
6.071233535714286,0.9999686803200556,5.6736872306527983e-11,1.410992722167134e-05,1.4403037300590633e-05,2.806658685230942e-06
7.083105791666666,0.9999603287843966,2.1120603575481015e-10,2.8005010635605603e-05,7.254235285895564e-06,4.411758475836256e-06
8.094978047619048,0.9998764478993979,6.212927038001319e-10,4.59507701318672e-05,6.732301140848499e-05,1.0277697769010478e-05
9.106850303571429,0.9998775081174135,1.6705601601295753e-09,7.96881218570843e-05,3.268257837604426e-05,1.0119511793079273e-05
10.11872255952381,0.9998027410576688,3.830692433631944e-09,0.00011505122532474689,6.796001487811364e-05,1.424387143581782e-05
11.13059481547619,0.9997669802930643,9.037436852735823e-09,0.0001822608152573956,3.59280788801065e-05,1.4821775361360075e-05
12.142467071428571,0.9996612829970493,1.801772394641674e-08,0.0002551846185854143,6.530616613616697e-05,1.8208200505429303e-05
13.154339327380953,0.999536665084342,3.707664696206345e-08,0.0003739220479710561,6.599259363525634e-05,2.3383197404802628e-05
14.166211583333332,0.9992852894092397,6.757861440155929e-08,0.00048346077056989425,0.00019600593902558338,3.517630255051586e-05
15.178083839285714,0.999089399691436,1.242319721830279e-07,0.0006791232798230262,0.00019341055711933285,3.794223964961647e-05
16.189956095238095,0.9989950897954772,2.09506510390133e-07,0.0008592007276749839,0.00011171906284951222,3.378090748791668e-05
17.201828351190475,0.9986863341732297,3.684682821528519e-07,0.0011509157364477417,0.00012704511013690996,3.5336511903546355e-05
18.213700607142858,0.9983612435275706,5.845379543178317e-07,0.0014404217611260468,0.00015611491485636,4.163525849264683e-05
19.225572863095238,0.9977486047145965,9.650123734117874e-07,0.0018721500637898913,0.0003175314054547659,6.074880378539162e-05
20.23744511904762,0.9974157027778745,1.4716636155073379e-06,0.0022480312990338885,0.00027287659256954136,6.191766690676656e-05
21.249317375,0.9964578032624608,2.28198034595636e-06,0.0028272610727590433,0.000618342587373217,9.431109706094274e-05
22.26118963095238,0.9963863252694334,3.3749910306115296e-06,0.0034241199817818743,0.00012499390510802558,6.118585264613927e-05
23.273061886904763,0.9954216751163315,5.109504906947736e-06,0.004199302259371672,0.0003003239733863836,7.358914600325009e-05
24.284934142857143,0.9946713996668595,7.285966675642288e-06,0.005001699961347639,0.0002331207982844583,8.649360683271658e-05
25.296806398809522,0.9928104859787867,1.064578776453384e-05,0.006018114409298343,0.0009881197627454438,0.00017263406140490272
26.308678654761906,0.9925810071684703,1.4847255266350408e-05,0.007063754172667878,0.0002303365708305489,0.0001100548327651252
27.320550910714285,0.990246528438653,2.077103816236377e-05,0.008245680418962434,0.0012582635633789855,0.00022875654084304525
28.332423166666665,0.9898862702527917,2.8642222679331044e-05,0.009783287959635595,0.00017304039370724078,0.00012875917118608963
29.344295422619048,0.9878233636122078,3.945432400745854e-05,0.01135417680450692,0.0006181332683079777,0.0001648719909699429
30.356167678571428,0.9863584219622435,5.299240696896818e-05,0.013187496673069897,0.00024152509292375075,0.00015956386479388965
31.36803993452381,0.982410453688989,7.131463043582911e-05,0.01494711519066778,0.002129504262189435,0.00044161222771793145
32.37991219047619,0.982016502515783,9.435953648225591e-05,0.017429331662451995,0.00027464276774262394,0.00018516351753997452
33.391784446428574,0.9782221130150626,0.00012309119480663106,0.01939382234879058,0.0018218828763994887,0.00043909056494095117
34.40365670238095,0.9766658567902308,0.0001624104726101008,0.022591561301428968,0.00035855315515037655,0.00022161828057939281
35.41552895833333,0.9730390488197339,0.00020953114059935393,0.025269767361982606,0.0011519408940298633,0.0003297117836539321
36.427401214285716,0.97023508137386,0.00027041908939008544,0.02889228570251324,0.000354937570883413,0.00024727626335327777
37.43927347023809,0.964061911143623,0.0003428034880038424,0.031348782853665366,0.003298014962477064,0.0009484875522305923
38.451145726190475,0.9620802556023147,0.0004374922988322805,0.03618579157959906,0.0008926124886198569,0.0004038480306339387
39.46301798214286,0.9574208462510321,0.0005440217902601301,0.03936738334110505,0.001974440243617783,0.0006933083739850934
40.47489023809524,0.9533665966690006,0.0006932959383725097,0.044817780778035395,0.0007221686583916915,0.0004001579561999644
41.48676249404762,0.9477623373539463,0.0008532300742552999,0.048879048372195824,0.0017961735609581945,0.0007092106386443613
42.49863475,0.9422560602951182,0.001067056020435833,0.05495458737289182,0.0011078633045631626,0.0006144330069910608
43.510507005952384,0.934888622599943,0.0012971388922627667,0.058357660882591186,0.003769839173677642,0.001686738451525272
44.52237926190476,0.9290605242222318,0.0016046680424634011,0.06570986656626003,0.0024054163670236967,0.0012195248020212001
45.53425151785714,0.9241791860914956,0.0019333604732362404,0.07135881647455858,0.0016166635543865915,0.0009119734063228613
46.546123773809526,0.9165118611071917,0.0023847358336427493,0.07908334701277721,0.001252899998496954,0.0007671560478914726
47.5579960297619,0.9087393414684188,0.00283902072462712,0.08487393635961159,0.002218325744948847,0.0013293757023939245
48.569868285714286,0.8986043048704866,0.003447956764161766,0.09288566636094812,0.003063287983238294,0.0019987840211654127
49.58174054166667,0.8916929313575339,0.004082251884220159,0.09903308232557184,0.0030555115564715155,0.0021362228762025703
50.593612797619045,0.8803234087665137,0.004889576689039681,0.10722650699396845,0.0044276876666535965,0.0031328198838243473
51.60548505357143,0.8747415943939099,0.0057720499328758985,0.11739774026272147,0.0011228222699930489,0.0009657931404995331
52.61735730952381,0.8630728634965845,0.006897204629445136,0.1265833973746439,0.001971737504371425,0.0014747969949550376
53.62922956547619,0.853186818874317,0.008034502386751265,0.13493570062533636,0.002029808192052085,0.0018131699215429863
54.64110182142857,0.8370081386817049,0.009458503767450095,0.14178765713379737,0.0060254981588142706,0.005720202258233433
55.652974077380954,0.8309269203096212,0.011026805241435095,0.15456048541870815,0.0016840739569552645,0.0018017150732802915
56.66484633333333,0.8145848606436137,0.012783078759097437,0.1606486729440547,0.005829480951474412,0.006153906701759651
57.67671858928571,0.8063964627358411,0.014880588264427943,0.17667600289509638,0.0009156125780190517,0.0011313335266155081
58.688590845238096,0.7910394156371121,0.017254123767851674,0.18560340766226344,0.002935819274943422,0.0031672336578294842
59.70046310119048,0.7790554383718091,0.019810080507227656,0.19807654033935568,0.0013133649190837575,0.0017445758625238197
60.712335357142855,0.7576538595361823,0.02257004030495206,0.19873876817548727,0.008626982833948204,0.012410349149430113
61.72420761309524,0.7502869545763593,0.026035505455984514,0.22126149851048663,0.000973424240259229,0.0014426172169101049
62.73607986904762,0.7318931445441197,0.02935359964646514,0.22414779922825429,0.00569284588354548,0.008912610697615569
63.747952125,0.7191477546793456,0.03373120946233054,0.24438869708044886,0.0010371981503336293,0.0016951406275412964
64.75982438095238,0.7009822141312477,0.03803674511772788,0.250589359090456,0.003939495391135824,0.0064521862694326745
65.77169663690476,0.686310260874279,0.04313631204469914,0.2678993071651117,0.0009509493547528037,0.0017031705611575962
66.78356889285715,0.6633705501607201,0.04774985246453562,0.26019747527842885,0.009100258406651164,0.01958186368966443
67.79544114880953,0.6513582054529395,0.05441268734463474,0.2891231324036298,0.0016785246556310874,0.0034274501431644606
68.8073134047619,0.6338581929991989,0.060184044676694706,0.2922389608638485,0.004266477234549189,0.00945232422570846
69.81918566071428,0.6163067428497229,0.0680208131165395,0.3117004952900423,0.0012543602088190692,0.002717588534876309
70.83105791666667,0.5968314491968023,0.07485490078393633,0.3131781716948368,0.004321096730738627,0.010814381593685916
71.84293017261905,0.5785023501111474,0.08369980639112067,0.33125451776021586,0.001771039243792136,0.004772286493724113
72.85480242857143,0.5583008180701694,0.09097347842836359,0.3213001520148007,0.0071122961397014585,0.022313255346964586
73.86667468452382,0.5404999601653303,0.10167305174331381,0.3451598498944891,0.003095377171099046,0.009571761025767726
74.87854694047618,0.5249247192151696,0.11114080303403115,0.3538523140598682,0.0025079733545746155,0.007574190336356511
75.89041919642857,0.5043975046956964,0.12306650692934783,0.36675421897174443,0.0014581465760642874,0.004323622827147154
76.90229145238095,0.4856047295862228,0.13299322623524,0.3642950406849237,0.0036293829026609087,0.013477620590952455
77.91416370833333,0.4640233783004839,0.14587295629382643,0.37271582521876995,0.0034211785003091175,0.013966661686610697
78.92603596428572,0.4484811601782578,0.1574338421709406,0.37251089127020065,0.004002144836770944,0.017571961543829954
79.9379082202381,0.42758640535385617,0.17142820369075223,0.37979422102257676,0.0038349468546342246,0.017356223078180414
80.94978047619048,0.413178321439234,0.18581555243776998,0.3946864778133159,0.001261694275662309,0.005057954034017535
81.96165273214285,0.39255999032081595,0.20137911478144035,0.3972496721253575,0.0016688232808036683,0.007142399491582359
82.97352498809524,0.37599028067124374,0.2152639602240788,0.3949154012461653,0.00222934941875038,0.011601008439761981
83.98539724404762,0.3539656652982399,0.23035030674857804,0.3839836005991198,0.004517592687482987,0.02718283466657934
84.9972695,0.34185896427809676,0.24815654011542998,0.3995232592065562,0.0015281156256918903,0.008933120774225051
86.00914175595238,0.3223509813201303,0.2634736896881311,0.3893550596455141,0.0033362215560085546,0.021484047790216215
87.02101401190477,0.3084650268139534,0.2831351812974982,0.40405589585741275,0.0006703679652210537,0.0036735280659145656
88.03288626785714,0.2904209424415753,0.3006151546043908,0.3955350254435825,0.0017757951648589856,0.011653082345592598
89.04475852380952,0.2765993200445227,0.3192343391755065,0.39677642615565323,0.0009386840980074628,0.006451230526310166
90.0566307797619,0.2578826029289399,0.3333029790744084,0.36805058416557174,0.004230549205051245,0.03653328462602865
91.06850303571429,0.2471898025494646,0.35769704296044635,0.3912005853506884,0.0004889236336025727,0.0034236455057980574
92.08037529166667,0.23224451639331084,0.37313161411537904,0.373318897832938,0.002132042326857951,0.01917292933151414
93.09224754761905,0.21946604682944024,0.3965689648099094,0.3803346152678069,0.00041601624178098603,0.003214356851062367
94.10411980357142,0.20551781976709205,0.4134180681062136,0.36348196247000797,0.001620014298794718,0.01596213535789195
95.1159920595238,0.19418505642238734,0.43615008507547665,0.3663508905366508,0.0003433432987744792,0.002970624666710781
96.12786431547619,0.18099535216275503,0.4477891309876097,0.3328072443522168,0.002919750993853337,0.035488521503564824
97.13973657142857,0.17114660564546647,0.4756301523555514,0.34886770090257657,0.0003875321336199217,0.003968008962785729
98.15160882738095,0.16111556925178364,0.4915232366827216,0.3333161224515726,0.0010659384236668223,0.01297913319025514
99.16348108333334,0.15060479415827277,0.5154919327320948,0.3305759989115109,0.00027452970715269873,0.003052744490968902
100.17535333928572,0.14098106406725025,0.5299556072690881,0.3109083664372346,0.0011967363129754042,0.016958225913451804
101.18722559523809,0.1319427453439116,0.5537678538255133,0.3094846907793716,0.0003265480174494465,0.004478162033754203
102.19909785119047,0.1239769931892757,0.5650281372671754,0.28406515655053843,0.0015213804466246838,0.025408332546385772
103.21097010714286,0.11584356420561055,0.5905425441131511,0.28591927542610035,0.0004602210256352806,0.0072343952295026905
104.22284236309524,0.10945747671964678,0.607333302998944,0.2755786117450001,0.0004511822038432224,0.007179426332566019
105.23471461904762,0.1018452378550344,0.6285544884590104,0.2661485595256739,0.00020455504909413691,0.003247159111187186
106.246586875,0.09583279542999633,0.6409941115373352,0.24897247703288553,0.0006892452198350553,0.013511370779947717
107.25845913095237,0.08919104292916208,0.6611418963256994,0.24031917819701715,0.00044577719464626234,0.008902105353475142
108.27033138690476,0.08467603987346384,0.674921583617618,0.2265419810250034,0.0006110856039987988,0.013249309879916033
109.28220364285714,0.07901236211411056,0.693694040408689,0.2181198541069297,0.00039766390236435357,0.008776079467906529
110.29407589880952,0.07491217829048664,0.7105997584591954,0.21060026890431452,0.00017663283725802468,0.003711161508745351
111.30594815476191,0.07000347171620157,0.7270541417178811,0.1987117262384399,0.00018314550902005138,0.004047514818457426
112.31782041071429,0.0664513706545972,0.7389812888242537,0.186368926514053,0.0003128328539397842,0.007885581153156511
113.32969266666666,0.062191528818438285,0.7519758883455179,0.1734952698759293,0.00044121084083928084,0.011896102119275285
114.34156492261904,0.059507736544268865,0.7684829252440303,0.16691645302709998,0.0001807854004424645,0.00491209978415846
115.35343717857143,0.056152410598782135,0.7802462839042589,0.15581325809891697,0.00026660840033791933,0.007521438997703965
116.36530943452381,0.053521506724688625,0.7955183670801854,0.14883618073000376,7.511025538322205e-05,0.0020488352097389703
117.37718169047619,0.05070559188558227,0.8065603445513654,0.13767632963001303,0.000164907647947487,0.004892826285091935
118.38905394642858,0.04862270004354455,0.8185506545348811,0.12947138900692218,0.00010750571349474935,0.003247750701157408
119.40092620238096,0.046277063437868284,0.8246953106518797,0.11737394418357837,0.0003417342405293177,0.011311947486144164
120.41279845833333,0.04457794499816751,0.8410716518008161,0.11285485631236056,4.435289341778762e-05,0.0014511939952379196
121.42467071428571,0.04284890868031678,0.84831019916374,0.10373233834652121,0.0001462899925359505,0.004962263816886151
122.4365429702381,0.041234546718275956,0.86038876756104,0.09715768934911823,3.6726486274902385e-05,0.0011822698852911294
123.44841522619048,0.03979245266374411,0.8666917406790111,0.08845437473619769,0.00013686316048643928,0.0049245687605607765
124.46028748214286,0.03856352485459841,0.8776482234818669,0.08269567673026672,2.9590990086058396e-05,0.0010629839431820058
125.47215973809524,0.03744101889978537,0.8801045130414792,0.07408226018809255,0.00022036984417709294,0.008151838026465935
126.48403199404761,0.03640377972390334,0.8929645444921996,0.0697471256513646,2.3915100257441418e-05,0.0008606350322752821
127.49590425,0.03559612622546192,0.8980066907072157,0.06360922415076631,7.091183249546021e-05,0.002717047084060679
128.5077765059524,0.03469528772705548,0.9063662094361657,0.05820973786438052,1.8676205298928454e-05,0.0007100887670993946
129.51964876190476,0.034030319844528825,0.9095687816713907,0.05234530393714763,0.00010346905108928101,0.003952125495843484
130.53152101785713,0.03334971681345836,0.9177841253415373,0.048065479495576366,1.9992455633414164e-05,0.000780685893794555
131.54339327380953,0.03287706075270386,0.9195528016725026,0.042903389246587806,0.00011432857227392006,0.0045524197559320325
132.5552655297619,0.032334502602381056,0.9274800948797843,0.03914872698719023,2.6265703119627686e-05,0.001010409827524441
133.5671377857143,0.031980347377208826,0.9312768672891106,0.03537811009981531,3.428424535304674e-05,0.0013303909885118224
134.57901004166666,0.03155229472078476,0.9363264760273547,0.03157897493193454,1.247361082272042e-05,0.0005297807091030624
135.59088229761906,0.03128375986675272,0.9381109942854923,0.028076511315410058,6.163388784493072e-05,0.0024671006444997577
136.60275455357143,0.03096844168641122,0.9428190820208026,0.02508982488567406,2.8874506323140988e-05,0.0010937769007892035
137.6146268095238,0.030787336288481244,0.9449543385186918,0.02227391480749248,4.9178758843092566e-05,0.0019352316264913561
138.6264990654762,0.030576034103406022,0.948792541424858,0.019665299540108157,2.2560492510031145e-05,0.0009435644391176236
139.63837132142856,0.030435932584895603,0.9514340407191226,0.01749515641136848,1.5238743107199658e-05,0.0006196315415060919
140.65024357738096,0.030281287363350663,0.954001471279186,0.015194675877021422,1.28647398881686e-05,0.0005097007405536675
141.66211583333333,0.0301925767189962,0.9553061473604794,0.013321705147680087,2.8695215264115536e-05,0.001150875557580361
142.6739880892857,0.03009634150186164,0.9571819380205517,0.011537401616653682,2.9311591990082624e-05,0.0011550072689427465
143.6858603452381,0.0300412229176767,0.9592381502078317,0.010102818822571078,1.4964421497646579e-05,0.0006028436304228149
144.69773260119047,0.02999690095355121,0.9607128518678586,0.008639714762336385,1.5760384904506208e-05,0.0006347720313492319
145.70960485714286,0.02996208883512644,0.9622376230111527,0.007518880763158155,6.29211192484075e-06,0.0002751152786379621
146.72147711309523,0.029941182536430522,0.9632306220260937,0.006342622396593465,1.2119102556176405e-05,0.00047345393832628314
147.73334936904763,0.02992950162634838,0.964216644954926,0.005468899148392492,9.741672446729414e-06,0.0003752125978868164
148.745221625,0.029930853814919885,0.9646125947503916,0.004600688838756355,2.1127593034114867e-05,0.0008347350028977681
149.75709388095237,0.02993513062989235,0.9659633069082306,0.003956012074716327,2.9600991327086892e-06,0.00014259028802793974
150.76896613690477,0.029952662403911395,0.9664241602686515,0.003302745894866517,7.92025087165267e-06,0.0003125111816989168
151.78083839285713,0.02996481344974996,0.9670986155754845,0.0028297220106827583,2.6477960687731484e-06,0.00010420116801407263
152.79271064880953,0.029989350064926347,0.9673186548176742,0.002352995394950151,7.982010329321678e-06,0.00033101771212003207
153.8045829047619,0.030007870104241,0.9678780791191313,0.0020298954699794047,1.7817670285832574e-06,8.237353961991305e-05
154.8164551607143,0.030030726872741456,0.9678441807364146,0.001714045794154125,1.0924706133548338e-05,0.000400121890556418
155.82832741666667,0.0300565635687344,0.9684065392861709,0.0014945148632762564,9.283079196215161e-07,4.145397389863444e-05
156.84019967261904,0.03008266496676983,0.9685180813244443,0.0012866732532945562,2.4461020352443144e-06,0.00011013435345630417
157.85207192857143,0.030105557916866928,0.9687085219039419,0.0011544485685091289,7.456360177186873e-07,3.072597466443194e-05
158.8639441845238,0.030128383448309384,0.9686922810154117,0.001028167916143831,4.01294942383007e-06,0.00014715467071129296
159.8758164404762,0.030150582357183202,0.9688685429638618,0.0009582380480450094,3.9707296090727196e-07,2.2239557948915793e-05
160.88768869642857,0.030167816422211016,0.9688231968403217,0.0008960972069896523,2.6340787810367556e-06,0.00011025545169674642
161.89956095238097,0.030188242621900833,0.9689314562307324,0.0008615240993869041,4.980118239180655e-07,1.8279036155775662e-05
162.91143320833334,0.030203395031388663,0.9689371443693853,0.0008339493276063693,6.233200793118354e-07,2.4887951540319504e-05
163.9233054642857,0.030218373273330098,0.9689443525436636,0.0008286410510409295,9.101350337827554e-08,8.542118461675347e-06
164.9351777202381,0.03022865040387147,0.9689191137585322,0.0008231986279629983,6.915159297450643e-07,2.834569370330367e-05
165.94704997619047,0.030239266287237936,0.9689248970996814,0.0008276536118511852,1.8730016184942078e-07,7.99570106756521e-06
166.95892223214287,0.030245166390217557,0.9689120651034091,0.0008325568239274269,2.0265988375692345e-07,1.0009022562232354e-05
167.97079448809524,0.030251162423658766,0.9689065326760722,0.0008383961674790043,1.8384735300898896e-08,3.890348054842507e-06
168.9826667440476,0.03025376547893618,0.9689008657011953,0.0008423572593963295,2.2439718502378567e-08,2.9891207536639325e-06
169.994539,0.030254732697248175,0.9688981332568956,0.000844470436961869,8.322366332957692e-09,2.6552865281269224e-06
