Xgate_noise.py
Current Mountain Time: 2025-06-13 15:37:15.354072-06:00
num_cpus =  4 ;   n_job =  5
drive_phi= False ; drive_theta =  True ; truc =  300
hspace_len= 157
 hspace_charge = [
0, 1, 2, 4, 5, 7, 8, 11, 12, 16 ,
17, 18, 21, 23, 25, 27, 30, 31, 32, 33 ,
37, 38, 40, 41, 42, 45, 46, 47, 48, 51 ,
52, 56, 59, 62, 63, 64, 65, 67, 72, 73 ,
74, 76, 78, 79, 82, 83, 85, 87, 88, 90 ,
92, 93, 96, 97, 98, 102, 103, 106, 107, 112 ,
114, 118, 119, 120, 121, 122, 123, 124, 127, 128 ,
131, 132, 133, 134, 137, 138, 142, 143, 150, 151 ,
154, 155, 156, 157, 158, 161, 162, 163, 166, 170 ,
171, 174, 175, 176, 177, 179, 180, 186, 187, 188 ,
191, 192, 195, 196, 199, 202, 203, 206, 207, 208 ,
210, 213, 214, 218, 219, 220, 221, 222, 225, 226 ,
230, 231, 232, 236, 237, 238, 242, 243, 246, 247 ,
248, 251, 252, 258, 259, 260, 262, 263, 264, 270 ,
271, 274, 275, 279, 280, 281, 283, 284, 285, 288 ,
289, 290, 294, 296, 297, 298, 299 ,
]
params =
[15.074864, 0.303821, 0.065666, -0.036206, -0.016563] ,
[34.999249, 0.121737, 0.032287, 0.001883, 0.004348] ,
[55.267933, 0.073988, 0.020007, 0.001756, 0.002668] ,
[79.950621, 0.050323, 0.013699, 0.001008, 0.001432] ,
[119.917464, 0.033248, 0.00908, 0.000489, 0.000672] ,
gamma_decay_other =  5.882352941176471e-06 , gamma_dephase_other =  5.882352941176471e-06
T1_other = 170000.0 ns
Tphi_other = 170000.0 ns

f_ideal = [
-0.8906454796863686, -3.7728852130070125, -5.041233712054058, -5.826554357869655 ,
-6.304700284172778 ,
]
Current Mountain Time: 2025-06-13 15:37:31.598232-06:00
np.shape(jump_t1)= (12246, 157, 157) ; np.shape(jump_tphi)= (157, 157, 157)

f_ideal = np.array([
-0.8906454796863686, -3.7728852130070125, -5.041233712054058, -5.826554357869655 ,
-6.304700284172778 ,
])

f_noise = np.array([
-0.8904604187449506, -3.6911349543826275, -3.984849674773383, -3.8141472886797683 ,
-3.716158794767101 ,
])
drive_phi= False ; drive_theta =  True ; truc =  300
hspace_len= 157
Current Mountain Time: 2025-06-13 17:54:47.817033-06:00
818372.72user 96644.20system 2:17:38elapsed 11079%CPU (0avgtext+0avgdata 6836244maxresident)k
0inputs+16outputs (541major+13240614minor)pagefaults 0swaps
