Xgate_noise.py
Current Mountain Time: 2025-06-16 22:54:56.814291-06:00
drive_phi= False ; drive_theta = True ; n_full = 350
n_charge = 181
num_cpus =  4 ;   n_job =  5

hspace_charge (350\181) = np.array([
0, 1, 2, 4, 5, 7, 8, 11, 12, 16 ,
17, 18, 21, 23, 25, 27, 30, 31, 32, 33 ,
37, 38, 40, 41, 42, 45, 46, 47, 48, 51 ,
52, 56, 59, 62, 63, 64, 65, 67, 72, 73 ,
74, 76, 78, 79, 82, 83, 85, 87, 88, 90 ,
92, 93, 96, 97, 98, 102, 103, 106, 107, 112 ,
114, 118, 119, 120, 121, 122, 123, 124, 127, 128 ,
131, 132, 133, 134, 137, 138, 142, 143, 150, 151 ,
154, 155, 156, 157, 158, 161, 162, 163, 166, 170 ,
171, 174, 175, 176, 177, 179, 180, 186, 187, 188 ,
191, 192, 195, 196, 199, 202, 203, 206, 207, 208 ,
210, 213, 214, 218, 219, 220, 221, 222, 225, 226 ,
230, 231, 232, 236, 237, 238, 242, 243, 246, 247 ,
248, 251, 252, 258, 259, 260, 262, 263, 264, 270 ,
271, 274, 275, 279, 280, 281, 283, 284, 285, 288 ,
289, 290, 294, 296, 297, 298, 299, 300, 301, 302 ,
307, 308, 312, 313, 314, 315, 324, 325, 326, 327 ,
328, 333, 334, 337, 338, 339, 340, 345, 346, 347 ,
348 ,
])

params = np.array([
[15.074864, 0.303821, 0.065666, -0.036206, -0.016563] ,
[34.999249, 0.121737, 0.032287, 0.001883, 0.004348] ,
[55.267933, 0.073988, 0.020007, 0.001756, 0.002668] ,
[79.950621, 0.050323, 0.013699, 0.001008, 0.001432] ,
[119.917464, 0.033248, 0.00908, 0.000489, 0.000672] ,
])
T1 = Tphi = 170000.0 ns

f_ideal_181 = np.array([
-0.8894435183030804, -3.7740314663864702, -4.972461997150224, -5.79304130916251 ,
-6.234505290340139 ,
])
Current Mountain Time: 2025-06-16 22:55:24.262938-06:00

f_170us_181 = np.array([
-0.8892363422147926, -3.6630655038726117, -3.911777621846385, -3.8230675389802995 ,
-3.7317271419634994 ,
])
Current Mountain Time: 2025-06-17 03:17:36.454817-06:00
1842043.84user 251961.06system 4:22:42elapsed 13284%CPU (0avgtext+0avgdata 3024280maxresident)k
0inputs+16outputs (578major+38854948minor)pagefaults 0swaps
