Xgate_noise.py
Current Mountain Time: 2025-06-13 14:34:54.238947-06:00
num_cpus =  4 ;   n_job =  5
drive_phi= False ; drive_theta =  True ; truc =  250
hspace_len= 131
 hspace_charge = [
0, 1, 2, 4, 5, 7, 8, 11, 12, 16 ,
17, 18, 21, 23, 25, 27, 30, 31, 32, 33 ,
37, 38, 40, 41, 42, 45, 46, 47, 48, 51 ,
52, 56, 59, 62, 63, 64, 65, 67, 72, 73 ,
74, 76, 78, 79, 82, 83, 85, 87, 88, 90 ,
92, 93, 96, 97, 98, 102, 103, 106, 107, 112 ,
114, 118, 119, 120, 121, 122, 123, 124, 127, 128 ,
131, 132, 133, 134, 137, 138, 142, 143, 150, 151 ,
154, 155, 156, 157, 158, 161, 162, 163, 166, 170 ,
171, 174, 175, 176, 177, 179, 180, 186, 187, 188 ,
191, 192, 195, 196, 199, 202, 203, 206, 207, 208 ,
210, 213, 214, 218, 219, 220, 221, 222, 225, 226 ,
230, 231, 232, 236, 237, 238, 242, 243, 246, 247 ,
248 ,
]
params =
[15.074864, 0.303821, 0.065666, -0.036206, -0.016563] ,
[34.999249, 0.121737, 0.032287, 0.001883, 0.004348] ,
[55.267933, 0.073988, 0.020007, 0.001756, 0.002668] ,
[79.950621, 0.050323, 0.013699, 0.001008, 0.001432] ,
[119.917464, 0.033248, 0.00908, 0.000489, 0.000672] ,
gamma_decay_other =  5.882352941176471e-06 , gamma_dephase_other =  5.882352941176471e-06
T1_other = 170000.0 ns
Tphi_other = 170000.0 ns

f_ideal = [
-0.8899526270578597, -3.770946298533558, -5.085064189588203, -5.88818635660766 ,
-6.372963710092098 ,
]
Current Mountain Time: 2025-06-13 14:35:16.035487-06:00
np.shape(jump_t1)= (8515, 131, 131) ; np.shape(jump_tphi)= (131, 131, 131)

f_ideal = np.array([
-0.8899526270578597, -3.770946298533558, -5.085064189588203, -5.88818635660766 ,
-6.372963710092098 ,
])

f_noise = np.array([
-0.8896748560073189, -3.6739120135633607, -4.103107210095756, -3.8680271397941453 ,
-3.6676030066743746 ,
])
drive_phi= False ; drive_theta =  True ; truc =  250
hspace_len= 131
Current Mountain Time: 2025-06-13 15:33:56.557154-06:00
308447.95user 39329.47system 59:05.97elapsed 9807%CPU (0avgtext+0avgdata 3864564maxresident)k
0inputs+16outputs (86major+10637869minor)pagefaults 0swaps
