Xgate_noise.py
Current Mountain Time: 2025-06-16 14:41:39.319420-06:00
drive_phi= False ; drive_theta = True ; n_full = 250
n_charge = 131
num_cpus =  4 ;   n_job =  5

hspace_charge (250\131) = np.array([
0, 1, 2, 4, 5, 7, 8, 11, 12, 16 ,
17, 18, 21, 23, 25, 27, 30, 31, 32, 33 ,
37, 38, 40, 41, 42, 45, 46, 47, 48, 51 ,
52, 56, 59, 62, 63, 64, 65, 67, 72, 73 ,
74, 76, 78, 79, 82, 83, 85, 87, 88, 90 ,
92, 93, 96, 97, 98, 102, 103, 106, 107, 112 ,
114, 118, 119, 120, 121, 122, 123, 124, 127, 128 ,
131, 132, 133, 134, 137, 138, 142, 143, 150, 151 ,
154, 155, 156, 157, 158, 161, 162, 163, 166, 170 ,
171, 174, 175, 176, 177, 179, 180, 186, 187, 188 ,
191, 192, 195, 196, 199, 202, 203, 206, 207, 208 ,
210, 213, 214, 218, 219, 220, 221, 222, 225, 226 ,
230, 231, 232, 236, 237, 238, 242, 243, 246, 247 ,
248 ,
])

params = np.array([
[15.074864, 0.303821, 0.065666, -0.036206, -0.016563] ,
[34.999249, 0.121737, 0.032287, 0.001883, 0.004348] ,
[55.267933, 0.073988, 0.020007, 0.001756, 0.002668] ,
[79.950621, 0.050323, 0.013699, 0.001008, 0.001432] ,
[119.917464, 0.033248, 0.00908, 0.000489, 0.000672] ,
])
T1 = Tphi = 170000.0 ns

f_ideal_131 = np.array([
-0.8899526270578597, -3.770946298533558, -5.085064189588203, -5.88818635660766 ,
-6.372963710092098 ,
])
Current Mountain Time: 2025-06-16 14:42:25.902527-06:00

f_170us_131 = np.array([
-0.8896748560090969, -3.6739120135665466, -4.103107210110429, -3.868027139808378 ,
-3.667603006679309 ,
])
Current Mountain Time: 2025-06-16 16:33:35.858144-06:00
353464.96user 55740.21system 1:52:00elapsed 6088%CPU (0avgtext+0avgdata 1714700maxresident)k
0inputs+16outputs (3major+13346102minor)pagefaults 0swaps
