Xgate_noise.py
Current Mountain Time: 2025-06-30 23:31:16.492563-06:00
drive_phi= False ; drive_theta = True ; n_full = 150 ; charge_truc = False
T1 = Tphi = 170 μs
Ideal: max_step = 0.0003, nsteps = 3333.3333333333335
Noisy: max_step = 0.0001, nsteps = 10000.0
n_hspace = 150
num_cpus =  4 ;   n_job =  1

hspace (150\150) = np.array([
0, 1, 2, 3, 4, 5, 6, 7, 8, 9 ,
10, 11, 12, 13, 14, 15, 16, 17, 18, 19 ,
20, 21, 22, 23, 24, 25, 26, 27, 28, 29 ,
30, 31, 32, 33, 34, 35, 36, 37, 38, 39 ,
40, 41, 42, 43, 44, 45, 46, 47, 48, 49 ,
50, 51, 52, 53, 54, 55, 56, 57, 58, 59 ,
60, 61, 62, 63, 64, 65, 66, 67, 68, 69 ,
70, 71, 72, 73, 74, 75, 76, 77, 78, 79 ,
80, 81, 82, 83, 84, 85, 86, 87, 88, 89 ,
90, 91, 92, 93, 94, 95, 96, 97, 98, 99 ,
100, 101, 102, 103, 104, 105, 106, 107, 108, 109 ,
110, 111, 112, 113, 114, 115, 116, 117, 118, 119 ,
120, 121, 122, 123, 124, 125, 126, 127, 128, 129 ,
130, 131, 132, 133, 134, 135, 136, 137, 138, 139 ,
140, 141, 142, 143, 144, 145, 146, 147, 148, 149 ,
])

params = np.array([
[50.273181, 0.081831, 0.022089, 0.001944, 0.003051] ,
])

f_ideal_150 = np.array([
-4.714346188997458 ,
])
Current Mountain Time: 2025-06-30 23:31:28.685486-06:00

f_170us_150 = np.array([
-3.8388854720634136 ,
])
Current Mountain Time: 2025-07-01 01:18:01.166144-06:00
448826.73user 39529.95system 1:46:47elapsed 7621%CPU (0avgtext+0avgdata 1126660maxresident)k
0inputs+24outputs (49major+3289879minor)pagefaults 0swaps
