run_2q_fidelity.py

Current China Time: 2026-04-17 17:10:39.760132+08:00

============================================================
 Configuration 
============================================================

[cz_run]
    False

[n_truc_list]
    type: np.ndarray, shape=(2,)
    preview: [240, 900]

[reduced_model]
    charge_pick

[calculate_ideal]
    True

[calculate_noise]
    False

[max_step_ideal]
    0.001

[max_step_noisy]
    0.001

[num_cpus]
    4

[folder_load]
    ../data/Two_qubit_data_Sorted_Truc

[tg_list]
    type: np.ndarray, shape=(26,)
    preview: [0, 1, 2, 3, 4, 5, 6, 7, 8, 9, 10, 11, 12, 13, 14, 15, 16, 17, 18, 19, 20, 21, 22, 23, 24, 25]

[params]
    type: np.ndarray, shape=(26, 5)
      [29.994376, 0.099205, 0.057109, -0.028523, -0.027362]
      [40.003004, 0.096609, 0.049579, -0.028325, -0.026694]
      [50.009627, 0.086208, 0.045334, -0.026182, -0.024551]
      [59.995626, 0.077544, 0.041816, -0.024491, -0.02316]
      [70.001584, 0.070142, 0.037217, -0.020717, -0.019962]
      [79.999318, 0.064654, 0.035147, -0.019493, -0.019465]
      [90.004152, 0.05837, 0.033131, -0.016679, -0.016419]
      [99.993121, 0.054087, 0.03088, -0.01407, -0.013906]
      [110.006914, 0.04942, 0.029523, -0.012467, -0.012274]
      [120.002847, 0.046972, 0.028541, -0.012215, -0.011723]
      [130.008905, 0.044967, 0.027755, -0.011844, -0.011358]
      [140.001622, 0.043144, 0.027082, -0.011653, -0.011332]
      [150.007858, 0.039792, 0.025436, -0.010327, -0.00999]
      [159.993478, 0.037136, 0.023904, -0.00912, -0.008799]
      [169.994539, 0.035013, 0.022727, -0.008229, -0.007889]
      [179.994327, 0.032879, 0.021406, -0.007326, -0.006974]
      [190.005655, 0.031012, 0.020307, -0.006613, -0.006325]
      [199.99683, 0.029348, 0.019253, -0.005939, -0.005642]
      [209.999963, 0.027811, 0.018316, -0.005361, -0.005105]
      [220.001258, 0.026491, 0.017488, -0.004918, -0.004691]
      [229.990815, 0.025142, 0.016545, -0.00441, -0.004176]
      [240.00977, 0.024099, 0.015795, -0.003997, -0.003807]
      [249.998675, 0.02298, 0.015082, -0.003623, -0.003456]
      [260.001744, 0.021969, 0.014451, -0.003319, -0.003154]
      [269.992401, 0.021155, 0.013872, -0.003069, -0.002914]
      [279.998122, 0.020361, 0.013365, -0.00284, -0.002704]

[n_job]
    10

============================================================


params = np.array([
[29.994376, 0.099205, 0.057109, -0.028523, -0.027362] ,
[40.003004, 0.096609, 0.049579, -0.028325, -0.026694] ,
[50.009627, 0.086208, 0.045334, -0.026182, -0.024551] ,
[59.995626, 0.077544, 0.041816, -0.024491, -0.02316] ,
[70.001584, 0.070142, 0.037217, -0.020717, -0.019962] ,
[79.999318, 0.064654, 0.035147, -0.019493, -0.019465] ,
[90.004152, 0.05837, 0.033131, -0.016679, -0.016419] ,
[99.993121, 0.054087, 0.03088, -0.01407, -0.013906] ,
[110.006914, 0.04942, 0.029523, -0.012467, -0.012274] ,
[120.002847, 0.046972, 0.028541, -0.012215, -0.011723] ,
[130.008905, 0.044967, 0.027755, -0.011844, -0.011358] ,
[140.001622, 0.043144, 0.027082, -0.011653, -0.011332] ,
[150.007858, 0.039792, 0.025436, -0.010327, -0.00999] ,
[159.993478, 0.037136, 0.023904, -0.00912, -0.008799] ,
[169.994539, 0.035013, 0.022727, -0.008229, -0.007889] ,
[179.994327, 0.032879, 0.021406, -0.007326, -0.006974] ,
[190.005655, 0.031012, 0.020307, -0.006613, -0.006325] ,
[199.99683, 0.029348, 0.019253, -0.005939, -0.005642] ,
[209.999963, 0.027811, 0.018316, -0.005361, -0.005105] ,
[220.001258, 0.026491, 0.017488, -0.004918, -0.004691] ,
[229.990815, 0.025142, 0.016545, -0.00441, -0.004176] ,

[240.00977, 0.024099, 0.015795, -0.003997, -0.003807] ,
[249.998675, 0.02298, 0.015082, -0.003623, -0.003456] ,
[260.001744, 0.021969, 0.014451, -0.003319, -0.003154] ,
[269.992401, 0.021155, 0.013872, -0.003069, -0.002914] ,
[279.998122, 0.020361, 0.013365, -0.00284, -0.002704] ,
])

===== n_truc = 240 =====

f_ideal_240 = np.array([
-0.30967251, -0.40321105, -0.51562752, -0.63923392 ,
-0.75947252, -0.85570279, -0.91059060, -0.99373894 ,
-1.13597295, -1.32154475, -1.52463534, -1.70986938 ,
-1.83630300, -1.96955216, -2.14704127, -2.31576856 ,
-2.46712517, -2.62124733, -2.76459495, -2.86760549 ,
-2.95367132, -3.04656974, -3.11996990, -3.17418933 ,
-3.23699133, -3.30081071 ,
])

Current China Time: 2026-04-17 17:14:28.953591+08:00

===== n_truc = 900 =====

f_ideal_900 = np.array([
-0.32794895, -0.41709319, -0.51268723, -0.61131634 ,
-0.71994172, -0.81234891, -0.89538730, -0.99493024 ,
-1.14472710, -1.33202119, -1.53847605, -1.72231631 ,
-1.84720126, -1.98006537, -2.15758196, -2.32386236 ,
-2.47221001, -2.62375170, -2.76609934, -2.86825002 ,
-2.95713865, -3.04857785, -3.12120434, -3.17544444 ,
-3.23956354, -3.30184801 ,
])

Current China Time: 2026-04-17 18:15:19.435311+08:00

fidelity_list = np.array([
[-0.30967251433521026, -0.40321104953155307, -0.5156275229752466, -0.6392339161943782, -0.7594725221386042, -0.8557027932103871, -0.9105906033112, -0.9937389354394224, -1.1359729460977146, -1.3215447484866236, -1.5246353441406713, -1.709869377316577, -1.8363030045761486, -1.9695521633895876, -2.1470412694962726, -2.3157685588400287, -2.4671251654926034, -2.6212473339874838, -2.7645949515020165, -2.8676054858368687, -2.95367132400031, -3.0465697395424116, -3.119969904258599, -3.174189332952913, -3.2369913290357633, -3.3008107079762885] ,
[-0.32794894974427635, -0.41709319283090573, -0.5126872335295855, -0.6113163441334036, -0.719941719476141, -0.8123489095634007, -0.895387296219702, -0.9949302440367772, -1.1447270992640726, -1.3320211881356774, -1.5384760515519795, -1.722316313981116, -1.8472012574058758, -1.9800653743360366, -2.157581955239744, -2.323862358427137, -2.472210010493919, -2.6237516993082526, -2.766099336098979, -2.868250015238769, -2.9571386521504324, -3.048577845178799, -3.121204340405014, -3.1754444364557153, -3.2395635350734775, -3.3018480089060422] ,
])
101668.77user 210.02system 1:04:43elapsed 2623%CPU (0avgtext+0avgdata 2114452maxresident)k
0inputs+24outputs (431major+31587433minor)pagefaults 0swaps
