Xgate_noise.py
Current Mountain Time: 2025-06-14 13:31:43.198070-06:00
num_cpus =  4 ;   n_job =  5
drive_phi= True ; drive_theta =  False ; truc =  300
hspace_len= 160
 hspace_charge = [
0, 2, 3, 4, 8, 9, 10, 11, 15, 16 ,
18, 19, 20, 23, 24, 25, 28, 31, 33, 35 ,
37, 39, 40, 42, 43, 46, 47, 49, 51, 53 ,
55, 56, 57, 60, 62, 64, 66, 67, 69, 70 ,
73, 76, 77, 79, 81, 83, 85, 86, 88, 91 ,
92, 95, 96, 98, 100, 101, 102, 104, 106, 108 ,
110, 112, 113, 116, 118, 120, 121, 123, 126, 128 ,
130, 132, 133, 136, 137, 139, 141, 143, 145, 146 ,
148, 151, 153, 154, 156, 158, 159, 162, 164, 166 ,
167, 169, 170, 173, 174, 176, 179, 181, 183, 185 ,
186, 188, 190, 192, 194, 196, 198, 200, 202, 205 ,
206, 208, 209, 212, 213, 216, 218, 220, 222, 223 ,
226, 227, 229, 230, 232, 234, 237, 239, 241, 242 ,
245, 246, 248, 250, 252, 253, 255, 257, 259, 262 ,
264, 265, 267, 269, 271, 273, 275, 277, 279, 281 ,
282, 283, 286, 288, 290, 291, 293, 294, 297, 299 ,
]
params =
[30.002512, 0.222626, 0.201971, 0.389445, 0.425332] ,
[70.001044, 0.209788, 0.131851, 0.353189, 0.36997] ,
[110.009928, 0.211658, 0.106989, 0.341806, 0.362874] ,
[150.002399, 0.205268, 0.094552, 0.339607, 0.355509] ,
[190.009275, 0.209698, 0.083495, 0.335382, 0.359146] ,
gamma_decay_other =  5.882352941176471e-06 , gamma_dephase_other =  5.882352941176471e-06
T1_other = 170000.0 ns
Tphi_other = 170000.0 ns

f_ideal_160 = np.array([
-0.7521624851391499, -1.6381383776465843, -1.904842242054972, -2.456256060198235 ,
-2.62047830820094 ,
])
Current Mountain Time: 2025-06-14 13:32:04.625413-06:00
np.shape(jump_t1)= (12720, 160, 160) ; np.shape(jump_tphi)= (160, 160, 160)

f_ideal_160 = np.array([
-0.7521624851391499, -1.6381383776465843, -1.904842242054972, -2.456256060198235 ,
-2.62047830820094 ,
])

f_170us_160 = np.array([
-0.756134111284227, -1.6045536416984125, -1.8185039732520467, -2.129465901288052 ,
-2.135458403068922 ,
])
drive_phi= True ; drive_theta =  False ; truc =  300
hspace_len= 160
Current Mountain Time: 2025-06-14 16:20:41.510953-06:00
1663372.48user 222355.75system 2:49:00elapsed 18595%CPU (0avgtext+0avgdata 7274164maxresident)k
0inputs+16outputs (509major+17521226minor)pagefaults 0swaps
